540	541	542	543	1	 1.960409585e+02 2.408400357e-01 1
540	541	542	543	1	 5.881228754e+02 1.204200179e-01 3
540	541	542	551	1	 1.426312737e+01 2.408400357e-01 1
540	541	542	551	1	 4.278938212e+01 1.204200179e-01 3
540	541	544	545	1	 2.412415728e+02 2.408400357e-01 1
540	541	544	545	1	 7.237247185e+02 1.204200179e-01 3
540	542	541	544	2	 1.238312814e+02 1.000000000e+01
541	542	551	552	2	 1.747105924e+02 5.000000000e+00
541	544	545	546	1	 9.393077443e+01 2.408400357e-01 1
541	544	545	546	1	 2.817923233e+02 1.204200179e-01 3
541	544	545	547	1	 2.774975722e+02 2.408400357e-01 1
541	544	545	547	1	 8.324927167e+02 1.204200179e-01 3
542	541	544	545	1	 1.180237643e+02 2.408400357e-01 1
542	541	544	545	1	 3.540712928e+02 1.204200179e-01 3
542	551	552	553	1	 1.205744450e+01 4.816800715e-01 1
542	551	552	553	1	 3.617233351e+01 2.408400357e-01 3
542	551	552	555	1	 2.492584225e+02 4.816800715e-01 1
542	551	552	555	1	 7.477752674e+02 2.408400357e-01 3
543	541	542	551	2	 1.782221689e+02 1.000000000e+01
543	542	541	544	1	 3.198722398e+02 2.408400357e-01 1
543	542	541	544	1	 9.596167195e+02 1.204200179e-01 3
543	542	551	552	2	 3.528342812e+02 5.000000000e+00
544	541	542	551	1	 1.380944087e+02 2.408400357e-01 1
544	541	542	551	1	 4.142832262e+02 1.204200179e-01 3
544	545	546	548	2	 1.809264446e+02 2.000000000e+01
544	545	547	549	2	 1.791285208e+02 2.000000000e+01
545	546	548	550	2	 1.440012179e+00 4.000000000e+01
545	547	549	550	2	 3.583991842e+02 4.000000000e+01
546	545	547	549	2	 2.628670547e+00 2.000000000e+01
546	548	550	549	2	 3.596490207e+02 4.000000000e+01
547	545	546	548	2	 3.574465117e+02 2.000000000e+01
547	549	550	548	2	 4.332494119e-01 4.000000000e+01
551	552	553	554	1	 1.382036046e+02 2.408400357e-01 1
551	552	553	554	1	 4.146108137e+02 1.204200179e-01 3
551	552	553	559	1	 3.181479067e+02 2.408400357e-01 1
551	552	553	559	1	 9.544437200e+02 1.204200179e-01 3
551	552	555	556	1	 2.308131509e+02 2.408400357e-01 1
551	552	555	556	1	 6.924394527e+02 1.204200179e-01 3
551	553	552	555	2	 1.229268698e+02 1.000000000e+01
552	553	559	560	2	 1.837271558e+02 5.000000000e+00
552	555	556	557	1	 2.754520880e+02 2.408400357e-01 1
552	555	556	557	1	 8.263562641e+02 1.204200179e-01 3
552	555	556	558	1	 3.804630189e+01 2.408400357e-01 1
552	555	556	558	1	 1.141389057e+02 1.204200179e-01 3
553	552	555	556	1	 1.093375697e+02 2.408400357e-01 1
553	552	555	556	1	 3.280127090e+02 1.204200179e-01 3
553	559	560	561	1	 5.426457082e+01 4.816800715e-01 1
553	559	560	561	1	 1.627937125e+02 2.408400357e-01 3
553	559	560	563	1	 2.937387701e+02 4.816800715e-01 1
553	559	560	563	1	 8.812163104e+02 2.408400357e-01 3
554	552	553	559	2	 1.799443021e+02 1.000000000e+01
554	553	552	555	1	 2.611304743e+02 2.408400357e-01 1
554	553	552	555	1	 7.833914230e+02 1.204200179e-01 3
554	553	559	560	2	 3.669522997e+00 5.000000000e+00
555	552	553	559	1	 8.107477646e+01 2.408400357e-01 1
555	552	553	559	1	 2.432243294e+02 1.204200179e-01 3
555	556	557	558	2	 1.223852847e+02 1.000000000e+01
559	560	561	562	1	 1.418924803e+02 2.408400357e-01 1
559	560	561	562	1	 4.256774410e+02 1.204200179e-01 3
559	560	561	567	1	 3.261063564e+02 2.408400357e-01 1
559	560	561	567	1	 9.783190692e+02 1.204200179e-01 3
559	560	563	564	1	 1.157194475e+02 2.408400357e-01 1
559	560	563	564	1	 3.471583425e+02 1.204200179e-01 3
559	561	560	563	2	 1.224456605e+02 1.000000000e+01
560	561	567	568	2	 1.803931349e+02 5.000000000e+00
560	563	564	565	1	 1.453287255e+02 2.408400357e-01 1
560	563	564	565	1	 4.359861766e+02 1.204200179e-01 3
560	563	564	566	1	 3.269072904e+02 2.408400357e-01 1
560	563	564	566	1	 9.807218711e+02 1.204200179e-01 3
561	560	563	564	1	 3.537621776e+02 2.408400357e-01 1
561	560	563	564	1	 1.061286533e+03 1.204200179e-01 3
561	567	568	569	1	 2.292066411e+02 4.816800715e-01 1
561	567	568	569	1	 6.876199232e+02 2.408400357e-01 3
561	567	568	571	1	 1.042376606e+02 4.816800715e-01 1
561	567	568	571	1	 3.127129817e+02 2.408400357e-01 3
562	560	561	567	2	 1.842138760e+02 1.000000000e+01
562	561	560	563	1	 2.643381409e+02 2.408400357e-01 1
562	561	560	563	1	 7.930144226e+02 1.204200179e-01 3
562	561	567	568	2	 4.788786702e+00 5.000000000e+00
563	560	561	567	1	 8.855201691e+01 2.408400357e-01 1
563	560	561	567	1	 2.656560507e+02 1.204200179e-01 3
567	568	569	570	1	 6.618791867e+01 2.408400357e-01 1
567	568	569	570	1	 1.985637560e+02 1.204200179e-01 3
567	568	569	573	1	 2.450808960e+02 2.408400357e-01 1
567	568	569	573	1	 7.352426881e+02 1.204200179e-01 3
567	568	571	572	1	 1.142379216e+01 2.408400357e-01 1
567	568	571	572	1	 3.427137648e+01 1.204200179e-01 3
567	569	568	571	2	 1.245022600e+02 1.000000000e+01
568	569	573	574	2	 1.850062268e+02 5.000000000e+00
569	568	571	572	1	 2.467728604e+02 2.408400357e-01 1
569	568	571	572	1	 7.403185813e+02 1.204200179e-01 3
569	573	574	575	1	 8.030506858e+01 4.816800715e-01 1
569	573	574	575	1	 2.409152057e+02 2.408400357e-01 3
569	573	574	577	1	 3.219568406e+02 4.816800715e-01 1
569	573	574	577	1	 9.658705218e+02 2.408400357e-01 3
570	568	569	573	2	 1.788929774e+02 1.000000000e+01
570	569	568	571	1	 1.906901787e+02 2.408400357e-01 1
570	569	568	571	1	 5.720705361e+02 1.204200179e-01 3
570	569	573	574	2	 3.897845091e+00 5.000000000e+00
571	568	569	573	1	 9.583156066e+00 2.408400357e-01 1
571	568	569	573	1	 2.874946820e+01 1.204200179e-01 3
573	574	575	576	1	 1.383375551e+02 2.408400357e-01 1
573	574	575	576	1	 4.150126653e+02 1.204200179e-01 3
573	574	575	585	1	 3.177561108e+02 2.408400357e-01 1
573	574	575	585	1	 9.532683323e+02 1.204200179e-01 3
573	574	577	578	1	 1.633057826e+00 2.408400357e-01 1
573	574	577	578	1	 4.899173477e+00 1.204200179e-01 3
573	575	574	577	2	 1.186549196e+02 1.000000000e+01
574	575	585	586	2	 1.674649500e+02 5.000000000e+00
574	577	578	579	1	 2.747235162e+02 2.408400357e-01 1
574	577	578	579	1	 8.241705487e+02 1.204200179e-01 3
574	577	578	580	1	 9.416511080e+01 2.408400357e-01 1
574	577	578	580	1	 2.824953324e+02 1.204200179e-01 3
575	574	577	578	1	 2.441501724e+02 2.408400357e-01 1
575	574	577	578	1	 7.324505172e+02 1.204200179e-01 3
575	585	586	587	1	 5.956402023e+01 4.816800715e-01 1
575	585	586	587	1	 1.786920607e+02 2.408400357e-01 3
575	585	586	589	1	 2.974417766e+02 4.816800715e-01 1
575	585	586	589	1	 8.923253299e+02 2.408400357e-01 3
576	574	575	585	2	 1.794185557e+02 1.000000000e+01
576	575	574	577	1	 2.569924747e+02 2.408400357e-01 1
576	575	574	577	1	 7.709774242e+02 1.204200179e-01 3
576	575	585	586	2	 3.468682038e+02 5.000000000e+00
577	574	575	585	1	 7.641103040e+01 2.408400357e-01 1
577	574	575	585	1	 2.292330912e+02 1.204200179e-01 3
577	578	579	581	2	 1.780842710e+02 2.000000000e+01
577	578	580	582	2	 1.808784261e+02 2.000000000e+01
578	579	581	583	2	 1.827247221e+00 4.000000000e+01
578	580	582	583	2	 2.448286610e-01 4.000000000e+01
579	578	580	582	2	 3.371198681e-01 2.000000000e+01
579	581	583	582	2	 3.587790229e+02 2.000000000e+01
579	581	583	584	2	 1.791288489e+02 2.000000000e+01
580	578	579	581	2	 3.586261302e+02 2.000000000e+01
580	582	583	581	2	 1.988046542e-01 2.000000000e+01
580	582	583	584	2	 1.798508316e+02 2.000000000e+01
585	586	587	588	1	 1.352903950e+02 2.408400357e-01 1
585	586	587	588	1	 4.058711849e+02 1.204200179e-01 3
585	586	587	592	1	 3.150531300e+02 2.408400357e-01 1
585	586	587	592	1	 9.451593900e+02 1.204200179e-01 3
585	586	589	590	1	 3.423833158e+00 1.204200179e-01 1
585	586	589	590	1	 1.027149947e+01 6.021000894e-02 3
585	586	589	591	1	 1.251217170e+02 1.204200179e-01 1
585	586	589	591	1	 3.753651510e+02 6.021000894e-02 3
585	587	586	589	2	 1.227007368e+02 1.000000000e+01
586	587	592	593	2	 1.574861571e+02 5.000000000e+00
586	589	590	591	2	 1.219635658e+02 1.000000000e+01
587	586	589	590	1	 2.431099819e+02 1.204200179e-01 1
587	586	589	590	1	 7.293299458e+02 6.021000894e-02 3
587	586	589	591	1	 4.807865777e+00 1.204200179e-01 1
587	586	589	591	1	 1.442359733e+01 6.021000894e-02 3
587	592	593	594	1	 7.359744330e+01 4.816800715e-01 1
587	592	593	594	1	 2.207923299e+02 2.408400357e-01 3
587	592	593	596	1	 3.118653606e+02 4.816800715e-01 1
587	592	593	596	1	 9.355960819e+02 2.408400357e-01 3
588	586	587	592	2	 1.797627350e+02 1.000000000e+01
588	587	586	589	1	 2.579911317e+02 2.408400357e-01 1
588	587	586	589	1	 7.739733952e+02 1.204200179e-01 3
588	587	592	593	2	 3.372421349e+02 5.000000000e+00
589	586	587	592	1	 7.775386677e+01 2.408400357e-01 1
589	586	587	592	1	 2.332616003e+02 1.204200179e-01 3
592	593	594	595	1	 1.518270942e+02 2.408400357e-01 1
592	593	594	595	1	 4.554812826e+02 1.204200179e-01 3
592	593	594	598	1	 3.311934395e+02 2.408400357e-01 1
592	593	594	598	1	 9.935803184e+02 1.204200179e-01 3
592	593	596	597	1	 1.890475625e-01 2.408400357e-01 1
592	593	596	597	1	 5.671426874e-01 1.204200179e-01 3
592	594	593	596	2	 1.224721984e+02 1.000000000e+01
593	594	598	599	2	 2.004480122e+02 5.000000000e+00
594	593	596	597	1	 2.407357400e+02 2.408400357e-01 1
594	593	596	597	1	 7.222072201e+02 1.204200179e-01 3
594	598	599	600	1	 1.264689447e+02 9.633601430e-01 1
594	598	599	600	1	 3.794068342e+02 4.816800715e-01 3
595	593	594	598	2	 1.793663453e+02 1.000000000e+01
595	594	593	596	1	 2.742992926e+02 2.408400357e-01 1
595	594	593	596	1	 8.228978779e+02 1.204200179e-01 3
595	594	598	599	2	 1.979072352e+01 5.000000000e+00
596	593	594	598	1	 9.366563790e+01 2.408400357e-01 1
596	593	594	598	1	 2.809969137e+02 1.204200179e-01 3
598	599	600	601	1	 1.108166685e+02 4.816800715e-01 1
598	599	600	601	1	 3.324500055e+02 2.408400357e-01 3
598	599	600	602	1	 2.910769912e+02 4.816800715e-01 1
598	599	600	602	1	 8.732309736e+02 2.408400357e-01 3
599	600	602	603	2	 1.844570206e+02 5.000000000e+00
600	602	603	604	1	 7.606068832e+01 4.816800715e-01 1
600	602	603	604	1	 2.281820650e+02 2.408400357e-01 3
600	602	603	606	1	 3.124871138e+02 4.816800715e-01 1
600	602	603	606	1	 9.374613413e+02 2.408400357e-01 3
601	599	600	602	2	 1.802603227e+02 1.000000000e+01
601	600	602	603	2	 4.722506715e+00 5.000000000e+00
602	603	604	605	1	 1.366020692e+02 2.408400357e-01 1
602	603	604	605	1	 4.098062075e+02 1.204200179e-01 3
602	603	604	613	1	 3.115980589e+02 2.408400357e-01 1
602	603	604	613	1	 9.347941766e+02 1.204200179e-01 3
602	603	606	607	1	 2.502164210e+02 2.408400357e-01 1
602	603	606	607	1	 7.506492631e+02 1.204200179e-01 3
602	604	603	606	2	 1.230819790e+02 1.000000000e+01
603	604	613	614	2	 1.768880213e+02 5.000000000e+00
603	606	607	608	1	 9.571615666e+01 2.408400357e-01 1
603	606	607	608	1	 2.871484700e+02 1.204200179e-01 3
603	606	607	609	1	 2.801734105e+02 2.408400357e-01 1
603	606	607	609	1	 8.405202315e+02 1.204200179e-01 3
604	603	606	607	1	 1.281837011e+02 2.408400357e-01 1
604	603	606	607	1	 3.845511034e+02 1.204200179e-01 3
604	613	614	615	1	 8.420804375e+01 4.816800715e-01 1
604	613	614	615	1	 2.526241312e+02 2.408400357e-01 3
604	613	614	617	1	 3.243917743e+02 4.816800715e-01 1
604	613	614	617	1	 9.731753229e+02 2.408400357e-01 3
605	603	604	613	2	 1.749959897e+02 1.000000000e+01
605	604	603	606	1	 2.596840481e+02 2.408400357e-01 1
605	604	603	606	1	 7.790521444e+02 1.204200179e-01 3
605	604	613	614	2	 3.517265136e+02 5.000000000e+00
606	603	604	613	1	 7.468003784e+01 2.408400357e-01 1
606	603	604	613	1	 2.240401135e+02 1.204200179e-01 3
606	607	608	610	2	 1.818005020e+02 2.000000000e+01
606	607	609	611	2	 1.785124996e+02 2.000000000e+01
607	608	610	612	2	 1.223375487e+00 4.000000000e+01
607	609	611	612	2	 3.582097358e+02 4.000000000e+01
608	607	609	611	2	 2.871125924e+00 2.000000000e+01
608	610	612	611	2	 3.599075471e+02 4.000000000e+01
609	607	608	610	2	 3.574246196e+02 2.000000000e+01
609	611	612	610	2	 3.732858355e-01 4.000000000e+01
613	614	615	616	1	 1.074394540e+02 2.408400357e-01 1
613	614	615	616	1	 3.223183620e+02 1.204200179e-01 3
613	614	615	623	1	 2.903923643e+02 2.408400357e-01 1
613	614	615	623	1	 8.711770930e+02 1.204200179e-01 3
613	614	617	618	1	 1.293787142e+02 2.408400357e-01 1
613	614	617	618	1	 3.881361427e+02 1.204200179e-01 3
613	615	614	617	2	 1.191496933e+02 1.000000000e+01
614	615	623	624	2	 1.564623587e+02 2.500000000e+00
614	615	623	629	2	 3.168279184e+02 2.500000000e+00
614	617	618	619	1	 2.683617934e+02 2.408400357e-01 1
614	617	618	619	1	 8.050853803e+02 1.204200179e-01 3
614	617	618	620	1	 8.823805598e+01 2.408400357e-01 1
614	617	618	620	1	 2.647141680e+02 1.204200179e-01 3
615	614	617	618	1	 9.424673744e+00 2.408400357e-01 1
615	614	617	618	1	 2.827402123e+01 1.204200179e-01 3
615	623	624	625	2	 2.741993080e+02 1.000000000e+01
615	623	624	627	2	 1.545641240e+02 1.000000000e+01
615	623	629	628	2	 1.863753368e+02 2.000000000e+01
616	614	615	623	2	 1.829529103e+02 1.000000000e+01
616	615	614	617	1	 2.265891473e+02 2.408400357e-01 1
616	615	614	617	1	 6.797674420e+02 1.204200179e-01 3
616	615	623	624	2	 3.394683788e+02 2.500000000e+00
616	615	623	629	2	 1.398339385e+02 2.500000000e+00
617	614	615	623	1	 4.954205767e+01 2.408400357e-01 1
617	614	615	623	1	 1.486261730e+02 1.204200179e-01 3
617	618	619	621	2	 1.795750164e+02 2.000000000e+01
617	618	620	622	2	 1.802782929e+02 2.000000000e+01
618	619	621	622	2	 3.595723789e-01 4.000000000e+01
618	620	622	621	2	 4.260327808e-02 4.000000000e+01
619	618	620	622	2	 1.697648375e-01 2.000000000e+01
619	621	622	620	2	 3.597512532e+02 4.000000000e+01
620	618	619	621	2	 3.596716511e+02 2.000000000e+01
623	624	625	626	1	 1.455301806e+02 2.408400357e-01 1
623	624	625	626	1	 4.365905417e+02 1.204200179e-01 3
623	624	625	630	1	 3.242360990e+02 2.408400357e-01 1
623	624	625	630	1	 9.727082971e+02 1.204200179e-01 3
623	624	627	628	2	 2.659467619e+01 2.000000000e+01
623	625	624	627	2	 1.147654067e+02 1.000000000e+01
623	629	628	627	2	 2.913333523e+01 4.000000000e+01
624	623	629	628	2	 3.482053825e+02 2.000000000e+01
624	625	630	631	2	 1.599845119e+02 5.000000000e+00
624	627	628	629	2	 3.250398398e+02 4.000000000e+01
625	624	623	629	2	 1.108998182e+02 1.000000000e+01
625	624	627	628	2	 2.663884127e+02 2.000000000e+01
625	630	631	632	1	 2.438682012e+02 4.816800715e-01 1
625	630	631	632	1	 7.316046035e+02 2.408400357e-01 3
625	630	631	634	1	 1.201017939e+02 4.816800715e-01 1
625	630	631	634	1	 3.603053817e+02 2.408400357e-01 3
626	624	625	630	2	 1.787059185e+02 1.000000000e+01
626	625	624	627	1	 2.602955872e+02 2.408400357e-01 1
626	625	624	627	1	 7.808867617e+02 1.204200179e-01 3
626	625	630	631	2	 3.386580430e+02 5.000000000e+00
627	624	623	629	2	 3.512646342e+02 1.000000000e+01
627	624	625	630	1	 7.900150569e+01 2.408400357e-01 1
627	624	625	630	1	 2.370045171e+02 1.204200179e-01 3
630	631	632	633	1	 2.322665603e+01 2.408400357e-01 1
630	631	632	633	1	 6.967996808e+01 1.204200179e-01 3
630	631	632	636	1	 2.035591277e+02 2.408400357e-01 1
630	631	632	636	1	 6.106773832e+02 1.204200179e-01 3
630	631	634	635	1	 1.176849335e+02 2.408400357e-01 1
630	631	634	635	1	 3.530548004e+02 1.204200179e-01 3
630	632	631	634	2	 1.244588500e+02 1.000000000e+01
631	632	636	637	2	 1.850978940e+02 5.000000000e+00
632	631	634	635	1	 3.517017330e+02 2.408400357e-01 1
632	631	634	635	1	 1.055105199e+03 1.204200179e-01 3
632	636	637	638	1	 8.093816939e+01 4.816800715e-01 1
632	636	637	638	1	 2.428145082e+02 2.408400357e-01 3
632	636	637	640	1	 3.190372529e+02 4.816800715e-01 1
632	636	637	640	1	 9.571117587e+02 2.408400357e-01 3
633	631	632	636	2	 1.803324717e+02 1.000000000e+01
633	632	631	634	1	 1.476855060e+02 2.408400357e-01 1
633	632	631	634	1	 4.430565181e+02 1.204200179e-01 3
633	632	636	637	2	 5.436153465e+00 5.000000000e+00
634	631	632	636	1	 3.280179777e+02 2.408400357e-01 1
634	631	632	636	1	 9.840539332e+02 1.204200179e-01 3
636	637	638	639	1	 1.700930469e+02 2.408400357e-01 1
636	637	638	639	1	 5.102791406e+02 1.204200179e-01 3
636	637	638	644	1	 3.486370143e+02 2.408400357e-01 1
636	637	638	644	1	 1.045911043e+03 1.204200179e-01 3
636	637	640	641	1	 1.128144199e+02 2.408400357e-01 1
636	637	640	641	1	 3.384432596e+02 1.204200179e-01 3
636	638	637	640	2	 1.224298679e+02 1.000000000e+01
637	638	644	645	2	 1.606496361e+02 5.000000000e+00
637	640	641	642	1	 1.636202165e+02 2.408400357e-01 1
637	640	641	642	1	 4.908606495e+02 1.204200179e-01 3
637	640	641	643	1	 3.469356188e+02 2.408400357e-01 1
637	640	641	643	1	 1.040806857e+03 1.204200179e-01 3
638	637	640	641	1	 3.499019052e+02 2.408400357e-01 1
638	637	640	641	1	 1.049705716e+03 1.204200179e-01 3
638	644	645	646	1	 4.962664601e+01 4.816800715e-01 1
638	644	645	646	1	 1.488799380e+02 2.408400357e-01 3
638	644	645	648	1	 2.879129348e+02 4.816800715e-01 1
638	644	645	648	1	 8.637388045e+02 2.408400357e-01 3
639	637	638	644	2	 1.785439674e+02 1.000000000e+01
639	638	637	640	1	 2.925229147e+02 2.408400357e-01 1
639	638	637	640	1	 8.775687442e+02 1.204200179e-01 3
639	638	644	645	2	 3.391785341e+02 5.000000000e+00
640	637	638	644	1	 1.110668822e+02 2.408400357e-01 1
640	637	638	644	1	 3.332006466e+02 1.204200179e-01 3
644	645	646	647	1	 1.277162363e+02 2.408400357e-01 1
644	645	646	647	1	 3.831487089e+02 1.204200179e-01 3
644	645	646	652	1	 3.074856062e+02 2.408400357e-01 1
644	645	646	652	1	 9.224568185e+02 1.204200179e-01 3
644	645	648	649	1	 1.125443645e+02 1.204200179e-01 1
644	645	648	649	1	 3.376330935e+02 6.021000894e-02 3
644	645	648	650	1	 3.505011973e+02 1.204200179e-01 1
644	645	648	650	1	 1.051503592e+03 6.021000894e-02 3
644	646	645	648	2	 1.226712164e+02 1.000000000e+01
645	646	652	653	2	 1.801044995e+02 5.000000000e+00
645	648	649	650	2	 2.370709905e+02 1.000000000e+01
645	648	649	651	1	 3.512506620e+02 2.408400357e-01 1
645	648	649	651	1	 1.053751986e+03 1.204200179e-01 3
646	645	648	649	1	 3.530232222e+02 1.204200179e-01 1
646	645	648	649	1	 1.059069667e+03 6.021000894e-02 3
646	645	648	650	1	 2.309800550e+02 1.204200179e-01 1
646	645	648	650	1	 6.929401650e+02 6.021000894e-02 3
646	652	653	654	1	 6.672602411e+01 4.816800715e-01 1
646	652	653	654	1	 2.001780723e+02 2.408400357e-01 3
646	652	653	656	1	 3.048088575e+02 4.816800715e-01 1
646	652	653	656	1	 9.144265726e+02 2.408400357e-01 3
647	645	646	652	2	 1.797693699e+02 1.000000000e+01
647	646	645	648	1	 2.503874527e+02 2.408400357e-01 1
647	646	645	648	1	 7.511623580e+02 1.204200179e-01 3
647	646	652	653	2	 3.598666201e+02 5.000000000e+00
648	645	646	652	1	 7.015682255e+01 2.408400357e-01 1
648	645	646	652	1	 2.104704677e+02 1.204200179e-01 3
650	648	649	651	1	 1.141796715e+02 2.408400357e-01 1
650	648	649	651	1	 3.425390144e+02 1.204200179e-01 3
652	653	654	655	1	 1.378823471e+02 2.408400357e-01 1
652	653	654	655	1	 4.136470414e+02 1.204200179e-01 3
652	653	654	661	1	 3.170235192e+02 2.408400357e-01 1
652	653	654	661	1	 9.510705575e+02 1.204200179e-01 3
652	653	656	657	1	 1.216223671e+02 2.408400357e-01 1
652	653	656	657	1	 3.648671012e+02 1.204200179e-01 3
652	654	653	656	2	 1.222914269e+02 1.000000000e+01
653	654	661	662	2	 1.779539590e+02 5.000000000e+00
653	656	657	658	1	 3.437292154e+00 4.816800715e-01 1
653	656	657	658	1	 1.031187646e+01 2.408400357e-01 3
654	653	656	657	1	 2.942140407e-01 2.408400357e-01 1
654	653	656	657	1	 8.826421220e-01 1.204200179e-01 3
654	661	662	663	1	 5.676141362e+01 4.816800715e-01 1
654	661	662	663	1	 1.702842409e+02 2.408400357e-01 3
654	661	662	665	1	 2.954685675e+02 4.816800715e-01 1
654	661	662	665	1	 8.864057024e+02 2.408400357e-01 3
655	653	654	661	2	 1.791411720e+02 1.000000000e+01
655	654	653	656	1	 2.601737740e+02 2.408400357e-01 1
655	654	653	656	1	 7.805213220e+02 1.204200179e-01 3
655	654	661	662	2	 3.570737320e+02 5.000000000e+00
656	653	654	661	1	 7.931494602e+01 2.408400357e-01 1
656	653	654	661	1	 2.379448381e+02 1.204200179e-01 3
656	657	658	659	1	 1.807645764e+02 2.408400357e-01 1
656	657	658	659	1	 5.422937292e+02 1.204200179e-01 3
656	657	658	660	1	 2.309454480e+00 2.408400357e-01 1
656	657	658	660	1	 6.928363440e+00 1.204200179e-01 3
661	662	663	664	1	 1.267891568e+02 2.408400357e-01 1
661	662	663	664	1	 3.803674703e+02 1.204200179e-01 3
661	662	663	668	1	 3.087157986e+02 2.408400357e-01 1
661	662	663	668	1	 9.261473959e+02 1.204200179e-01 3
661	662	665	666	1	 3.555219997e+02 1.204200179e-01 1
661	662	665	666	1	 1.066565999e+03 6.021000894e-02 3
661	662	665	667	1	 1.177817411e+02 1.204200179e-01 1
661	662	665	667	1	 3.533452232e+02 6.021000894e-02 3
661	663	662	665	2	 1.217717094e+02 1.000000000e+01
662	663	668	669	2	 1.828889226e+02 5.000000000e+00
662	665	666	667	2	 1.218941325e+02 1.000000000e+01
663	662	665	666	1	 2.357694184e+02 1.204200179e-01 1
663	662	665	666	1	 7.073082551e+02 6.021000894e-02 3
663	662	665	667	1	 3.580291598e+02 1.204200179e-01 1
663	662	665	667	1	 1.074087479e+03 6.021000894e-02 3
663	668	669	670	1	 5.086645304e+01 4.816800715e-01 1
663	668	669	670	1	 1.525993591e+02 2.408400357e-01 3
663	668	669	672	1	 2.883797098e+02 4.816800715e-01 1
663	668	669	672	1	 8.651391295e+02 2.408400357e-01 3
664	662	663	668	2	 1.819266419e+02 1.000000000e+01
664	663	662	665	1	 2.485608662e+02 2.408400357e-01 1
664	663	662	665	1	 7.456825985e+02 1.204200179e-01 3
664	663	668	669	2	 4.878568488e+00 5.000000000e+00
665	662	663	668	1	 7.048750803e+01 2.408400357e-01 1
665	662	663	668	1	 2.114625241e+02 1.204200179e-01 3
668	669	670	671	1	 1.319837958e+02 2.408400357e-01 1
668	669	670	671	1	 3.959513874e+02 1.204200179e-01 3
668	669	670	676	1	 3.127565035e+02 2.408400357e-01 1
668	669	670	676	1	 9.382695104e+02 1.204200179e-01 3
668	669	672	673	1	 1.109058744e+02 2.408400357e-01 1
668	669	672	673	1	 3.327176232e+02 1.204200179e-01 3
668	670	669	672	2	 1.227580724e+02 1.000000000e+01
669	670	676	677	2	 1.897348627e+02 5.000000000e+00
669	672	673	674	1	 1.505672295e+02 2.408400357e-01 1
669	672	673	674	1	 4.517016886e+02 1.204200179e-01 3
669	672	673	675	1	 3.303459202e+02 2.408400357e-01 1
669	672	673	675	1	 9.910377605e+02 1.204200179e-01 3
670	669	672	673	1	 3.491176584e+02 2.408400357e-01 1
670	669	672	673	1	 1.047352975e+03 1.204200179e-01 3
670	676	677	678	1	 2.721062914e+01 4.816800715e-01 1
670	676	677	678	1	 8.163188743e+01 2.408400357e-01 3
670	676	677	680	1	 2.663611588e+02 4.816800715e-01 1
670	676	677	680	1	 7.990834763e+02 2.408400357e-01 3
671	669	670	676	2	 1.807727077e+02 1.000000000e+01
671	670	669	672	1	 2.547418682e+02 2.408400357e-01 1
671	670	669	672	1	 7.642256046e+02 1.204200179e-01 3
671	670	676	677	2	 1.053379708e+01 5.000000000e+00
672	669	670	676	1	 7.551457587e+01 2.408400357e-01 1
672	669	670	676	1	 2.265437276e+02 1.204200179e-01 3
676	677	678	679	1	 1.159759388e+02 2.408400357e-01 1
676	677	678	679	1	 3.479278164e+02 1.204200179e-01 3
676	677	678	684	1	 2.975752260e+02 2.408400357e-01 1
676	677	678	684	1	 8.927256779e+02 1.204200179e-01 3
676	677	680	681	1	 9.560185135e+01 2.408400357e-01 1
676	677	680	681	1	 2.868055541e+02 1.204200179e-01 3
676	678	677	680	2	 1.212873121e+02 1.000000000e+01
677	678	684	685	2	 1.794459293e+02 5.000000000e+00
677	680	681	682	1	 3.395781577e+02 2.408400357e-01 1
677	680	681	682	1	 1.018734473e+03 1.204200179e-01 3
677	680	681	683	1	 9.595966468e+01 2.408400357e-01 1
677	680	681	683	1	 2.878789940e+02 1.204200179e-01 3
678	677	680	681	1	 3.352761202e+02 2.408400357e-01 1
678	677	680	681	1	 1.005828361e+03 1.204200179e-01 3
678	684	685	686	1	 2.348189838e+02 4.816800715e-01 1
678	684	685	686	1	 7.044569514e+02 2.408400357e-01 3
678	684	685	688	1	 1.104584723e+02 4.816800715e-01 1
678	684	685	688	1	 3.313754170e+02 2.408400357e-01 3
679	677	678	684	2	 1.815992872e+02 1.000000000e+01
679	678	677	680	1	 2.372632509e+02 2.408400357e-01 1
679	678	677	680	1	 7.117897526e+02 1.204200179e-01 3
679	678	684	685	2	 1.154423929e+00 5.000000000e+00
680	677	678	684	1	 5.886253803e+01 2.408400357e-01 1
680	677	678	684	1	 1.765876141e+02 1.204200179e-01 3
680	681	682	683	2	 1.138384205e+02 1.000000000e+01
684	685	686	687	1	 5.617051402e+01 2.408400357e-01 1
684	685	686	687	1	 1.685115421e+02 1.204200179e-01 3
684	685	686	692	1	 2.329598386e+02 2.408400357e-01 1
684	685	686	692	1	 6.988795159e+02 1.204200179e-01 3
684	685	688	689	1	 1.106414631e+02 2.408400357e-01 1
684	685	688	689	1	 3.319243893e+02 1.204200179e-01 3
684	686	685	688	2	 1.241161498e+02 1.000000000e+01
685	686	692	693	2	 1.904152129e+02 5.000000000e+00
685	688	689	690	1	 3.484497457e+02 2.408400357e-01 1
685	688	689	690	1	 1.045349237e+03 1.204200179e-01 3
685	688	689	691	1	 1.093287936e+02 2.408400357e-01 1
685	688	689	691	1	 3.279863807e+02 1.204200179e-01 3
686	685	688	689	1	 3.466462448e+02 2.408400357e-01 1
686	685	688	689	1	 1.039938734e+03 1.204200179e-01 3
686	692	693	694	1	 1.103883253e+02 4.816800715e-01 1
686	692	693	694	1	 3.311649759e+02 2.408400357e-01 3
686	692	693	696	1	 3.477591758e+02 4.816800715e-01 1
686	692	693	696	1	 1.043277527e+03 2.408400357e-01 3
687	685	686	692	2	 1.767893246e+02 1.000000000e+01
687	686	685	688	1	 1.802866638e+02 2.408400357e-01 1
687	686	685	688	1	 5.408599914e+02 1.204200179e-01 3
687	686	692	693	2	 7.143046480e+00 5.000000000e+00
688	685	686	692	1	 3.570759884e+02 2.408400357e-01 1
688	685	686	692	1	 1.071227965e+03 1.204200179e-01 3
688	689	690	691	2	 1.193469664e+02 1.000000000e+01
692	693	694	695	1	 3.172834056e+02 2.408400357e-01 1
692	693	694	695	1	 9.518502169e+02 1.204200179e-01 3
692	693	694	701	1	 1.378389090e+02 2.408400357e-01 1
692	693	694	701	1	 4.135167269e+02 1.204200179e-01 3
692	693	696	697	1	 3.305057902e+00 2.408400357e-01 1
692	693	696	697	1	 9.915173707e+00 1.204200179e-01 3
692	694	693	696	2	 1.223275219e+02 1.000000000e+01
693	694	701	702	2	 1.931320491e+02 5.000000000e+00
693	696	697	698	1	 6.069087103e+00 4.816800715e-01 1
693	696	697	698	1	 1.820726131e+01 2.408400357e-01 3
694	693	696	697	1	 2.395013997e+02 2.408400357e-01 1
694	693	696	697	1	 7.185041990e+02 1.204200179e-01 3
694	701	702	703	1	 8.315400446e+01 4.816800715e-01 1
694	701	702	703	1	 2.494620134e+02 2.408400357e-01 3
694	701	702	705	1	 3.160024072e+02 4.816800715e-01 1
694	701	702	705	1	 9.480072217e+02 2.408400357e-01 3
695	693	694	701	2	 1.805555033e+02 1.000000000e+01
695	694	693	696	1	 7.961092751e+01 2.408400357e-01 1
695	694	693	696	1	 2.388327825e+02 1.204200179e-01 3
695	694	701	702	2	 1.369628303e+01 5.000000000e+00
696	693	694	701	1	 2.601664308e+02 2.408400357e-01 1
696	693	694	701	1	 7.804992925e+02 1.204200179e-01 3
696	697	698	699	1	 1.093135218e+02 4.816800715e-01 1
696	697	698	699	1	 3.279405655e+02 2.408400357e-01 3
697	698	699	700	1	 1.108592905e+02 4.816800715e-01 1
697	698	699	700	1	 3.325778715e+02 2.408400357e-01 3
701	702	703	704	1	 7.031558320e+00 2.408400357e-01 1
701	702	703	704	1	 2.109467496e+01 1.204200179e-01 3
701	702	703	709	1	 1.869616105e+02 2.408400357e-01 1
701	702	703	709	1	 5.608848314e+02 1.204200179e-01 3
701	702	705	706	1	 9.254475449e+01 2.408400357e-01 1
701	702	705	706	1	 2.776342635e+02 1.204200179e-01 3
701	703	702	705	2	 1.273813340e+02 1.000000000e+01
702	703	709	710	2	 1.624176321e+02 5.000000000e+00
702	705	706	707	1	 1.426114538e+02 2.408400357e-01 1
702	705	706	707	1	 4.278343615e+02 1.204200179e-01 3
702	705	706	708	1	 3.241975712e+02 2.408400357e-01 1
702	705	706	708	1	 9.725927137e+02 1.204200179e-01 3
703	702	705	706	1	 3.223167775e+02 2.408400357e-01 1
703	702	705	706	1	 9.669503324e+02 1.204200179e-01 3
703	709	710	711	1	 2.741905184e+02 9.633601430e-01 1
703	709	710	711	1	 8.225715552e+02 4.816800715e-01 3
704	702	703	709	2	 1.799300521e+02 1.000000000e+01
704	703	702	705	1	 1.344128924e+02 2.408400357e-01 1
704	703	702	705	1	 4.032386771e+02 1.204200179e-01 3
704	703	709	710	2	 3.423456749e+02 5.000000000e+00
705	702	703	709	1	 3.143429445e+02 2.408400357e-01 1
705	702	703	709	1	 9.430288335e+02 1.204200179e-01 3
709	710	711	712	1	 8.974949420e+01 4.816800715e-01 1
709	710	711	712	1	 2.692484826e+02 2.408400357e-01 3
709	710	711	713	1	 2.687628533e+02 4.816800715e-01 1
709	710	711	713	1	 8.062885600e+02 2.408400357e-01 3
710	711	713	714	2	 1.911732086e+02 5.000000000e+00
711	713	714	715	1	 1.046747334e+02 4.816800715e-01 1
711	713	714	715	1	 3.140242002e+02 2.408400357e-01 3
711	713	714	717	1	 3.423950647e+02 4.816800715e-01 1
711	713	714	717	1	 1.027185194e+03 2.408400357e-01 3
712	710	711	713	2	 1.790133591e+02 1.000000000e+01
712	711	713	714	2	 1.018268647e+01 5.000000000e+00
713	714	715	716	1	 1.524757580e+02 2.408400357e-01 1
713	714	715	716	1	 4.574272740e+02 1.204200179e-01 3
713	714	715	722	1	 3.294132217e+02 2.408400357e-01 1
713	714	715	722	1	 9.882396650e+02 1.204200179e-01 3
713	714	717	718	1	 2.464038186e+02 2.408400357e-01 1
713	714	717	718	1	 7.392114559e+02 1.204200179e-01 3
713	715	714	717	2	 1.223526318e+02 1.000000000e+01
714	715	722	723	2	 1.889313707e+02 5.000000000e+00
714	717	718	719	1	 1.165543939e+00 4.816800715e-01 1
714	717	718	719	1	 3.496631816e+00 2.408400357e-01 3
715	714	717	718	1	 1.250618532e+02 2.408400357e-01 1
715	714	717	718	1	 3.751855595e+02 1.204200179e-01 3
715	722	723	724	1	 4.716597399e+01 4.816800715e-01 1
715	722	723	724	1	 1.414979220e+02 2.408400357e-01 3
715	722	723	726	1	 2.865344247e+02 4.816800715e-01 1
715	722	723	726	1	 8.596032741e+02 2.408400357e-01 3
716	714	715	722	2	 1.769374637e+02 1.000000000e+01
716	715	714	717	1	 2.748283898e+02 2.408400357e-01 1
716	715	714	717	1	 8.244851695e+02 1.204200179e-01 3
716	715	722	723	2	 5.803154993e+00 5.000000000e+00
717	714	715	722	1	 9.176585351e+01 2.408400357e-01 1
717	714	715	722	1	 2.752975605e+02 1.204200179e-01 3
717	718	719	720	1	 1.844469194e+02 2.408400357e-01 1
717	718	719	720	1	 5.533407581e+02 1.204200179e-01 3
717	718	719	721	1	 5.477197950e+00 2.408400357e-01 1
717	718	719	721	1	 1.643159385e+01 1.204200179e-01 3
722	723	724	725	1	 1.347722991e+02 2.408400357e-01 1
722	723	724	725	1	 4.043168973e+02 1.204200179e-01 3
722	723	724	733	1	 3.142666127e+02 2.408400357e-01 1
722	723	724	733	1	 9.427998381e+02 1.204200179e-01 3
722	723	726	727	1	 1.112379479e+02 2.408400357e-01 1
722	723	726	727	1	 3.337138438e+02 1.204200179e-01 3
722	724	723	726	2	 1.226924875e+02 1.000000000e+01
723	724	733	734	2	 1.746314123e+02 5.000000000e+00
723	726	727	728	1	 3.599703978e+02 4.816800715e-01 1
723	726	727	728	1	 1.079911193e+03 2.408400357e-01 3
724	723	726	727	1	 3.496952684e+02 2.408400357e-01 1
724	723	726	727	1	 1.049085805e+03 1.204200179e-01 3
724	733	734	735	1	 6.058394489e+01 4.816800715e-01 1
724	733	734	735	1	 1.817518347e+02 2.408400357e-01 3
724	733	734	737	1	 2.986743226e+02 4.816800715e-01 1
724	733	734	737	1	 8.960229679e+02 2.408400357e-01 3
725	723	724	733	2	 1.794943136e+02 1.000000000e+01
725	724	723	726	1	 2.574647867e+02 2.408400357e-01 1
725	724	723	726	1	 7.723943600e+02 1.204200179e-01 3
725	724	733	734	2	 3.541114730e+02 5.000000000e+00
726	723	724	733	1	 7.695910025e+01 2.408400357e-01 1
726	723	724	733	1	 2.308773007e+02 1.204200179e-01 3
726	727	728	729	1	 3.593475727e+02 4.816800715e-01 1
726	727	728	729	1	 1.078042718e+03 2.408400357e-01 3
727	728	729	730	1	 2.686270018e+02 4.816800715e-01 1
727	728	729	730	1	 8.058810053e+02 2.408400357e-01 3
728	729	730	731	1	 1.792969545e+02 2.408400357e-01 1
728	729	730	731	1	 5.378908634e+02 1.204200179e-01 3
728	729	730	732	1	 3.596622217e+02 2.408400357e-01 1
728	729	730	732	1	 1.078986665e+03 1.204200179e-01 3
733	734	735	736	1	 1.293172660e+02 2.408400357e-01 1
733	734	735	736	1	 3.879517979e+02 1.204200179e-01 3
733	734	735	741	1	 3.088921166e+02 2.408400357e-01 1
733	734	735	741	1	 9.266763497e+02 1.204200179e-01 3
733	734	737	738	1	 1.214364307e+02 1.204200179e-01 1
733	734	737	738	1	 3.643092921e+02 6.021000894e-02 3
733	734	737	739	1	 3.595045302e+02 1.204200179e-01 1
733	734	737	739	1	 1.078513591e+03 6.021000894e-02 3
733	735	734	737	2	 1.218135172e+02 1.000000000e+01
734	735	741	742	2	 1.749676678e+02 5.000000000e+00
734	737	738	739	2	 2.379411258e+02 1.000000000e+01
734	737	738	740	1	 3.459258959e+02 2.408400357e-01 1
734	737	738	740	1	 1.037777688e+03 1.204200179e-01 3
735	734	737	738	1	 1.496210190e+00 1.204200179e-01 1
735	734	737	738	1	 4.488630570e+00 6.021000894e-02 3
735	734	737	739	1	 2.395643097e+02 1.204200179e-01 1
735	734	737	739	1	 7.186929290e+02 6.021000894e-02 3
735	741	742	743	1	 4.290198518e+01 4.816800715e-01 1
735	741	742	743	1	 1.287059555e+02 2.408400357e-01 3
735	741	742	745	1	 2.805732162e+02 4.816800715e-01 1
735	741	742	745	1	 8.417196487e+02 2.408400357e-01 3
736	734	735	741	2	 1.795748506e+02 1.000000000e+01
736	735	734	737	1	 2.511307831e+02 2.408400357e-01 1
736	735	734	737	1	 7.533923494e+02 1.204200179e-01 3
736	735	741	742	2	 3.545291851e+02 5.000000000e+00
737	734	735	741	1	 7.070563376e+01 2.408400357e-01 1
737	734	735	741	1	 2.121169013e+02 1.204200179e-01 3
739	737	738	740	1	 1.079847701e+02 2.408400357e-01 1
739	737	738	740	1	 3.239543102e+02 1.204200179e-01 3
741	742	743	744	1	 1.367106062e+02 2.408400357e-01 1
741	742	743	744	1	 4.101318187e+02 1.204200179e-01 3
741	742	743	750	1	 3.188327150e+02 2.408400357e-01 1
741	742	743	750	1	 9.564981449e+02 1.204200179e-01 3
741	742	745	746	1	 2.462356400e+00 2.408400357e-01 1
741	742	745	746	1	 7.387069201e+00 1.204200179e-01 3
741	743	742	745	2	 1.219301901e+02 1.000000000e+01
742	743	750	751	2	 1.678007215e+02 5.000000000e+00
742	745	746	747	1	 3.568172880e+02 4.816800715e-01 1
742	745	746	747	1	 1.070451864e+03 2.408400357e-01 3
743	742	745	746	1	 2.401578616e+02 2.408400357e-01 1
743	742	745	746	1	 7.204735849e+02 1.204200179e-01 3
743	750	751	752	1	 2.354959982e+02 4.816800715e-01 1
743	750	751	752	1	 7.064879945e+02 2.408400357e-01 3
743	750	751	754	1	 1.114141206e+02 4.816800715e-01 1
743	750	751	754	1	 3.342423618e+02 2.408400357e-01 3
744	742	743	750	2	 1.821221087e+02 1.000000000e+01
744	743	742	745	1	 2.586407963e+02 2.408400357e-01 1
744	743	742	745	1	 7.759223890e+02 1.204200179e-01 3
744	743	750	751	2	 3.500192114e+02 5.000000000e+00
745	742	743	750	1	 8.076290505e+01 2.408400357e-01 1
745	742	743	750	1	 2.422887152e+02 1.204200179e-01 3
745	746	747	748	1	 1.774983268e+02 2.408400357e-01 1
745	746	747	748	1	 5.324949805e+02 1.204200179e-01 3
745	746	747	749	1	 3.568305820e+02 2.408400357e-01 1
745	746	747	749	1	 1.070491746e+03 1.204200179e-01 3
750	751	752	753	1	 6.585861797e+01 2.408400357e-01 1
750	751	752	753	1	 1.975758539e+02 1.204200179e-01 3
750	751	752	759	1	 2.443920650e+02 2.408400357e-01 1
750	751	752	759	1	 7.331761950e+02 1.204200179e-01 3
750	751	754	755	1	 1.122160815e+02 2.408400357e-01 1
750	751	754	755	1	 3.366482446e+02 1.204200179e-01 3
750	752	751	754	2	 1.247804131e+02 1.000000000e+01
751	752	759	760	2	 1.757066328e+02 5.000000000e+00
751	754	755	756	1	 2.167741454e+00 4.816800715e-01 1
751	754	755	756	1	 6.503224363e+00 2.408400357e-01 3
752	751	754	755	1	 3.461575143e+02 2.408400357e-01 1
752	751	754	755	1	 1.038472543e+03 1.204200179e-01 3
752	759	760	761	1	 6.099111696e+01 4.816800715e-01 1
752	759	760	761	1	 1.829733509e+02 2.408400357e-01 3
752	759	760	763	1	 2.967899196e+02 4.816800715e-01 1
752	759	760	763	1	 8.903697589e+02 2.408400357e-01 3
753	751	752	759	2	 1.785334470e+02 1.000000000e+01
753	752	751	754	1	 1.906390311e+02 2.408400357e-01 1
753	752	751	754	1	 5.719170932e+02 1.204200179e-01 3
753	752	759	760	2	 3.542261752e+02 5.000000000e+00
754	751	752	759	1	 9.172478113e+00 2.408400357e-01 1
754	751	752	759	1	 2.751743434e+01 1.204200179e-01 3
754	755	756	757	1	 2.085905661e-01 4.816800715e-01 1
754	755	756	757	1	 6.257716982e-01 2.408400357e-01 3
755	756	757	758	1	 2.483526969e+02 4.816800715e-01 1
755	756	757	758	1	 7.450580907e+02 2.408400357e-01 3
759	760	761	762	1	 1.539282892e+02 2.408400357e-01 1
759	760	761	762	1	 4.617848675e+02 1.204200179e-01 3
759	760	761	766	1	 3.296125208e+02 2.408400357e-01 1
759	760	761	766	1	 9.888375623e+02 1.204200179e-01 3
759	760	763	764	1	 1.321218726e+02 1.204200179e-01 1
759	760	763	764	1	 3.963656179e+02 6.021000894e-02 3
759	760	763	765	1	 2.582586410e+02 1.204200179e-01 1
759	760	763	765	1	 7.747759230e+02 6.021000894e-02 3
759	761	760	763	2	 1.239362086e+02 1.000000000e+01
760	761	766	767	2	 1.806815610e+02 5.000000000e+00
760	763	764	765	2	 1.268859415e+02 1.000000000e+01
761	760	763	764	1	 9.444795237e+00 1.204200179e-01 1
761	760	763	764	1	 2.833438571e+01 6.021000894e-02 3
761	760	763	765	1	 1.355815636e+02 1.204200179e-01 1
761	760	763	765	1	 4.067446907e+02 6.021000894e-02 3
761	766	767	768	1	 4.738706322e+01 4.816800715e-01 1
761	766	767	768	1	 1.421611897e+02 2.408400357e-01 3
761	766	767	770	1	 2.857068781e+02 4.816800715e-01 1
761	766	767	770	1	 8.571206344e+02 2.408400357e-01 3
762	760	761	766	2	 1.756842316e+02 1.000000000e+01
762	761	760	763	1	 2.778644978e+02 2.408400357e-01 1
762	761	760	763	1	 8.335934933e+02 1.204200179e-01 3
762	761	766	767	2	 3.563222302e+02 5.000000000e+00
763	760	761	766	1	 9.354872935e+01 2.408400357e-01 1
763	760	761	766	1	 2.806461881e+02 1.204200179e-01 3
766	767	768	769	1	 1.363126303e+02 2.408400357e-01 1
766	767	768	769	1	 4.089378909e+02 1.204200179e-01 3
766	767	768	775	1	 3.186496936e+02 2.408400357e-01 1
766	767	768	775	1	 9.559490807e+02 1.204200179e-01 3
766	767	770	771	1	 1.125571519e+02 2.408400357e-01 1
766	767	770	771	1	 3.376714558e+02 1.204200179e-01 3
766	768	767	770	2	 1.224359028e+02 1.000000000e+01
767	768	775	776	2	 1.692646930e+02 5.000000000e+00
767	770	771	772	1	 3.596989350e+02 4.816800715e-01 1
767	770	771	772	1	 1.079096805e+03 2.408400357e-01 3
768	767	770	771	1	 3.505864110e+02 2.408400357e-01 1
768	767	770	771	1	 1.051759233e+03 1.204200179e-01 3
768	775	776	777	1	 2.338678802e+02 4.816800715e-01 1
768	775	776	777	1	 7.016036407e+02 2.408400357e-01 3
768	775	776	779	1	 1.093096896e+02 4.816800715e-01 1
768	775	776	779	1	 3.279290688e+02 2.408400357e-01 3
769	767	768	775	2	 1.823370633e+02 1.000000000e+01
769	768	767	770	1	 2.587485331e+02 2.408400357e-01 1
769	768	767	770	1	 7.762455992e+02 1.204200179e-01 3
769	768	775	776	2	 3.517171430e+02 5.000000000e+00
770	767	768	775	1	 8.108559634e+01 2.408400357e-01 1
770	767	768	775	1	 2.432567890e+02 1.204200179e-01 3
770	771	772	773	1	 1.742959482e+02 2.408400357e-01 1
770	771	772	773	1	 5.228878445e+02 1.204200179e-01 3
770	771	772	774	1	 3.545675444e+02 2.408400357e-01 1
770	771	772	774	1	 1.063702633e+03 1.204200179e-01 3
775	776	777	778	1	 4.749958176e+01 2.408400357e-01 1
775	776	777	778	1	 1.424987453e+02 1.204200179e-01 3
775	776	777	785	1	 2.272924049e+02 2.408400357e-01 1
775	776	777	785	1	 6.818772146e+02 1.204200179e-01 3
775	776	779	780	1	 1.127512908e+02 2.408400357e-01 1
775	776	779	780	1	 3.382538723e+02 1.204200179e-01 3
775	777	776	779	2	 1.246689917e+02 1.000000000e+01
776	777	785	786	2	 1.896813788e+02 5.000000000e+00
776	779	780	781	1	 1.046429082e+02 2.408400357e-01 1
776	779	780	781	1	 3.139287247e+02 1.204200179e-01 3
776	779	780	782	1	 2.845816868e+02 2.408400357e-01 1
776	779	780	782	1	 8.537450604e+02 1.204200179e-01 3
777	776	779	780	1	 3.470743042e+02 2.408400357e-01 1
777	776	779	780	1	 1.041222913e+03 1.204200179e-01 3
777	785	786	787	1	 5.369599403e+01 4.816800715e-01 1
777	785	786	787	1	 1.610879821e+02 2.408400357e-01 3
777	785	786	789	1	 2.923022972e+02 4.816800715e-01 1
777	785	786	789	1	 8.769068916e+02 2.408400357e-01 3
778	776	777	785	2	 1.797928231e+02 1.000000000e+01
778	777	776	779	1	 1.721685734e+02 2.408400357e-01 1
778	777	776	779	1	 5.165057203e+02 1.204200179e-01 3
778	777	785	786	2	 9.471887248e+00 5.000000000e+00
779	776	777	785	1	 3.519613965e+02 2.408400357e-01 1
779	776	777	785	1	 1.055884190e+03 1.204200179e-01 3
779	780	781	783	2	 1.800552323e+02 2.000000000e+01
779	780	782	784	2	 1.799887004e+02 2.000000000e+01
780	781	783	784	2	 3.598987589e+02 4.000000000e+01
780	782	784	783	2	 5.695570338e-03 4.000000000e+01
781	780	782	784	2	 3.599350526e+02 2.000000000e+01
781	783	784	782	2	 5.924471952e-02 4.000000000e+01
782	780	781	783	2	 1.031969259e-01 2.000000000e+01
785	786	787	788	1	 1.468868106e+02 2.408400357e-01 1
785	786	787	788	1	 4.406604317e+02 1.204200179e-01 3
785	786	787	791	1	 3.257340070e+02 2.408400357e-01 1
785	786	787	791	1	 9.772020211e+02 1.204200179e-01 3
785	786	789	790	1	 2.455796735e+02 2.408400357e-01 1
785	786	789	790	1	 7.367390206e+02 1.204200179e-01 3
785	787	786	789	2	 1.208700002e+02 1.000000000e+01
786	787	791	792	2	 1.550386221e+02 5.000000000e+00
787	786	789	790	1	 1.252835754e+02 2.408400357e-01 1
787	786	789	790	1	 3.758507261e+02 1.204200179e-01 3
787	791	792	793	1	 6.633667037e+01 4.816800715e-01 1
787	791	792	793	1	 1.990100111e+02 2.408400357e-01 3
787	791	792	795	1	 3.023760032e+02 4.816800715e-01 1
787	791	792	795	1	 9.071280095e+02 2.408400357e-01 3
788	786	787	791	2	 1.788471964e+02 1.000000000e+01
788	787	786	789	1	 2.677568108e+02 2.408400357e-01 1
788	787	786	789	1	 8.032704324e+02 1.204200179e-01 3
788	787	791	792	2	 3.338561533e+02 5.000000000e+00
789	786	787	791	1	 8.660400724e+01 2.408400357e-01 1
789	786	787	791	1	 2.598120217e+02 1.204200179e-01 3
791	792	793	794	1	 1.161208474e+02 2.408400357e-01 1
791	792	793	794	1	 3.483625421e+02 1.204200179e-01 3
791	792	793	799	1	 2.957651722e+02 2.408400357e-01 1
791	792	793	799	1	 8.872955165e+02 1.204200179e-01 3
791	792	795	796	1	 2.224020029e+02 2.408400357e-01 1
791	792	795	796	1	 6.672060086e+02 1.204200179e-01 3
791	793	792	795	2	 1.232986343e+02 1.000000000e+01
792	793	799	800	2	 1.670083031e+02 5.000000000e+00
792	795	796	797	1	 1.697019462e+02 2.408400357e-01 1
792	795	796	797	1	 5.091058386e+02 1.204200179e-01 3
792	795	796	798	1	 3.503837374e+02 2.408400357e-01 1
792	795	796	798	1	 1.051151212e+03 1.204200179e-01 3
793	792	795	796	1	 1.005353966e+02 2.408400357e-01 1
793	792	795	796	1	 3.016061899e+02 1.204200179e-01 3
793	799	800	801	1	 6.770046737e+01 4.816800715e-01 1
793	799	800	801	1	 2.031014021e+02 2.408400357e-01 3
793	799	800	803	1	 3.043102206e+02 4.816800715e-01 1
793	799	800	803	1	 9.129306619e+02 2.408400357e-01 3
794	792	793	799	2	 1.796443248e+02 1.000000000e+01
794	793	792	795	1	 2.394194816e+02 2.408400357e-01 1
794	793	792	795	1	 7.182584449e+02 1.204200179e-01 3
794	793	799	800	2	 3.466537204e+02 5.000000000e+00
795	792	793	799	1	 5.906380643e+01 2.408400357e-01 1
795	792	793	799	1	 1.771914193e+02 1.204200179e-01 3
799	800	801	802	1	 1.380290103e+02 2.408400357e-01 1
799	800	801	802	1	 4.140870309e+02 1.204200179e-01 3
799	800	801	807	1	 3.164014538e+02 2.408400357e-01 1
799	800	801	807	1	 9.492043613e+02 1.204200179e-01 3
799	800	803	804	1	 2.428094502e+02 2.408400357e-01 1
799	800	803	804	1	 7.284283506e+02 1.204200179e-01 3
799	801	800	803	2	 1.223756007e+02 1.000000000e+01
800	801	807	808	2	 1.712743418e+02 5.000000000e+00
800	803	804	805	1	 2.728242407e+02 2.408400357e-01 1
800	803	804	805	1	 8.184727220e+02 1.204200179e-01 3
800	803	804	806	1	 3.614731213e+01 2.408400357e-01 1
800	803	804	806	1	 1.084419364e+02 1.204200179e-01 3
801	800	803	804	1	 1.224880022e+02 2.408400357e-01 1
801	800	803	804	1	 3.674640066e+02 1.204200179e-01 3
801	807	808	809	1	 5.118433759e+01 4.816800715e-01 1
801	807	808	809	1	 1.535530128e+02 2.408400357e-01 3
801	807	808	811	1	 2.892395528e+02 4.816800715e-01 1
801	807	808	811	1	 8.677186584e+02 2.408400357e-01 3
802	800	801	807	2	 1.783724434e+02 1.000000000e+01
802	801	800	803	1	 2.604046111e+02 2.408400357e-01 1
802	801	800	803	1	 7.812138332e+02 1.204200179e-01 3
802	801	807	808	2	 3.495992789e+02 5.000000000e+00
803	800	801	807	1	 7.877705449e+01 2.408400357e-01 1
803	800	801	807	1	 2.363311635e+02 1.204200179e-01 3
803	804	805	806	2	 1.232318586e+02 1.000000000e+01
807	808	809	810	1	 1.452016079e+02 2.408400357e-01 1
807	808	809	810	1	 4.356048238e+02 1.204200179e-01 3
807	808	809	813	1	 3.247187493e+02 2.408400357e-01 1
807	808	809	813	1	 9.741562479e+02 1.204200179e-01 3
807	808	811	812	1	 2.454046793e+02 2.408400357e-01 1
807	808	811	812	1	 7.362140379e+02 1.204200179e-01 3
807	809	808	811	2	 1.215610248e+02 1.000000000e+01
808	809	813	814	2	 1.724799263e+02 5.000000000e+00
809	808	811	812	1	 1.259294658e+02 2.408400357e-01 1
809	808	811	812	1	 3.777883974e+02 1.204200179e-01 3
809	813	814	815	1	 1.060893882e+02 4.816800715e-01 1
809	813	814	815	1	 3.182681645e+02 2.408400357e-01 3
809	813	814	817	1	 3.427444826e+02 4.816800715e-01 1
809	813	814	817	1	 1.028233448e+03 2.408400357e-01 3
810	808	809	813	2	 1.795171414e+02 1.000000000e+01
810	809	808	811	1	 2.667626327e+02 2.408400357e-01 1
810	809	808	811	1	 8.002878982e+02 1.204200179e-01 3
810	809	813	814	2	 3.519833769e+02 5.000000000e+00
811	808	809	813	1	 8.627977410e+01 2.408400357e-01 1
811	808	809	813	1	 2.588393223e+02 1.204200179e-01 3
813	814	815	816	1	 3.303999907e+02 2.408400357e-01 1
813	814	815	816	1	 9.911999722e+02 1.204200179e-01 3
813	814	815	824	1	 1.490745495e+02 2.408400357e-01 1
813	814	815	824	1	 4.472236486e+02 1.204200179e-01 3
813	814	817	818	1	 3.585738483e+02 2.408400357e-01 1
813	814	817	818	1	 1.075721545e+03 1.204200179e-01 3
813	815	814	817	2	 1.233891092e+02 1.000000000e+01
814	815	824	825	2	 1.845952296e+02 5.000000000e+00
814	817	818	819	1	 2.528845736e+02 2.408400357e-01 1
814	817	818	819	1	 7.586537207e+02 1.204200179e-01 3
814	817	818	820	1	 7.405860005e+01 2.408400357e-01 1
814	817	818	820	1	 2.221758001e+02 1.204200179e-01 3
815	814	817	818	1	 2.355297129e+02 2.408400357e-01 1
815	814	817	818	1	 7.065891386e+02 1.204200179e-01 3
815	824	825	826	1	 3.228854015e+01 4.816800715e-01 1
815	824	825	826	1	 9.686562044e+01 2.408400357e-01 3
815	824	825	828	1	 2.708005540e+02 4.816800715e-01 1
815	824	825	828	1	 8.124016619e+02 2.408400357e-01 3
816	814	815	824	2	 1.786745588e+02 1.000000000e+01
816	815	814	817	1	 9.378909996e+01 2.408400357e-01 1
816	815	814	817	1	 2.813672999e+02 1.204200179e-01 3
816	815	824	825	2	 3.252946413e+00 5.000000000e+00
817	814	815	824	1	 2.724636588e+02 2.408400357e-01 1
817	814	815	824	1	 8.173909763e+02 1.204200179e-01 3
817	818	819	821	2	 1.803555422e+02 2.000000000e+01
817	818	820	822	2	 1.794291609e+02 2.000000000e+01
818	819	821	823	2	 6.656719451e-01 4.000000000e+01
818	820	822	823	2	 3.597435437e+02 4.000000000e+01
819	818	820	822	2	 5.921635983e-01 2.000000000e+01
819	821	823	822	2	 3.596812068e+02 4.000000000e+01
820	818	819	821	2	 3.592006314e+02 2.000000000e+01
820	822	823	821	2	 1.162752237e-01 4.000000000e+01
824	825	826	827	1	 1.282931807e+02 2.408400357e-01 1
824	825	826	827	1	 3.848795420e+02 1.204200179e-01 3
824	825	826	830	1	 3.084310517e+02 2.408400357e-01 1
824	825	826	830	1	 9.252931550e+02 1.204200179e-01 3
824	825	828	829	1	 1.139689616e+02 2.408400357e-01 1
824	825	828	829	1	 3.419068847e+02 1.204200179e-01 3
824	826	825	828	2	 1.227639312e+02 1.000000000e+01
825	826	830	831	2	 1.604277296e+02 5.000000000e+00
826	825	828	829	1	 3.519014739e+02 2.408400357e-01 1
826	825	828	829	1	 1.055704422e+03 1.204200179e-01 3
826	830	831	832	1	 9.617550948e+01 4.816800715e-01 1
826	830	831	832	1	 2.885265284e+02 2.408400357e-01 3
826	830	831	834	1	 3.332860995e+02 4.816800715e-01 1
826	830	831	834	1	 9.998582984e+02 2.408400357e-01 3
827	825	826	830	2	 1.801378710e+02 1.000000000e+01
827	826	825	828	1	 2.510571119e+02 2.408400357e-01 1
827	826	825	828	1	 7.531713356e+02 1.204200179e-01 3
827	826	830	831	2	 3.405702914e+02 5.000000000e+00
828	825	826	830	1	 7.119498287e+01 2.408400357e-01 1
828	825	826	830	1	 2.135849486e+02 1.204200179e-01 3
830	831	832	833	1	 2.930268993e+02 2.408400357e-01 1
830	831	832	833	1	 8.790806980e+02 1.204200179e-01 3
830	831	832	839	1	 1.132521280e+02 2.408400357e-01 1
830	831	832	839	1	 3.397563840e+02 1.204200179e-01 3
830	831	834	835	1	 5.238349066e+00 2.408400357e-01 1
830	831	834	835	1	 1.571504720e+01 1.204200179e-01 3
830	832	831	834	2	 1.226039029e+02 1.000000000e+01
831	832	839	840	2	 1.634667859e+02 5.000000000e+00
831	834	835	836	1	 2.449465597e+02 4.816800715e-01 1
831	834	835	836	1	 7.348396790e+02 2.408400357e-01 3
832	831	834	835	1	 2.426894240e+02 2.408400357e-01 1
832	831	834	835	1	 7.280682719e+02 1.204200179e-01 3
832	839	840	841	1	 6.346905372e+01 4.816800715e-01 1
832	839	840	841	1	 1.904071612e+02 2.408400357e-01 3
832	839	840	843	1	 3.011932260e+02 4.816800715e-01 1
832	839	840	843	1	 9.035796779e+02 2.408400357e-01 3
833	831	832	839	2	 1.802252287e+02 1.000000000e+01
833	832	831	834	1	 5.563080227e+01 2.408400357e-01 1
833	832	831	834	1	 1.668924068e+02 1.204200179e-01 3
833	832	839	840	2	 3.436955708e+02 5.000000000e+00
834	831	832	839	1	 2.358560309e+02 2.408400357e-01 1
834	831	832	839	1	 7.075680928e+02 1.204200179e-01 3
834	835	836	837	1	 3.565534362e+02 4.816800715e-01 1
834	835	836	837	1	 1.069660309e+03 2.408400357e-01 3
835	836	837	838	1	 3.557423231e+02 4.816800715e-01 1
835	836	837	838	1	 1.067226969e+03 2.408400357e-01 3
839	840	841	842	1	 1.178418863e+02 2.408400357e-01 1
839	840	841	842	1	 3.535256589e+02 1.204200179e-01 3
839	840	841	847	1	 2.990143093e+02 2.408400357e-01 1
839	840	841	847	1	 8.970429280e+02 1.204200179e-01 3
839	840	843	844	1	 1.594870281e+01 2.408400357e-01 1
839	840	843	844	1	 4.784610843e+01 1.204200179e-01 3
839	841	840	843	2	 1.226045132e+02 1.000000000e+01
840	841	847	848	2	 1.682539490e+02 5.000000000e+00
840	843	844	845	1	 1.791317454e+02 2.408400357e-01 1
840	843	844	845	1	 5.373952361e+02 1.204200179e-01 3
840	843	844	846	1	 3.582669367e+02 2.408400357e-01 1
840	843	844	846	1	 1.074800810e+03 1.204200179e-01 3
841	840	843	844	1	 2.544538498e+02 2.408400357e-01 1
841	840	843	844	1	 7.633615494e+02 1.204200179e-01 3
841	847	848	849	1	 6.685567745e+01 4.816800715e-01 1
841	847	848	849	1	 2.005670324e+02 2.408400357e-01 3
841	847	848	851	1	 3.061175758e+02 4.816800715e-01 1
841	847	848	851	1	 9.183527273e+02 2.408400357e-01 3
842	840	841	847	2	 1.811724230e+02 1.000000000e+01
842	841	840	843	1	 2.404463995e+02 2.408400357e-01 1
842	841	840	843	1	 7.213391985e+02 1.204200179e-01 3
842	841	847	848	2	 3.494628087e+02 5.000000000e+00
843	840	841	847	1	 6.161882252e+01 2.408400357e-01 1
843	840	841	847	1	 1.848564676e+02 1.204200179e-01 3
847	848	849	850	1	 1.376950079e+02 2.408400357e-01 1
847	848	849	850	1	 4.130850238e+02 1.204200179e-01 3
847	848	849	861	1	 3.189251751e+02 2.408400357e-01 1
847	848	849	861	1	 9.567755254e+02 1.204200179e-01 3
847	848	851	852	1	 3.370188226e+00 2.408400357e-01 1
847	848	851	852	1	 1.011056468e+01 1.204200179e-01 3
847	849	848	851	2	 1.231112820e+02 1.000000000e+01
848	849	861	862	2	 1.708264861e+02 5.000000000e+00
848	851	852	853	1	 9.171503231e+01 2.408400357e-01 1
848	851	852	853	1	 2.751450969e+02 1.204200179e-01 3
848	851	852	854	1	 2.772623542e+02 2.408400357e-01 1
848	851	852	854	1	 8.317870625e+02 1.204200179e-01 3
849	848	851	852	1	 2.423101378e+02 2.408400357e-01 1
849	848	851	852	1	 7.269304135e+02 1.204200179e-01 3
849	861	862	863	1	 6.340273149e+01 4.816800715e-01 1
849	861	862	863	1	 1.902081945e+02 2.408400357e-01 3
849	861	862	865	1	 3.027710706e+02 4.816800715e-01 1
849	861	862	865	1	 9.083132118e+02 2.408400357e-01 3
850	848	849	861	2	 1.812301672e+02 1.000000000e+01
850	849	848	851	1	 2.608062899e+02 2.408400357e-01 1
850	849	848	851	1	 7.824188697e+02 1.204200179e-01 3
850	849	861	862	2	 3.520894948e+02 5.000000000e+00
851	848	849	861	1	 8.203645711e+01 2.408400357e-01 1
851	848	849	861	1	 2.461093713e+02 1.204200179e-01 3
851	852	853	855	2	 1.814188068e+02 2.000000000e+01
851	852	854	856	2	 1.779998181e+02 1.000000000e+01
851	852	854	857	2	 3.571854265e+02 1.000000000e+01
852	853	855	856	2	 2.562420431e+00 4.000000000e+01
852	854	856	855	2	 3.588669496e+02 1.000000000e+01
852	854	856	858	2	 1.787264916e+02 1.000000000e+01
852	854	857	859	2	 1.814503046e+02 2.000000000e+01
853	852	854	856	2	 2.623190825e+00 1.000000000e+01
853	852	854	857	2	 1.818087993e+02 1.000000000e+01
853	855	856	854	2	 3.592044852e+02 2.000000000e+01
853	855	856	858	2	 1.793593749e+02 2.000000000e+01
854	852	853	855	2	 3.568224602e+02 2.000000000e+01
854	856	858	860	2	 3.922430998e-01 2.000000000e+01
854	857	859	860	2	 3.596522463e+02 4.000000000e+01
855	856	854	857	2	 1.795344351e+02 1.000000000e+01
855	856	858	860	2	 1.802170374e+02 2.000000000e+01
856	854	857	859	2	 5.644629657e-01 2.000000000e+01
856	858	860	859	2	 3.598479882e+02 4.000000000e+01
857	854	856	858	2	 3.593939770e+02 1.000000000e+01
857	859	860	858	2	 1.393473781e-01 4.000000000e+01
861	862	863	864	1	 1.289851962e+02 2.408400357e-01 1
861	862	863	864	1	 3.869555887e+02 1.204200179e-01 3
861	862	863	867	1	 3.094116180e+02 2.408400357e-01 1
861	862	863	867	1	 9.282348540e+02 1.204200179e-01 3
861	862	865	866	1	 2.473484783e+02 2.408400357e-01 1
861	862	865	866	1	 7.420454348e+02 1.204200179e-01 3
861	863	862	865	2	 1.210332326e+02 1.000000000e+01
862	863	867	868	2	 1.663275166e+02 5.000000000e+00
863	862	865	866	1	 1.272857644e+02 2.408400357e-01 1
863	862	865	866	1	 3.818572932e+02 1.204200179e-01 3
863	867	868	869	1	 4.997800749e+01 4.816800715e-01 1
863	867	868	869	1	 1.499340225e+02 2.408400357e-01 3
863	867	868	871	1	 2.893212732e+02 4.816800715e-01 1
863	867	868	871	1	 8.679638197e+02 2.408400357e-01 3
864	862	863	867	2	 1.804264218e+02 1.000000000e+01
864	863	862	865	1	 2.500184289e+02 2.408400357e-01 1
864	863	862	865	1	 7.500552866e+02 1.204200179e-01 3
864	863	867	868	2	 3.467694359e+02 5.000000000e+00
865	862	863	867	1	 7.044485064e+01 2.408400357e-01 1
865	862	863	867	1	 2.113345519e+02 1.204200179e-01 3
867	868	869	870	1	 1.292232188e+02 2.408400357e-01 1
867	868	869	870	1	 3.876696564e+02 1.204200179e-01 3
867	868	869	878	1	 3.142442465e+02 2.408400357e-01 1
867	868	869	878	1	 9.427327395e+02 1.204200179e-01 3
867	868	871	872	1	 8.578839338e+00 2.408400357e-01 1
867	868	871	872	1	 2.573651801e+01 1.204200179e-01 3
867	869	868	871	2	 1.219458102e+02 1.000000000e+01
868	869	878	879	2	 1.769333322e+02 5.000000000e+00
868	871	872	873	1	 2.694715243e+02 2.408400357e-01 1
868	871	872	873	1	 8.084145729e+02 1.204200179e-01 3
868	871	872	874	1	 9.026616389e+01 2.408400357e-01 1
868	871	872	874	1	 2.707984917e+02 1.204200179e-01 3
869	868	871	872	1	 2.489982436e+02 2.408400357e-01 1
869	868	871	872	1	 7.469947307e+02 1.204200179e-01 3
869	878	879	880	1	 3.554943301e+01 4.816800715e-01 1
869	878	879	880	1	 1.066482990e+02 2.408400357e-01 3
869	878	879	882	1	 2.740275712e+02 4.816800715e-01 1
869	878	879	882	1	 8.220827136e+02 2.408400357e-01 3
870	868	869	878	2	 1.850210277e+02 1.000000000e+01
870	869	868	871	1	 2.511690290e+02 2.408400357e-01 1
870	869	868	871	1	 7.535070869e+02 1.204200179e-01 3
870	869	878	879	2	 2.130435097e+00 5.000000000e+00
871	868	869	878	1	 7.619005668e+01 2.408400357e-01 1
871	868	869	878	1	 2.285701700e+02 1.204200179e-01 3
871	872	873	875	2	 1.793040262e+02 2.000000000e+01
871	872	874	876	2	 1.798462430e+02 2.000000000e+01
872	873	875	877	2	 1.589683331e+00 4.000000000e+01
872	874	876	877	2	 1.026233528e-01 4.000000000e+01
873	872	874	876	2	 6.258750267e-01 2.000000000e+01
873	875	877	876	2	 3.591679186e+02 4.000000000e+01
874	872	873	875	2	 3.585305149e+02 2.000000000e+01
874	876	877	875	2	 3.599969401e+02 4.000000000e+01
878	879	880	881	1	 1.117661916e+02 2.408400357e-01 1
878	879	880	881	1	 3.352985749e+02 1.204200179e-01 3
878	879	880	890	1	 2.916250905e+02 2.408400357e-01 1
878	879	880	890	1	 8.748752716e+02 1.204200179e-01 3
878	879	882	883	1	 1.065640364e+02 2.408400357e-01 1
878	879	882	883	1	 3.196921093e+02 1.204200179e-01 3
878	880	879	882	2	 1.210676843e+02 1.000000000e+01
879	880	890	891	2	 1.830960696e+02 5.000000000e+00
879	882	883	884	1	 1.370633439e+02 2.408400357e-01 1
879	882	883	884	1	 4.111900317e+02 1.204200179e-01 3
879	882	883	885	1	 3.168291012e+02 2.408400357e-01 1
879	882	883	885	1	 9.504873035e+02 1.204200179e-01 3
880	879	882	883	1	 3.474496489e+02 2.408400357e-01 1
880	879	882	883	1	 1.042348947e+03 1.204200179e-01 3
880	890	891	892	1	 9.903134143e+01 4.816800715e-01 1
880	890	891	892	1	 2.970940243e+02 2.408400357e-01 3
880	890	891	894	1	 3.334562396e+02 4.816800715e-01 1
880	890	891	894	1	 1.000368719e+03 2.408400357e-01 3
881	879	880	890	2	 1.798588989e+02 1.000000000e+01
881	880	879	882	1	 2.328338759e+02 2.408400357e-01 1
881	880	879	882	1	 6.985016278e+02 1.204200179e-01 3
881	880	890	891	2	 2.946611729e+00 5.000000000e+00
882	879	880	890	1	 5.269277483e+01 2.408400357e-01 1
882	879	880	890	1	 1.580783245e+02 1.204200179e-01 3
882	883	884	886	2	 1.799023049e+02 2.000000000e+01
882	883	885	887	2	 1.801509805e+02 2.000000000e+01
883	884	886	888	2	 3.599049532e+02 4.000000000e+01
883	885	887	888	2	 3.599898346e+02 4.000000000e+01
884	883	885	887	2	 3.599237277e+02 2.000000000e+01
884	886	888	887	2	 4.692642850e-03 2.000000000e+01
884	886	888	889	2	 1.800559800e+02 2.000000000e+01
885	883	884	886	2	 1.291173976e-01 2.000000000e+01
885	887	888	886	2	 4.673855415e-02 2.000000000e+01
885	887	888	889	2	 1.799953819e+02 2.000000000e+01
890	891	892	893	1	 3.045538881e+02 2.408400357e-01 1
890	891	892	893	1	 9.136616644e+02 1.204200179e-01 3
890	891	892	898	1	 1.274007143e+02 2.408400357e-01 1
890	891	892	898	1	 3.822021428e+02 1.204200179e-01 3
890	891	894	895	1	 1.682606443e+01 2.408400357e-01 1
890	891	894	895	1	 5.047819330e+01 1.204200179e-01 3
890	892	891	894	2	 1.244251705e+02 1.000000000e+01
891	892	898	899	2	 1.718454692e+02 5.000000000e+00
891	894	895	896	1	 3.227480367e+02 2.408400357e-01 1
891	894	895	896	1	 9.682441101e+02 1.204200179e-01 3
891	894	895	897	1	 8.139187374e+01 2.408400357e-01 1
891	894	895	897	1	 2.441756212e+02 1.204200179e-01 3
892	891	894	895	1	 2.517102346e+02 2.408400357e-01 1
892	891	894	895	1	 7.551307038e+02 1.204200179e-01 3
892	898	899	900	1	 4.791236343e+01 4.816800715e-01 1
892	898	899	900	1	 1.437370903e+02 2.408400357e-01 3
892	898	899	902	1	 2.871991958e+02 4.816800715e-01 1
892	898	899	902	1	 8.615975873e+02 2.408400357e-01 3
893	891	892	898	2	 1.828468261e+02 1.000000000e+01
893	892	891	894	1	 6.897905863e+01 2.408400357e-01 1
893	892	891	894	1	 2.069371759e+02 1.204200179e-01 3
893	892	898	899	2	 3.547348363e+02 5.000000000e+00
894	891	892	898	1	 2.518258848e+02 2.408400357e-01 1
894	891	892	898	1	 7.554776543e+02 1.204200179e-01 3
894	895	896	897	2	 1.219563800e+02 1.000000000e+01
898	899	900	901	1	 1.171194173e+02 2.408400357e-01 1
898	899	900	901	1	 3.513582518e+02 1.204200179e-01 3
898	899	900	906	1	 2.944476207e+02 2.408400357e-01 1
898	899	900	906	1	 8.833428620e+02 1.204200179e-01 3
898	899	902	903	1	 1.260926899e+02 2.408400357e-01 1
898	899	902	903	1	 3.782780698e+02 1.204200179e-01 3
898	900	899	902	2	 1.236274119e+02 1.000000000e+01
899	900	906	907	2	 1.810015249e+02 5.000000000e+00
899	902	903	904	1	 1.328038191e+01 2.408400357e-01 1
899	902	903	904	1	 3.984114573e+01 1.204200179e-01 3
899	902	903	905	1	 1.374705229e+02 2.408400357e-01 1
899	902	903	905	1	 4.124115686e+02 1.204200179e-01 3
900	899	902	903	1	 4.449330748e+00 2.408400357e-01 1
900	899	902	903	1	 1.334799224e+01 1.204200179e-01 3
900	906	907	908	1	 7.296364743e+01 4.816800715e-01 1
900	906	907	908	1	 2.188909423e+02 2.408400357e-01 3
900	906	907	910	1	 3.112128250e+02 4.816800715e-01 1
900	906	907	910	1	 9.336384749e+02 2.408400357e-01 3
901	899	900	906	2	 1.773282034e+02 1.000000000e+01
901	900	899	902	1	 2.407468292e+02 2.408400357e-01 1
901	900	899	902	1	 7.222404876e+02 1.204200179e-01 3
901	900	906	907	2	 3.582187216e+02 5.000000000e+00
902	899	900	906	1	 5.807503259e+01 2.408400357e-01 1
902	899	900	906	1	 1.742250978e+02 1.204200179e-01 3
902	903	904	905	2	 1.273208027e+02 1.000000000e+01
906	907	908	909	1	 1.203678023e+02 2.408400357e-01 1
906	907	908	909	1	 3.611034069e+02 1.204200179e-01 3
906	907	908	918	1	 2.995701385e+02 2.408400357e-01 1
906	907	908	918	1	 8.987104154e+02 1.204200179e-01 3
906	907	910	911	1	 3.148559306e+01 2.408400357e-01 1
906	907	910	911	1	 9.445677918e+01 1.204200179e-01 3
906	908	907	910	2	 1.212718812e+02 1.000000000e+01
907	908	918	919	2	 1.788197475e+02 5.000000000e+00
907	910	911	912	1	 2.370495066e+02 2.408400357e-01 1
907	910	911	912	1	 7.111485197e+02 1.204200179e-01 3
907	910	911	913	1	 5.689889395e+01 2.408400357e-01 1
907	910	911	913	1	 1.706966819e+02 1.204200179e-01 3
908	907	910	911	1	 2.707914025e+02 2.408400357e-01 1
908	907	910	911	1	 8.123742074e+02 1.204200179e-01 3
908	918	919	920	1	 2.279751832e+02 4.816800715e-01 1
908	918	919	920	1	 6.839255495e+02 2.408400357e-01 3
908	918	919	922	1	 1.100544671e+02 4.816800715e-01 1
908	918	919	922	1	 3.301634014e+02 2.408400357e-01 3
909	907	908	918	2	 1.792023362e+02 1.000000000e+01
909	908	907	910	1	 2.416396835e+02 2.408400357e-01 1
909	908	907	910	1	 7.249190506e+02 1.204200179e-01 3
909	908	918	919	2	 3.579815128e+02 5.000000000e+00
910	907	908	918	1	 6.084201970e+01 2.408400357e-01 1
910	907	908	918	1	 1.825260591e+02 1.204200179e-01 3
910	911	912	914	2	 1.798498998e+02 2.000000000e+01
910	911	913	915	2	 1.801308293e+02 2.000000000e+01
911	912	914	916	2	 3.378236045e-02 4.000000000e+01
911	913	915	916	2	 3.801123546e-03 4.000000000e+01
912	911	913	915	2	 3.599849595e+02 2.000000000e+01
912	914	916	915	2	 3.599552210e+02 2.000000000e+01
912	914	916	917	2	 1.798970382e+02 2.000000000e+01
913	911	912	914	2	 3.599961887e+02 2.000000000e+01
913	915	916	914	2	 2.636518985e-02 2.000000000e+01
913	915	916	917	2	 1.800843036e+02 2.000000000e+01
918	919	920	921	1	 7.471933730e+01 2.408400357e-01 1
918	919	920	921	1	 2.241580119e+02 1.204200179e-01 3
918	919	920	930	1	 2.533397458e+02 2.408400357e-01 1
918	919	920	930	1	 7.600192375e+02 1.204200179e-01 3
918	919	922	923	1	 1.109081062e+02 2.408400357e-01 1
918	919	922	923	1	 3.327243185e+02 1.204200179e-01 3
918	920	919	922	2	 1.192071031e+02 1.000000000e+01
919	920	930	931	2	 1.836858436e+02 5.000000000e+00
919	922	923	924	1	 1.607884523e+02 2.408400357e-01 1
919	922	923	924	1	 4.823653569e+02 1.204200179e-01 3
919	922	923	925	1	 3.409524396e+02 2.408400357e-01 1
919	922	923	925	1	 1.022857319e+03 1.204200179e-01 3
920	919	922	923	1	 3.549711437e+02 2.408400357e-01 1
920	919	922	923	1	 1.064913431e+03 1.204200179e-01 3
920	930	931	932	1	 4.471995125e+01 4.816800715e-01 1
920	930	931	932	1	 1.341598538e+02 2.408400357e-01 3
920	930	931	934	1	 2.853213655e+02 4.816800715e-01 1
920	930	931	934	1	 8.559640964e+02 2.408400357e-01 3
921	919	920	930	2	 1.786204085e+02 1.000000000e+01
921	920	919	922	1	 1.939264404e+02 2.408400357e-01 1
921	920	919	922	1	 5.817793213e+02 1.204200179e-01 3
921	920	930	931	2	 2.226829625e+00 5.000000000e+00
922	919	920	930	1	 1.254684896e+01 2.408400357e-01 1
922	919	920	930	1	 3.764054688e+01 1.204200179e-01 3
922	923	924	926	2	 1.800373939e+02 2.000000000e+01
922	923	925	927	2	 1.799522594e+02 2.000000000e+01
923	924	926	928	2	 5.560071887e-02 4.000000000e+01
923	925	927	928	2	 3.599662822e+02 4.000000000e+01
924	923	925	927	2	 1.109085580e-01 2.000000000e+01
924	926	928	927	2	 2.522129861e-02 2.000000000e+01
924	926	928	929	2	 1.800109157e+02 2.000000000e+01
925	923	924	926	2	 3.598782270e+02 2.000000000e+01
925	927	928	926	2	 3.599640888e+02 2.000000000e+01
925	927	928	929	2	 1.799783873e+02 2.000000000e+01
930	931	932	933	1	 1.503896967e+02 2.408400357e-01 1
930	931	932	933	1	 4.511690900e+02 1.204200179e-01 3
930	931	932	937	1	 3.290376699e+02 2.408400357e-01 1
930	931	932	937	1	 9.871130098e+02 1.204200179e-01 3
930	931	934	935	1	 2.422304639e+02 1.204200179e-01 1
930	931	934	935	1	 7.266913917e+02 6.021000894e-02 3
930	931	934	936	1	 1.222284333e+02 1.204200179e-01 1
930	931	934	936	1	 3.666852999e+02 6.021000894e-02 3
930	932	931	934	2	 1.229000718e+02 1.000000000e+01
931	932	937	938	2	 1.657884915e+02 5.000000000e+00
931	934	935	936	2	 2.386041033e+02 1.000000000e+01
932	931	934	935	1	 1.201911029e+02 1.204200179e-01 1
932	931	934	935	1	 3.605733088e+02 6.021000894e-02 3
932	931	934	936	1	 1.890723390e-01 1.204200179e-01 1
932	931	934	936	1	 5.672170169e-01 6.021000894e-02 3
932	937	938	939	1	 6.769792934e+01 4.816800715e-01 1
932	937	938	939	1	 2.030937880e+02 2.408400357e-01 3
932	937	938	941	1	 3.050760765e+02 4.816800715e-01 1
932	937	938	941	1	 9.152282296e+02 2.408400357e-01 3
933	931	932	937	2	 1.786479733e+02 1.000000000e+01
933	932	931	934	1	 2.732897685e+02 2.408400357e-01 1
933	932	931	934	1	 8.198693055e+02 1.204200179e-01 3
933	932	937	938	2	 3.444027668e+02 5.000000000e+00
934	931	932	937	1	 9.193774178e+01 2.408400357e-01 1
934	931	932	937	1	 2.758132254e+02 1.204200179e-01 3
937	938	939	940	1	 1.296832391e+02 2.408400357e-01 1
937	938	939	940	1	 3.890497172e+02 1.204200179e-01 3
937	938	939	946	1	 3.105442940e+02 2.408400357e-01 1
937	938	939	946	1	 9.316328820e+02 1.204200179e-01 3
937	938	941	942	1	 1.186298741e+02 2.408400357e-01 1
937	938	941	942	1	 3.558896223e+02 1.204200179e-01 3
937	939	938	941	2	 1.221359998e+02 1.000000000e+01
938	939	946	947	2	 1.628789731e+02 5.000000000e+00
938	941	942	943	1	 3.577825406e+02 4.816800715e-01 1
938	941	942	943	1	 1.073347622e+03 2.408400357e-01 3
939	938	941	942	1	 3.561843672e+02 2.408400357e-01 1
939	938	941	942	1	 1.068553102e+03 1.204200179e-01 3
939	946	947	948	1	 9.341604098e+01 4.816800715e-01 1
939	946	947	948	1	 2.802481229e+02 2.408400357e-01 3
939	946	947	950	1	 3.318766131e+02 4.816800715e-01 1
939	946	947	950	1	 9.956298393e+02 2.408400357e-01 3
940	938	939	946	2	 1.808610549e+02 1.000000000e+01
940	939	938	941	1	 2.518192388e+02 2.408400357e-01 1
940	939	938	941	1	 7.554577165e+02 1.204200179e-01 3
940	939	946	947	2	 3.437620986e+02 5.000000000e+00
941	938	939	946	1	 7.268029378e+01 2.408400357e-01 1
941	938	939	946	1	 2.180408813e+02 1.204200179e-01 3
941	942	943	944	1	 1.767258714e+02 2.408400357e-01 1
941	942	943	944	1	 5.301776143e+02 1.204200179e-01 3
941	942	943	945	1	 3.577447775e+02 2.408400357e-01 1
941	942	943	945	1	 1.073234333e+03 1.204200179e-01 3
946	947	948	949	1	 1.707408829e+02 2.408400357e-01 1
946	947	948	949	1	 5.122226488e+02 1.204200179e-01 3
946	947	948	957	1	 3.404685564e+02 2.408400357e-01 1
946	947	948	957	1	 1.021405669e+03 1.204200179e-01 3
946	947	950	951	1	 9.816015119e+01 2.408400357e-01 1
946	947	950	951	1	 2.944804536e+02 1.204200179e-01 3
946	948	947	950	2	 1.238014358e+02 1.000000000e+01
947	948	957	958	2	 1.662910215e+02 5.000000000e+00
947	950	951	952	1	 1.753250135e+02 2.408400357e-01 1
947	950	951	952	1	 5.259750406e+02 1.204200179e-01 3
947	950	951	953	1	 3.596352685e+02 2.408400357e-01 1
947	950	951	953	1	 1.078905805e+03 1.204200179e-01 3
948	947	950	951	1	 3.365996274e+02 2.408400357e-01 1
948	947	950	951	1	 1.009798882e+03 1.204200179e-01 3
948	957	958	959	1	 5.114402834e+01 4.816800715e-01 1
948	957	958	959	1	 1.534320850e+02 2.408400357e-01 3
948	957	958	961	1	 2.890349795e+02 4.816800715e-01 1
948	957	958	961	1	 8.671049386e+02 2.408400357e-01 3
949	947	948	957	2	 1.697276734e+02 1.000000000e+01
949	948	947	950	1	 2.945423188e+02 2.408400357e-01 1
949	948	947	950	1	 8.836269564e+02 1.204200179e-01 3
949	948	957	958	2	 3.358089331e+02 5.000000000e+00
950	947	948	957	1	 1.042699922e+02 2.408400357e-01 1
950	947	948	957	1	 3.128099767e+02 1.204200179e-01 3
950	951	952	954	2	 1.810845294e+02 2.000000000e+01
950	951	953	955	2	 1.786593501e+02 2.000000000e+01
951	952	954	956	2	 2.229589391e+00 4.000000000e+01
951	953	955	956	2	 3.583606632e+02 4.000000000e+01
952	951	953	955	2	 2.885807598e+00 2.000000000e+01
952	954	956	955	2	 3.590606737e+02 4.000000000e+01
953	951	952	954	2	 3.568253989e+02 2.000000000e+01
953	955	956	954	2	 6.422452320e-01 4.000000000e+01
957	958	959	960	1	 1.559973027e+02 2.408400357e-01 1
957	958	959	960	1	 4.679919082e+02 1.204200179e-01 3
957	958	959	964	1	 3.312546169e+02 2.408400357e-01 1
957	958	959	964	1	 9.937638508e+02 1.204200179e-01 3
957	958	961	962	1	 1.189845056e+02 1.204200179e-01 1
957	958	961	962	1	 3.569535169e+02 6.021000894e-02 3
957	958	961	963	1	 7.668094857e+00 1.204200179e-01 1
957	958	961	963	1	 2.300428457e+01 6.021000894e-02 3
957	959	958	961	2	 1.186127155e+02 1.000000000e+01
958	959	964	965	2	 1.891197798e+02 2.500000000e+00
958	959	964	970	2	 5.088163328e+00 2.500000000e+00
958	961	962	963	2	 2.400351504e+02 1.000000000e+01
959	958	961	962	1	 2.340523989e+00 1.204200179e-01 1
959	958	961	962	1	 7.021571966e+00 6.021000894e-02 3
959	958	961	963	1	 2.510241132e+02 1.204200179e-01 1
959	958	961	963	1	 7.530723397e+02 6.021000894e-02 3
959	964	965	966	2	 3.104016055e+02 1.000000000e+01
959	964	965	968	2	 1.904343887e+02 1.000000000e+01
959	964	970	969	2	 1.487591335e+02 2.000000000e+01
960	958	959	964	2	 1.752573142e+02 1.000000000e+01
960	959	958	961	1	 2.746100182e+02 2.408400357e-01 1
960	959	958	961	1	 8.238300547e+02 1.204200179e-01 3
960	959	964	965	2	 4.211016693e+00 2.500000000e+00
960	959	964	970	2	 1.801794002e+02 2.500000000e+00
961	958	959	964	1	 8.986733243e+01 2.408400357e-01 1
961	958	959	964	1	 2.696019973e+02 1.204200179e-01 3
964	965	966	967	1	 1.620034666e+02 2.408400357e-01 1
964	965	966	967	1	 4.860103999e+02 1.204200179e-01 3
964	965	966	971	1	 3.368534409e+02 2.408400357e-01 1
964	965	966	971	1	 1.010560323e+03 1.204200179e-01 3
964	965	968	969	2	 1.299147800e+01 2.000000000e+01
964	966	965	968	2	 1.170206856e+02 1.000000000e+01
964	970	969	968	2	 4.196139639e+01 4.000000000e+01
965	964	970	969	2	 3.251324052e+02 2.000000000e+01
965	966	971	972	2	 1.642724553e+02 5.000000000e+00
965	968	969	970	2	 3.257794074e+02 4.000000000e+01
966	965	964	970	2	 1.336487718e+02 1.000000000e+01
966	965	968	969	2	 2.453899329e+02 2.000000000e+01
966	971	972	973	1	 7.462711361e+01 4.816800715e-01 1
966	971	972	973	1	 2.238813408e+02 2.408400357e-01 3
966	971	972	975	1	 3.134591767e+02 4.816800715e-01 1
966	971	972	975	1	 9.403775302e+02 2.408400357e-01 3
967	965	966	971	2	 1.748499742e+02 1.000000000e+01
967	966	965	968	1	 2.790241522e+02 2.408400357e-01 1
967	966	965	968	1	 8.370724567e+02 1.204200179e-01 3
967	966	971	972	2	 3.390705749e+02 5.000000000e+00
968	965	964	970	2	 1.368155500e+01 1.000000000e+01
968	965	966	971	1	 9.387412648e+01 2.408400357e-01 1
968	965	966	971	1	 2.816223794e+02 1.204200179e-01 3
971	972	973	974	1	 1.221026416e+02 2.408400357e-01 1
971	972	973	974	1	 3.663079248e+02 1.204200179e-01 3
971	972	973	978	1	 3.028829436e+02 2.408400357e-01 1
971	972	973	978	1	 9.086488309e+02 1.204200179e-01 3
971	972	975	976	1	 2.429442282e+02 1.204200179e-01 1
971	972	975	976	1	 7.288326847e+02 6.021000894e-02 3
971	972	975	977	1	 1.230837893e+02 1.204200179e-01 1
971	972	975	977	1	 3.692513678e+02 6.021000894e-02 3
971	973	972	975	2	 1.217187923e+02 1.000000000e+01
972	973	978	979	2	 1.895762452e+02 5.000000000e+00
972	975	976	977	2	 2.397373006e+02 1.000000000e+01
973	972	975	976	1	 1.239969238e+02 1.204200179e-01 1
973	972	975	976	1	 3.719907713e+02 6.021000894e-02 3
973	972	975	977	1	 4.136484820e+00 1.204200179e-01 1
973	972	975	977	1	 1.240945446e+01 6.021000894e-02 3
973	978	979	980	1	 9.682452029e+01 4.816800715e-01 1
973	978	979	980	1	 2.904735609e+02 2.408400357e-01 3
973	978	979	982	1	 3.323983014e+02 4.816800715e-01 1
973	978	979	982	1	 9.971949042e+02 2.408400357e-01 3
974	972	973	978	2	 1.807803020e+02 1.000000000e+01
974	973	972	975	1	 2.438214339e+02 2.408400357e-01 1
974	973	972	975	1	 7.314643018e+02 1.204200179e-01 3
974	973	978	979	2	 1.038154056e+01 5.000000000e+00
975	972	973	978	1	 6.460173595e+01 2.408400357e-01 1
975	972	973	978	1	 1.938052078e+02 1.204200179e-01 3
978	979	980	981	1	 1.744002174e+02 2.408400357e-01 1
978	979	980	981	1	 5.232006523e+02 1.204200179e-01 3
978	979	980	987	1	 3.522147913e+02 2.408400357e-01 1
978	979	980	987	1	 1.056644374e+03 1.204200179e-01 3
978	979	982	983	1	 1.204575297e+02 2.408400357e-01 1
978	979	982	983	1	 3.613725891e+02 1.204200179e-01 3
978	980	979	982	2	 1.233711313e+02 1.000000000e+01
979	980	987	988	2	 2.048214919e+02 5.000000000e+00
979	982	983	984	1	 1.182717072e+02 4.816800715e-01 1
979	982	983	984	1	 3.548151215e+02 2.408400357e-01 3
980	979	982	983	1	 3.574419912e+02 2.408400357e-01 1
980	979	982	983	1	 1.072325973e+03 1.204200179e-01 3
980	987	988	989	1	 1.169180935e+02 4.816800715e-01 1
980	987	988	989	1	 3.507542804e+02 2.408400357e-01 3
980	987	988	991	1	 3.541492815e+02 4.816800715e-01 1
980	987	988	991	1	 1.062447844e+03 2.408400357e-01 3
981	979	980	987	2	 1.778145738e+02 1.000000000e+01
981	980	979	982	1	 2.977713487e+02 2.408400357e-01 1
981	980	979	982	1	 8.933140462e+02 1.204200179e-01 3
981	980	987	988	2	 2.257504238e+01 5.000000000e+00
982	979	980	987	1	 1.155859226e+02 2.408400357e-01 1
982	979	980	987	1	 3.467577677e+02 1.204200179e-01 3
982	983	984	985	1	 1.434992475e+02 2.408400357e-01 1
982	983	984	985	1	 4.304977424e+02 1.204200179e-01 3
982	983	984	986	1	 3.227702333e+02 2.408400357e-01 1
982	983	984	986	1	 9.683106998e+02 1.204200179e-01 3
987	988	989	990	1	 1.461954844e+02 2.408400357e-01 1
987	988	989	990	1	 4.385864531e+02 1.204200179e-01 3
987	988	989	996	1	 3.217313579e+02 2.408400357e-01 1
987	988	989	996	1	 9.651940738e+02 1.204200179e-01 3
987	988	991	992	1	 2.410786478e+02 2.408400357e-01 1
987	988	991	992	1	 7.232359435e+02 1.204200179e-01 3
987	989	988	991	2	 1.219064111e+02 1.000000000e+01
988	989	996	997	2	 1.878000170e+02 5.000000000e+00
988	991	992	993	1	 3.648382211e+00 4.816800715e-01 1
988	991	992	993	1	 1.094514663e+01 2.408400357e-01 3
989	988	991	992	1	 1.171156239e+02 2.408400357e-01 1
989	988	991	992	1	 3.513468717e+02 1.204200179e-01 3
989	996	997	998	1	 5.646259772e+01 4.816800715e-01 1
989	996	997	998	1	 1.693877932e+02 2.408400357e-01 3
989	996	997	1000	1	 2.948317187e+02 4.816800715e-01 1
989	996	997	1000	1	 8.844951562e+02 2.408400357e-01 3
990	988	989	996	2	 1.755358736e+02 1.000000000e+01
990	989	988	991	1	 2.681018954e+02 2.408400357e-01 1
990	989	988	991	1	 8.043056863e+02 1.204200179e-01 3
990	989	996	997	2	 3.280884432e+00 5.000000000e+00
991	988	989	996	1	 8.363776902e+01 2.408400357e-01 1
991	988	989	996	1	 2.509133071e+02 1.204200179e-01 3
991	992	993	994	1	 3.123545933e+00 4.816800715e-01 1
991	992	993	994	1	 9.370637799e+00 2.408400357e-01 3
992	993	994	995	1	 3.582769834e+02 4.816800715e-01 1
992	993	994	995	1	 1.074830950e+03 2.408400357e-01 3
996	997	998	999	1	 1.119415125e+02 2.408400357e-01 1
996	997	998	999	1	 3.358245374e+02 1.204200179e-01 3
996	997	998	1004	1	 2.916591842e+02 2.408400357e-01 1
996	997	998	1004	1	 8.749775525e+02 1.204200179e-01 3
996	997	1000	1001	1	 1.180932967e+02 2.408400357e-01 1
996	997	1000	1001	1	 3.542798902e+02 1.204200179e-01 3
996	998	997	1000	2	 1.208205615e+02 1.000000000e+01
997	998	1004	1005	2	 1.957720973e+02 5.000000000e+00
997	1000	1001	1002	1	 1.491163542e+02 2.408400357e-01 1
997	1000	1001	1002	1	 4.473490625e+02 1.204200179e-01 3
997	1000	1001	1003	1	 3.275090170e+02 2.408400357e-01 1
997	1000	1001	1003	1	 9.825270510e+02 1.204200179e-01 3
998	997	1000	1001	1	 3.594676121e+02 2.408400357e-01 1
998	997	1000	1001	1	 1.078402836e+03 1.204200179e-01 3
998	1004	1005	1006	1	 5.916534374e+01 4.816800715e-01 1
998	1004	1005	1006	1	 1.774960312e+02 2.408400357e-01 3
998	1004	1005	1008	1	 2.977461685e+02 4.816800715e-01 1
998	1004	1005	1008	1	 8.932385054e+02 2.408400357e-01 3
999	997	998	1004	2	 1.797176717e+02 1.000000000e+01
999	998	997	1000	1	 2.327620740e+02 2.408400357e-01 1
999	998	997	1000	1	 6.982862220e+02 1.204200179e-01 3
999	998	1004	1005	2	 1.548191248e+01 5.000000000e+00
1000	997	998	1004	1	 5.247974568e+01 2.408400357e-01 1
1000	997	998	1004	1	 1.574392370e+02 1.204200179e-01 3
1004	1005	1006	1007	1	 1.496709428e+02 2.408400357e-01 1
1004	1005	1006	1007	1	 4.490128285e+02 1.204200179e-01 3
1004	1005	1006	1013	1	 3.292368119e+02 2.408400357e-01 1
1004	1005	1006	1013	1	 9.877104356e+02 1.204200179e-01 3
1004	1005	1008	1009	1	 1.159101820e+02 2.408400357e-01 1
1004	1005	1008	1009	1	 3.477305459e+02 1.204200179e-01 3
1004	1006	1005	1008	2	 1.227174969e+02 1.000000000e+01
1005	1006	1013	1014	2	 1.731092492e+02 5.000000000e+00
1005	1008	1009	1010	1	 2.611587486e+00 4.816800715e-01 1
1005	1008	1009	1010	1	 7.834762459e+00 2.408400357e-01 3
1006	1005	1008	1009	1	 3.534233824e+02 2.408400357e-01 1
1006	1005	1008	1009	1	 1.060270147e+03 1.204200179e-01 3
1006	1013	1014	1015	1	 4.871702007e+01 4.816800715e-01 1
1006	1013	1014	1015	1	 1.461510602e+02 2.408400357e-01 3
1006	1013	1014	1017	1	 2.893688111e+02 4.816800715e-01 1
1006	1013	1014	1017	1	 8.681064334e+02 2.408400357e-01 3
1007	1005	1006	1013	2	 1.795658690e+02 1.000000000e+01
1007	1006	1005	1008	1	 2.723884398e+02 2.408400357e-01 1
1007	1006	1005	1008	1	 8.171653193e+02 1.204200179e-01 3
1007	1006	1013	1014	2	 3.526637605e+02 5.000000000e+00
1008	1005	1006	1013	1	 9.195430879e+01 2.408400357e-01 1
1008	1005	1006	1013	1	 2.758629264e+02 1.204200179e-01 3
1008	1009	1010	1011	1	 1.746225837e+02 2.408400357e-01 1
1008	1009	1010	1011	1	 5.238677512e+02 1.204200179e-01 3
1008	1009	1010	1012	1	 3.542963492e+02 2.408400357e-01 1
1008	1009	1010	1012	1	 1.062889048e+03 1.204200179e-01 3
1013	1014	1015	1016	1	 1.312040048e+02 2.408400357e-01 1
1013	1014	1015	1016	1	 3.936120143e+02 1.204200179e-01 3
1013	1014	1015	1025	1	 3.111465004e+02 2.408400357e-01 1
1013	1014	1015	1025	1	 9.334395011e+02 1.204200179e-01 3
1013	1014	1017	1018	1	 6.789138368e+00 2.408400357e-01 1
1013	1014	1017	1018	1	 2.036741510e+01 1.204200179e-01 3
1013	1015	1014	1017	2	 1.190552895e+02 1.000000000e+01
1014	1015	1025	1026	2	 1.690625379e+02 5.000000000e+00
1014	1017	1018	1019	1	 2.737070570e+02 2.408400357e-01 1
1014	1017	1018	1019	1	 8.211211710e+02 1.204200179e-01 3
1014	1017	1018	1020	1	 9.502934629e+01 2.408400357e-01 1
1014	1017	1018	1020	1	 2.850880389e+02 1.204200179e-01 3
1015	1014	1017	1018	1	 2.499556557e+02 2.408400357e-01 1
1015	1014	1017	1018	1	 7.498669670e+02 1.204200179e-01 3
1015	1025	1026	1027	1	 4.861008420e+01 4.816800715e-01 1
1015	1025	1026	1027	1	 1.458302526e+02 2.408400357e-01 3
1015	1025	1026	1029	1	 2.862884927e+02 4.816800715e-01 1
1015	1025	1026	1029	1	 8.588654781e+02 2.408400357e-01 3
1016	1014	1015	1025	2	 1.799424956e+02 1.000000000e+01
1016	1015	1014	1017	1	 2.502592943e+02 2.408400357e-01 1
1016	1015	1014	1017	1	 7.507778829e+02 1.204200179e-01 3
1016	1015	1025	1026	2	 3.490031462e+02 5.000000000e+00
1017	1014	1015	1025	1	 7.020178990e+01 2.408400357e-01 1
1017	1014	1015	1025	1	 2.106053697e+02 1.204200179e-01 3
1017	1018	1019	1021	2	 1.795699611e+02 2.000000000e+01
1017	1018	1020	1022	2	 1.802519137e+02 2.000000000e+01
1018	1019	1021	1023	2	 1.338653237e+00 4.000000000e+01
1018	1020	1022	1023	2	 3.590407849e+02 4.000000000e+01
1019	1018	1020	1022	2	 1.538013362e+00 2.000000000e+01
1019	1021	1023	1022	2	 3.592720960e+02 2.000000000e+01
1019	1021	1023	1024	2	 1.795808588e+02 2.000000000e+01
1020	1018	1019	1021	2	 3.582790992e+02 2.000000000e+01
1020	1022	1023	1021	2	 5.360279404e-01 2.000000000e+01
1020	1022	1023	1024	2	 1.802396783e+02 2.000000000e+01
1025	1026	1027	1028	1	 1.214028739e+02 2.408400357e-01 1
1025	1026	1027	1028	1	 3.642086217e+02 1.204200179e-01 3
1025	1026	1027	1030	1	 3.015301332e+02 2.408400357e-01 1
1025	1026	1027	1030	1	 9.045903995e+02 1.204200179e-01 3
1025	1027	1026	1029	2	 1.228304527e+02 1.000000000e+01
1026	1027	1030	1031	2	 1.723441948e+02 5.000000000e+00
1027	1030	1031	1032	1	 5.900859987e+01 4.816800715e-01 1
1027	1030	1031	1032	1	 1.770257996e+02 2.408400357e-01 3
1027	1030	1031	1034	1	 2.979029572e+02 4.816800715e-01 1
1027	1030	1031	1034	1	 8.937088715e+02 2.408400357e-01 3
1028	1026	1027	1030	2	 1.801272593e+02 1.000000000e+01
1028	1027	1026	1029	1	 2.442333267e+02 2.408400357e-01 1
1028	1027	1026	1029	1	 7.326999800e+02 1.204200179e-01 3
1028	1027	1030	1031	2	 3.524755867e+02 5.000000000e+00
1029	1026	1027	1030	1	 6.436058591e+01 2.408400357e-01 1
1029	1026	1027	1030	1	 1.930817577e+02 1.204200179e-01 3
1030	1031	1032	1033	1	 1.426401702e+02 2.408400357e-01 1
1030	1031	1032	1033	1	 4.279205107e+02 1.204200179e-01 3
1030	1031	1032	1036	1	 3.222289025e+02 2.408400357e-01 1
1030	1031	1032	1036	1	 9.666867074e+02 1.204200179e-01 3
1030	1031	1034	1035	1	 4.066414476e+00 2.408400357e-01 1
1030	1031	1034	1035	1	 1.219924343e+01 1.204200179e-01 3
1030	1032	1031	1034	2	 1.219791435e+02 1.000000000e+01
1031	1032	1036	1037	2	 1.634177975e+02 5.000000000e+00
1032	1031	1034	1035	1	 2.429814043e+02 2.408400357e-01 1
1032	1031	1034	1035	1	 7.289442128e+02 1.204200179e-01 3
1032	1036	1037	1038	1	 4.703842452e+01 4.816800715e-01 1
1032	1036	1037	1038	1	 1.411152736e+02 2.408400357e-01 3
1032	1036	1037	1040	1	 2.864251351e+02 4.816800715e-01 1
1032	1036	1037	1040	1	 8.592754054e+02 2.408400357e-01 3
1033	1031	1032	1036	2	 1.795887322e+02 1.000000000e+01
1033	1032	1031	1034	1	 2.646193137e+02 2.408400357e-01 1
1033	1032	1031	1034	1	 7.938579411e+02 1.204200179e-01 3
1033	1032	1036	1037	2	 3.429958673e+02 5.000000000e+00
1034	1031	1032	1036	1	 8.420804594e+01 2.408400357e-01 1
1034	1031	1032	1036	1	 2.526241378e+02 1.204200179e-01 3
1036	1037	1038	1039	1	 1.330332973e+02 2.408400357e-01 1
1036	1037	1038	1039	1	 3.990998918e+02 1.204200179e-01 3
1036	1037	1038	1047	1	 3.130315462e+02 2.408400357e-01 1
1036	1037	1038	1047	1	 9.390946386e+02 1.204200179e-01 3
1036	1037	1040	1041	1	 1.143573988e+02 2.408400357e-01 1
1036	1037	1040	1041	1	 3.430721964e+02 1.204200179e-01 3
1036	1038	1037	1040	2	 1.223395620e+02 1.000000000e+01
1037	1038	1047	1048	2	 1.710064038e+02 5.000000000e+00
1037	1040	1041	1042	1	 3.931631049e+00 4.816800715e-01 1
1037	1040	1041	1042	1	 1.179489315e+01 2.408400357e-01 3
1038	1037	1040	1041	1	 3.544158425e+02 2.408400357e-01 1
1038	1037	1040	1041	1	 1.063247527e+03 1.204200179e-01 3
1038	1047	1048	1049	1	 5.736061486e+01 4.816800715e-01 1
1038	1047	1048	1049	1	 1.720818446e+02 2.408400357e-01 3
1038	1047	1048	1051	1	 2.951376084e+02 4.816800715e-01 1
1038	1047	1048	1051	1	 8.854128253e+02 2.408400357e-01 3
1039	1037	1038	1047	2	 1.799982489e+02 1.000000000e+01
1039	1038	1037	1040	1	 2.553728592e+02 2.408400357e-01 1
1039	1038	1037	1040	1	 7.661185777e+02 1.204200179e-01 3
1039	1038	1047	1048	2	 3.510045936e+02 5.000000000e+00
1040	1037	1038	1047	1	 7.537110816e+01 2.408400357e-01 1
1040	1037	1038	1047	1	 2.261133245e+02 1.204200179e-01 3
1040	1041	1042	1043	1	 4.290638934e+00 4.816800715e-01 1
1040	1041	1042	1043	1	 1.287191680e+01 2.408400357e-01 3
1041	1042	1043	1044	1	 3.593384312e+02 4.816800715e-01 1
1041	1042	1043	1044	1	 1.078015294e+03 2.408400357e-01 3
1042	1043	1044	1045	1	 1.807972614e+02 2.408400357e-01 1
1042	1043	1044	1045	1	 5.423917843e+02 1.204200179e-01 3
1042	1043	1044	1046	1	 2.609365814e-01 2.408400357e-01 1
1042	1043	1044	1046	1	 7.828097442e-01 1.204200179e-01 3
1047	1048	1049	1050	1	 1.261845948e+02 2.408400357e-01 1
1047	1048	1049	1050	1	 3.785537845e+02 1.204200179e-01 3
1047	1048	1049	1054	1	 3.056861574e+02 2.408400357e-01 1
1047	1048	1049	1054	1	 9.170584721e+02 1.204200179e-01 3
1047	1048	1051	1052	1	 3.548861023e+02 1.204200179e-01 1
1047	1048	1051	1052	1	 1.064658307e+03 6.021000894e-02 3
1047	1048	1051	1053	1	 1.165902626e+02 1.204200179e-01 1
1047	1048	1051	1053	1	 3.497707877e+02 6.021000894e-02 3
1047	1049	1048	1051	2	 1.226429995e+02 1.000000000e+01
1048	1049	1054	1055	2	 1.743369163e+02 5.000000000e+00
1048	1051	1052	1053	2	 1.220305849e+02 1.000000000e+01
1049	1048	1051	1052	1	 2.349295589e+02 1.204200179e-01 1
1049	1048	1051	1052	1	 7.047886767e+02 6.021000894e-02 3
1049	1048	1051	1053	1	 3.566337192e+02 1.204200179e-01 1
1049	1048	1051	1053	1	 1.069901158e+03 6.021000894e-02 3
1049	1054	1055	1056	1	 5.242282841e+01 4.816800715e-01 1
1049	1054	1055	1056	1	 1.572684852e+02 2.408400357e-01 3
1049	1054	1055	1058	1	 2.907853007e+02 4.816800715e-01 1
1049	1054	1055	1058	1	 8.723559021e+02 2.408400357e-01 3
1050	1048	1049	1054	2	 1.795015626e+02 1.000000000e+01
1050	1049	1048	1051	1	 2.488275943e+02 2.408400357e-01 1
1050	1049	1048	1051	1	 7.464827830e+02 1.204200179e-01 3
1050	1049	1054	1055	2	 3.538236725e+02 5.000000000e+00
1051	1048	1049	1054	1	 6.832915690e+01 2.408400357e-01 1
1051	1048	1049	1054	1	 2.049874707e+02 1.204200179e-01 3
1054	1055	1056	1057	1	 1.396538534e+02 2.408400357e-01 1
1054	1055	1056	1057	1	 4.189615603e+02 1.204200179e-01 3
1054	1055	1056	1062	1	 3.211550341e+02 2.408400357e-01 1
1054	1055	1056	1062	1	 9.634651024e+02 1.204200179e-01 3
1054	1055	1058	1059	1	 1.143688112e+02 2.408400357e-01 1
1054	1055	1058	1059	1	 3.431064335e+02 1.204200179e-01 3
1054	1056	1055	1058	2	 1.224108993e+02 1.000000000e+01
1055	1056	1062	1063	2	 1.659111293e+02 5.000000000e+00
1055	1058	1059	1060	1	 1.396035681e+02 2.408400357e-01 1
1055	1058	1059	1060	1	 4.188107042e+02 1.204200179e-01 3
1055	1058	1059	1061	1	 3.196097905e+02 2.408400357e-01 1
1055	1058	1059	1061	1	 9.588293716e+02 1.204200179e-01 3
1056	1055	1058	1059	1	 3.522961935e+02 2.408400357e-01 1
1056	1055	1058	1059	1	 1.056888580e+03 1.204200179e-01 3
1056	1062	1063	1064	1	 2.394975362e+02 4.816800715e-01 1
1056	1062	1063	1064	1	 7.184926086e+02 2.408400357e-01 3
1056	1062	1063	1066	1	 1.149249812e+02 4.816800715e-01 1
1056	1062	1063	1066	1	 3.447749436e+02 2.408400357e-01 3
1057	1055	1056	1062	2	 1.815011807e+02 1.000000000e+01
1057	1056	1055	1058	1	 2.620647528e+02 2.408400357e-01 1
1057	1056	1055	1058	1	 7.861942583e+02 1.204200179e-01 3
1057	1056	1062	1063	2	 3.474782523e+02 5.000000000e+00
1058	1055	1056	1062	1	 8.356593347e+01 2.408400357e-01 1
1058	1055	1056	1062	1	 2.506978004e+02 1.204200179e-01 3
1062	1063	1064	1065	1	 6.875796777e+01 2.408400357e-01 1
1062	1063	1064	1065	1	 2.062739033e+02 1.204200179e-01 3
1062	1063	1064	1072	1	 2.477975344e+02 2.408400357e-01 1
1062	1063	1064	1072	1	 7.433926031e+02 1.204200179e-01 3
1062	1063	1066	1067	1	 1.208959449e+02 2.408400357e-01 1
1062	1063	1066	1067	1	 3.626878346e+02 1.204200179e-01 3
1062	1064	1063	1066	2	 1.239781117e+02 1.000000000e+01
1063	1064	1072	1073	2	 1.707619212e+02 5.000000000e+00
1063	1066	1067	1068	1	 1.080083176e+02 2.408400357e-01 1
1063	1066	1067	1068	1	 3.240249528e+02 1.204200179e-01 3
1063	1066	1067	1069	1	 2.874776704e+02 2.408400357e-01 1
1063	1066	1067	1069	1	 8.624330113e+02 1.204200179e-01 3
1064	1063	1066	1067	1	 3.557377024e+02 2.408400357e-01 1
1064	1063	1066	1067	1	 1.067213107e+03 1.204200179e-01 3
1064	1072	1073	1074	1	 6.770161727e+01 4.816800715e-01 1
1064	1072	1073	1074	1	 2.031048518e+02 2.408400357e-01 3
1064	1072	1073	1076	1	 3.041873976e+02 4.816800715e-01 1
1064	1072	1073	1076	1	 9.125621929e+02 2.408400357e-01 3
1065	1063	1064	1072	2	 1.790395666e+02 1.000000000e+01
1065	1064	1063	1066	1	 1.927360795e+02 2.408400357e-01 1
1065	1064	1063	1066	1	 5.782082385e+02 1.204200179e-01 3
1065	1064	1072	1073	2	 3.497911888e+02 5.000000000e+00
1066	1063	1064	1072	1	 1.177564609e+01 2.408400357e-01 1
1066	1063	1064	1072	1	 3.532693828e+01 1.204200179e-01 3
1066	1067	1068	1070	2	 1.796783274e+02 2.000000000e+01
1066	1067	1069	1071	2	 1.802474316e+02 2.000000000e+01
1067	1068	1070	1071	2	 7.495473374e-02 4.000000000e+01
1067	1069	1071	1070	2	 2.718842455e-01 4.000000000e+01
1068	1067	1069	1071	2	 3.597817286e+02 2.000000000e+01
1068	1070	1071	1069	2	 3.597858896e+02 4.000000000e+01
1069	1067	1068	1070	2	 9.354437017e-02 2.000000000e+01
1072	1073	1074	1075	1	 2.780648419e+02 4.816800715e-01 1
1072	1073	1074	1075	1	 8.341945258e+02 2.408400357e-01 3
1072	1073	1076	1077	1	 3.543208701e+02 1.204200179e-01 1
1072	1073	1076	1077	1	 1.062962610e+03 6.021000894e-02 3
1072	1073	1076	1078	1	 1.157149344e+02 1.204200179e-01 1
1072	1073	1076	1078	1	 3.471448033e+02 6.021000894e-02 3
1072	1074	1073	1076	2	 1.237216421e+02 1.000000000e+01
1073	1076	1077	1078	2	 1.211484039e+02 1.000000000e+01
1074	1073	1076	1077	1	 2.312156102e+02 1.204200179e-01 1
1074	1073	1076	1077	1	 6.936468307e+02 6.021000894e-02 3
1074	1073	1076	1078	1	 3.526096745e+02 1.204200179e-01 1
1074	1073	1076	1078	1	 1.057829024e+03 6.021000894e-02 3
1075	1074	1073	1076	1	 4.178648409e+01 4.816800715e-01 1
1075	1074	1073	1076	1	 1.253594523e+02 2.408400357e-01 3
