40	81	1	 2.250035509e-01 4.020347480e-03
40	82	1	 1.013755647e-01 8.161151115e-04
40	85	1	 1.786933101e-01 2.535720810e-03
41	81	1	 7.024211906e-02 3.918140966e-04
41	82	1	 3.379729825e-02 9.070867341e-05
41	85	1	 4.440647712e-02 1.565948550e-04
46	81	1	 2.875600232e-01 6.566619727e-03
46	82	1	 1.034714751e-01 8.502098412e-04
47	81	1	 1.211175032e-01 1.164926878e-03
47	82	1	 2.966946148e-02 6.990434558e-05
47	85	1	 1.576984217e-01 1.974874674e-03
48	81	1	 1.079105674e-01 9.247254260e-04
48	82	1	 2.238574193e-02 3.979493803e-05
48	85	1	 1.976761503e-01 3.103083032e-03
49	82	1	 1.012062958e-01 8.133920187e-04
50	82	1	 1.055124365e-01 8.840811910e-04
51	82	1	 2.824009777e-01 6.333113028e-03
53	82	1	 1.660218210e-01 2.188845931e-03
