1 1 0.000000 1.000000
1 2 0.134925 1.000000
1 3 0.375626 1.000000
1 4 0.604624 0.244658
1 5 0.791497 0.183663
1 6 1.044440 0.055860
1 7 1.232322 0.041669
1 8 1.418187 0.019867
1 9 1.540085 0.011676
1 10 1.479627 0.031331
1 11 1.615052 0.035592
1 12 1.695751 0.014555
1 13 1.740982 0.029684
1 14 1.703987 0.036934
1 15 1.693621 0.028298
1 16 1.711810 0.045311
1 17 1.801499 0.024261
1 18 1.829240 0.021518
1 19 1.774390 0.033658
1 20 1.787724 0.041290
1 21 1.906828 0.026849
1 22 1.861028 0.050911
1 23 1.906151 0.045996
1 24 1.926575 0.032575
1 25 1.983422 0.026325
1 26 1.918188 0.037556
1 27 1.890795 0.040962
1 28 1.845514 0.054945
1 29 1.938288 0.023449
1 30 1.904130 0.021941
1 31 1.823604 0.024062
1 32 1.774853 0.020274
1 33 1.835241 0.015151
1 34 1.745418 0.025539
1 35 1.708966 0.026435
1 36 1.766082 0.022108
1 37 1.823437 0.017342
1 38 1.831455 0.018557
1 39 1.806607 0.021451
1 40 1.802547 0.035087
1 41 1.853394 0.056990
1 42 1.993655 0.062823
2 1 0.134925 1.000000
2 2 0.000000 1.000000
2 3 0.134707 1.000000
2 4 0.374197 1.000000
2 5 0.627007 0.164746
2 6 0.861048 0.067583
2 7 1.079980 0.028749
2 8 1.270209 0.015353
2 9 1.397318 0.014902
2 10 1.345493 0.041590
2 11 1.488609 0.026934
2 12 1.569272 0.019280
2 13 1.624297 0.029706
2 14 1.588878 0.039440
2 15 1.577132 0.034305
2 16 1.608963 0.044017
2 17 1.698297 0.034683
2 18 1.732124 0.032950
2 19 1.679437 0.050450
2 20 1.699391 0.057009
2 21 1.827099 0.024488
2 22 1.792440 0.032723
2 23 1.841804 0.033515
2 24 1.861111 0.037938
2 25 1.917632 0.033667
2 26 1.851179 0.041347
2 27 1.824538 0.043433
2 28 1.781324 0.045554
2 29 1.863606 0.025706
2 30 1.822710 0.026546
2 31 1.736586 0.036943
2 32 1.679697 0.032398
2 33 1.734797 0.021196
2 34 1.641694 0.041003
2 35 1.602454 0.047303
2 36 1.663640 0.037976
2 37 1.723729 0.026117
2 38 1.733619 0.025347
2 39 1.711535 0.037802
2 40 1.712108 0.078217
2 41 1.776663 0.077277
2 42 1.931677 0.058862
3 1 0.375626 1.000000
3 2 0.134707 1.000000
3 3 0.000000 1.000000
3 4 0.134822 1.000000
3 5 0.342073 1.000000
3 6 0.611972 0.212017
3 7 0.821910 0.091421
3 8 1.021533 0.047410
3 9 1.160697 0.030624
3 10 1.125867 0.092229
3 11 1.278365 0.038563
3 12 1.367041 0.026287
3 13 1.435918 0.039522
3 14 1.406371 0.049689
3 15 1.402992 0.042309
3 16 1.444658 0.065241
3 17 1.547429 0.039156
3 18 1.590525 0.036669
3 19 1.539741 0.058322
3 20 1.562305 0.061223
3 21 1.699885 0.026754
3 22 1.669265 0.034128
3 23 1.724537 0.032117
3 24 1.744105 0.049181
3 25 1.801192 0.052369
3 26 1.735818 0.062413
3 27 1.711243 0.057792
3 28 1.660658 0.074808
3 29 1.742571 0.035375
3 30 1.698635 0.034743
3 31 1.607158 0.046119
3 32 1.546080 0.040138
3 33 1.596747 0.025438
3 34 1.497083 0.054648
3 35 1.451870 0.062429
3 36 1.517147 0.047666
3 37 1.576748 0.037549
3 38 1.587656 0.038272
3 39 1.567742 0.091468
3 40 1.582660 0.093763
3 41 1.650844 0.094054
3 42 1.811630 0.072201
4 1 0.604624 0.244658
4 2 0.374197 1.000000
4 3 0.134822 1.000000
4 4 0.000000 1.000000
4 5 0.134729 1.000000
4 6 0.372935 1.000000
4 7 0.623047 0.178439
4 8 0.821023 0.097680
4 9 0.964661 0.083457
4 10 0.951296 0.157454
4 11 1.102748 0.064162
4 12 1.190041 0.083666
4 13 1.270148 0.079250
4 14 1.245344 0.091415
4 15 1.241941 0.087340
4 16 1.303311 0.094072
4 17 1.403515 0.083931
4 18 1.457936 0.077675
4 19 1.414414 0.112945
4 20 1.446590 0.114842
4 21 1.589264 0.046580
4 22 1.569421 0.039828
4 23 1.630431 0.029892
4 24 1.646485 0.072978
4 25 1.702799 0.070494
4 26 1.639655 0.070288
4 27 1.613042 0.069370
4 28 1.564834 0.073281
4 29 1.634803 0.043383
4 30 1.580843 0.052798
4 31 1.482200 0.098643
4 32 1.414132 0.092355
4 33 1.456624 0.045674
4 34 1.351081 0.109899
4 35 1.303939 0.161874
4 36 1.376158 0.114085
4 37 1.445051 0.080373
4 38 1.465599 0.096553
4 39 1.461310 0.117601
4 40 1.485924 0.115312
4 41 1.569431 0.104984
4 42 1.739352 0.039481
5 1 0.791497 0.183663
5 2 0.627007 0.164746
5 3 0.342073 1.000000
5 4 0.134729 1.000000
5 5 0.000000 1.000000
5 6 0.134795 1.000000
5 7 0.361002 1.000000
5 8 0.598123 0.244535
5 9 0.758494 0.174275
5 10 0.774738 0.264200
5 11 0.925646 0.142161
5 12 1.030576 0.084714
5 13 1.130066 0.061652
5 14 1.118637 0.083467
5 15 1.127526 0.085619
5 16 1.202240 0.070181
5 17 1.320053 0.050772
5 18 1.383351 0.044045
5 19 1.338403 0.074502
5 20 1.367216 0.085866
5 21 1.515255 0.045655
5 22 1.490991 0.122569
5 23 1.567979 0.086579
5 24 1.600164 0.080481
5 25 1.668960 0.068956
5 26 1.611157 0.081876
5 27 1.593117 0.075093
5 28 1.544072 0.074805
5 29 1.613750 0.043651
5 30 1.551328 0.051747
5 31 1.450762 0.066318
5 32 1.365831 0.075266
5 33 1.406047 0.060409
5 34 1.298414 0.128254
5 35 1.241149 0.122471
5 36 1.307393 0.083555
5 37 1.361211 0.092788
5 38 1.377048 0.114107
5 39 1.373153 0.125110
5 40 1.408132 0.141183
5 41 1.486707 0.110445
5 42 1.652038 0.091235
6 1 1.044440 0.055860
6 2 0.861048 0.067583
6 3 0.611972 0.212017
6 4 0.372935 1.000000
6 5 0.134795 1.000000
6 6 0.000000 1.000000
6 7 0.134717 1.000000
6 8 0.361961 1.000000
6 9 0.564075 0.357853
6 10 0.646753 0.370169
6 11 0.801292 0.175273
6 12 0.924720 0.119125
6 13 1.041286 0.074707
6 14 1.048239 0.086831
6 15 1.083261 0.078183
6 16 1.185264 0.084483
6 17 1.321512 0.063174
6 18 1.414522 0.052350
6 19 1.381804 0.071611
6 20 1.426798 0.073429
6 21 1.587273 0.021748
6 22 1.574383 0.028061
6 23 1.654663 0.028061
6 24 1.679835 0.047814
6 25 1.745919 0.036732
6 26 1.685139 0.036056
6 27 1.664584 0.042796
6 28 1.603993 0.053401
6 29 1.669209 0.025296
6 30 1.600390 0.028298
6 31 1.488660 0.050803
6 32 1.405494 0.062293
6 33 1.435537 0.043607
6 34 1.310308 0.122086
6 35 1.249828 0.131912
6 36 1.338608 0.080629
6 37 1.414576 0.066842
6 38 1.444202 0.072687
6 39 1.447474 0.076889
6 40 1.493673 0.043035
6 41 1.580861 0.034996
6 42 1.755276 0.022982
7 1 1.232322 0.041669
7 2 1.079980 0.028749
7 3 0.821910 0.091421
7 4 0.623047 0.178439
7 5 0.361002 1.000000
7 6 0.134717 1.000000
7 7 0.000000 1.000000
7 8 0.134810 1.000000
7 9 0.380441 1.000000
7 10 0.549839 0.378405
7 11 0.711567 0.213577
7 12 0.840654 0.120192
7 13 0.978948 0.066842
7 14 1.008975 0.072766
7 15 1.061582 0.076908
7 16 1.180280 0.100240
7 17 1.333724 0.042843
7 18 1.446667 0.025905
7 19 1.423103 0.034213
7 20 1.480141 0.032610
7 21 1.651081 0.005915
7 22 1.644133 0.015359
7 23 1.730352 0.012152
7 24 1.749813 0.030510
7 25 1.822853 0.017645
7 26 1.768095 0.017260
7 27 1.749963 0.017929
7 28 1.683162 0.045059
7 29 1.747667 0.014027
7 30 1.671560 0.015542
7 31 1.554039 0.026625
7 32 1.464077 0.035618
7 33 1.486635 0.023939
7 34 1.350998 0.089174
7 35 1.277571 0.090875
7 36 1.374579 0.052420
7 37 1.447849 0.045542
7 38 1.478094 0.048108
7 39 1.474728 0.054727
7 40 1.530326 0.030851
7 41 1.615326 0.023219
7 42 1.785054 0.020902
8 1 1.418187 0.019867
8 2 1.270209 0.015353
8 3 1.021533 0.047410
8 4 0.821023 0.097680
8 5 0.598123 0.244535
8 6 0.361961 1.000000
8 7 0.134810 1.000000
8 8 0.000000 1.000000
8 9 0.134993 1.000000
8 10 0.362520 1.000000
8 11 0.534753 0.450846
8 12 0.674273 0.313103
8 13 0.823535 0.146066
8 14 0.874857 0.134175
8 15 0.949674 0.144036
8 16 1.101105 0.069351
8 17 1.260038 0.047795
8 18 1.397880 0.021003
8 19 1.389384 0.031710
8 20 1.463644 0.028999
8 21 1.642968 0.007086
8 22 1.651465 0.014425
8 23 1.749368 0.008977
8 24 1.775236 0.026881
8 25 1.855394 0.016082
8 26 1.803203 0.013166
8 27 1.788285 0.015669
8 28 1.719369 0.026385
8 29 1.773571 0.013305
8 30 1.686979 0.014046
8 31 1.562502 0.032250
8 32 1.463983 0.034336
8 33 1.477855 0.023547
8 34 1.338743 0.110193
8 35 1.253099 0.130975
8 36 1.351192 0.068593
8 37 1.425521 0.058344
8 38 1.462108 0.057543
8 39 1.456816 0.066655
8 40 1.525154 0.041804
8 41 1.615400 0.026660
8 42 1.792865 0.017108
9 1 1.540085 0.011676
9 2 1.397318 0.014902
9 3 1.160697 0.030624
9 4 0.964661 0.083457
9 5 0.758494 0.174275
9 6 0.564075 0.357853
9 7 0.380441 1.000000
9 8 0.134993 1.000000
9 9 0.000000 1.000000
9 10 0.134574 1.000000
9 11 0.366900 1.000000
9 12 0.551186 0.410298
9 13 0.696484 0.270592
9 14 0.766099 0.225404
9 15 0.873381 0.144816
9 16 1.053576 0.059724
9 17 1.213872 0.037344
9 18 1.374920 0.015631
9 19 1.379567 0.030883
9 20 1.469038 0.026874
9 21 1.654968 0.003242
9 22 1.676870 0.005369
9 23 1.779700 0.004274
9 24 1.807398 0.026726
9 25 1.891855 0.016723
9 26 1.843753 0.008444
9 27 1.832314 0.011010
9 28 1.761502 0.018841
9 29 1.809277 0.011092
9 30 1.715172 0.012654
9 31 1.585983 0.028184
9 32 1.482958 0.030075
9 33 1.490329 0.016357
9 34 1.344900 0.080174
9 35 1.247679 0.125552
9 36 1.353348 0.060030
9 37 1.427859 0.045889
9 38 1.467511 0.046867
9 39 1.457861 0.057760
9 40 1.535981 0.031379
9 41 1.628873 0.019965
9 42 1.809081 0.010969
10 1 1.479627 0.031331
10 2 1.345493 0.041590
10 3 1.125867 0.092229
10 4 0.951296 0.157454
10 5 0.774738 0.264200
10 6 0.646753 0.370169
10 7 0.549839 0.378405
10 8 0.362520 1.000000
10 9 0.134574 1.000000
10 10 0.000000 1.000000
10 11 0.134769 1.000000
10 12 0.361869 1.000000
10 13 0.523701 0.447288
10 14 0.588202 0.441111
10 15 0.689354 0.338302
10 16 0.876028 0.142127
10 17 1.022399 0.112901
10 18 1.195870 0.065276
10 19 1.208420 0.073827
10 20 1.304538 0.065178
10 21 1.486822 0.026783
10 22 1.516596 0.034166
10 23 1.618519 0.025296
10 24 1.651557 0.058366
10 25 1.732943 0.045071
10 26 1.685678 0.026129
10 27 1.676678 0.029118
10 28 1.610545 0.054200
10 29 1.655103 0.023254
10 30 1.559059 0.034260
10 31 1.434747 0.071384
10 32 1.334131 0.094161
10 33 1.343784 0.044364
10 34 1.202033 0.145984
10 35 1.109714 0.237519
10 36 1.207163 0.153282
10 37 1.284527 0.089486
10 38 1.326673 0.082447
10 39 1.318696 0.100127
10 40 1.395060 0.082147
10 41 1.490854 0.056883
10 42 1.671276 0.032218
11 1 1.615052 0.035592
11 2 1.488609 0.026934
11 3 1.278365 0.038563
11 4 1.102748 0.064162
11 5 0.925646 0.142161
11 6 0.801292 0.175273
11 7 0.711567 0.213577
11 8 0.534753 0.450846
11 9 0.366900 1.000000
11 10 0.134769 1.000000
11 11 0.000000 1.000000
11 12 0.134905 1.000000
11 13 0.338864 1.000000
11 14 0.425486 0.725753
11 15 0.559122 0.516459
11 16 0.750118 0.173562
11 17 0.954806 0.045662
11 18 1.163338 0.021417
11 19 1.194130 0.021707
11 20 1.321659 0.018292
11 21 1.518509 0.002831
11 22 1.569226 0.005142
11 23 1.683533 0.005530
11 24 1.731989 0.009829
11 25 1.818969 0.008807
11 26 1.767595 0.008134
11 27 1.759342 0.009716
11 28 1.688633 0.024977
11 29 1.726442 0.011493
11 30 1.622470 0.011878
11 31 1.489534 0.023954
11 32 1.384169 0.029955
11 33 1.387724 0.020871
11 34 1.243553 0.075695
11 35 1.131738 0.197753
11 36 1.235769 0.059651
11 37 1.305981 0.037638
11 38 1.359467 0.023800
11 39 1.350896 0.052495
11 40 1.455588 0.015988
11 41 1.556139 0.014062
11 42 1.745781 0.007774
12 1 1.695751 0.014555
12 2 1.569272 0.019280
12 3 1.367041 0.026287
12 4 1.190041 0.083666
12 5 1.030576 0.084714
12 6 0.924720 0.119125
12 7 0.840654 0.120192
12 8 0.674273 0.313103
12 9 0.551186 0.410298
12 10 0.361869 1.000000
12 11 0.134905 1.000000
12 12 0.000000 1.000000
12 13 0.134883 1.000000
12 14 0.350387 1.000000
12 15 0.495841 0.556648
12 16 0.673340 0.251369
12 17 0.842113 0.150554
12 18 1.065919 0.055889
12 19 1.124131 0.049484
12 20 1.272160 0.034144
12 21 1.457228 0.006499
12 22 1.525828 0.004927
12 23 1.641524 0.007020
12 24 1.690650 0.014113
12 25 1.784616 0.010861
12 26 1.741236 0.007553
12 27 1.738538 0.008623
12 28 1.674028 0.020003
12 29 1.708643 0.011019
12 30 1.603203 0.020050
12 31 1.478820 0.065629
12 32 1.372483 0.067732
12 33 1.378989 0.023481
12 34 1.232263 0.098507
12 35 1.130190 0.192394
12 36 1.232582 0.083482
12 37 1.286823 0.054093
12 38 1.323680 0.039832
12 39 1.291049 0.142906
12 40 1.393929 0.044427
12 41 1.484988 0.054935
12 42 1.672110 0.018762
13 1 1.740982 0.029684
13 2 1.624297 0.029706
13 3 1.435918 0.039522
13 4 1.270148 0.079250
13 5 1.130066 0.061652
13 6 1.041286 0.074707
13 7 0.978948 0.066842
13 8 0.823535 0.146066
13 9 0.696484 0.270592
13 10 0.523701 0.447288
13 11 0.338864 1.000000
13 12 0.134883 1.000000
13 13 0.000000 1.000000
13 14 0.134825 1.000000
13 15 0.371710 1.000000
13 16 0.601963 0.245924
13 17 0.793934 0.102715
13 18 1.030306 0.054686
13 19 1.088473 0.067047
13 20 1.247624 0.033029
13 21 1.445823 0.007200
13 22 1.521149 0.008724
13 23 1.643355 0.005817
13 24 1.708826 0.010824
13 25 1.808125 0.006881
13 26 1.758842 0.008169
13 27 1.760033 0.011408
13 28 1.696467 0.015322
13 29 1.729084 0.010760
13 30 1.618549 0.018497
13 31 1.490179 0.031666
13 32 1.384683 0.037796
13 33 1.399400 0.023705
13 34 1.257347 0.059894
13 35 1.140184 0.105338
13 36 1.240617 0.061826
13 37 1.306130 0.050257
13 38 1.355403 0.044841
13 39 1.334083 0.045343
13 40 1.448107 0.032824
13 41 1.541861 0.029945
13 42 1.732075 0.016076
14 1 1.703987 0.036934
14 2 1.588878 0.039440
14 3 1.406371 0.049689
14 4 1.245344 0.091415
14 5 1.118637 0.083467
14 6 1.048239 0.086831
14 7 1.008975 0.072766
14 8 0.874857 0.134175
14 9 0.766099 0.225404
14 10 0.588202 0.441111
14 11 0.425486 0.725753
14 12 0.350387 1.000000
14 13 0.134825 1.000000
14 14 0.000000 1.000000
14 15 0.134756 1.000000
14 16 0.372600 1.000000
14 17 0.621105 0.192037
14 18 0.858527 0.079903
14 19 0.897495 0.093457
14 20 1.061209 0.050762
14 21 1.271422 0.015151
14 22 1.359515 0.013311
14 23 1.495060 0.011685
14 24 1.581498 0.012960
14 25 1.684529 0.010732
14 26 1.623211 0.015363
14 27 1.621219 0.014646
14 28 1.566678 0.015359
14 29 1.599109 0.011875
14 30 1.490897 0.019488
14 31 1.364274 0.029254
14 32 1.256234 0.041984
14 33 1.271994 0.029822
14 34 1.142787 0.096563
14 35 1.020615 0.260876
14 36 1.099134 0.168938
14 37 1.168576 0.141237
14 38 1.228543 0.068972
14 39 1.245548 0.055810
14 40 1.365067 0.040999
14 41 1.474283 0.035229
14 42 1.679234 0.013336
15 1 1.693621 0.028298
15 2 1.577132 0.034305
15 3 1.402992 0.042309
15 4 1.241941 0.087340
15 5 1.127526 0.085619
15 6 1.083261 0.078183
15 7 1.061582 0.076908
15 8 0.949674 0.144036
15 9 0.873381 0.144816
15 10 0.689354 0.338302
15 11 0.559122 0.516459
15 12 0.495841 0.556648
15 13 0.371710 1.000000
15 14 0.134756 1.000000
15 15 0.000000 1.000000
15 16 0.134785 1.000000
15 17 0.370830 1.000000
15 18 0.637345 0.145889
15 19 0.714217 0.181393
15 20 0.889884 0.090092
15 21 1.069993 0.040766
15 22 1.156324 0.039560
15 23 1.288825 0.022578
15 24 1.373357 0.020018
15 25 1.478299 0.016613
15 26 1.423941 0.039099
15 27 1.429360 0.021979
15 28 1.388534 0.029093
15 29 1.429795 0.021054
15 30 1.329443 0.030441
15 31 1.229763 0.060888
15 32 1.126815 0.064796
15 33 1.133273 0.059591
15 34 0.996733 0.271530
15 35 0.936230 0.345795
15 36 1.013921 0.257041
15 37 1.052339 0.275936
15 38 1.086183 0.269481
15 39 1.094277 0.286816
15 40 1.190865 0.148307
15 41 1.309269 0.075402
15 42 1.515687 0.025637
16 1 1.711810 0.045311
16 2 1.608963 0.044017
16 3 1.444658 0.065241
16 4 1.303311 0.094072
16 5 1.202240 0.070181
16 6 1.185264 0.084483
16 7 1.180280 0.100240
16 8 1.101105 0.069351
16 9 1.053576 0.059724
16 10 0.876028 0.142127
16 11 0.750118 0.173562
16 12 0.673340 0.251369
16 13 0.601963 0.245924
16 14 0.372600 1.000000
16 15 0.134785 1.000000
16 16 0.000000 1.000000
16 17 0.134752 1.000000
16 18 0.373855 1.000000
16 19 0.498909 0.588336
16 20 0.654803 0.334220
16 21 0.833737 0.207516
16 22 0.954582 0.136555
16 23 1.114692 0.080187
16 24 1.237707 0.034724
16 25 1.377549 0.019826
16 26 1.318514 0.095335
16 27 1.338591 0.036224
16 28 1.317886 0.022035
16 29 1.384283 0.015148
16 30 1.307451 0.021511
16 31 1.216305 0.030612
16 32 1.100276 0.058155
16 33 1.157029 0.038698
16 34 1.056643 0.099161
16 35 0.957955 0.215202
16 36 0.983608 0.236407
16 37 1.027104 0.303501
16 38 1.040778 0.292204
16 39 1.051306 0.284752
16 40 1.171874 0.088347
16 41 1.274679 0.068316
16 42 1.489230 0.053183
17 1 1.801499 0.024261
17 2 1.698297 0.034683
17 3 1.547429 0.039156
17 4 1.403515 0.083931
17 5 1.320053 0.050772
17 6 1.321512 0.063174
17 7 1.333724 0.042843
17 8 1.260038 0.047795
17 9 1.213872 0.037344
17 10 1.022399 0.112901
17 11 0.954806 0.045662
17 12 0.842113 0.150554
17 13 0.793934 0.102715
17 14 0.621105 0.192037
17 15 0.370830 1.000000
17 16 0.134752 1.000000
17 17 0.000000 1.000000
17 18 0.134983 1.000000
17 19 0.346530 1.000000
17 20 0.609245 0.194625
17 21 0.778316 0.188691
17 22 0.965475 0.031259
17 23 1.115444 0.021802
17 24 1.228510 0.020419
17 25 1.360066 0.048266
17 26 1.310148 0.104060
17 27 1.330718 0.060835
17 28 1.309717 0.047770
17 29 1.366561 0.087283
17 30 1.285875 0.107664
17 31 1.217938 0.116461
17 32 1.106163 0.106181
17 33 1.162279 0.058029
17 34 1.069544 0.113769
17 35 0.995669 0.168960
17 36 1.028256 0.119353
17 37 1.055653 0.097434
17 38 1.048848 0.201443
17 39 1.024359 0.290604
17 40 1.135308 0.134119
17 41 1.206616 0.167972
17 42 1.423895 0.060412
18 1 1.829240 0.021518
18 2 1.732124 0.032950
18 3 1.590525 0.036669
18 4 1.457936 0.077675
18 5 1.383351 0.044045
18 6 1.414522 0.052350
18 7 1.446667 0.025905
18 8 1.397880 0.021003
18 9 1.374920 0.015631
18 10 1.195870 0.065276
18 11 1.163338 0.021417
18 12 1.065919 0.055889
18 13 1.030306 0.054686
18 14 0.858527 0.079903
18 15 0.637345 0.145889
18 16 0.373855 1.000000
18 17 0.134983 1.000000
18 18 0.000000 1.000000
18 19 0.134681 1.000000
18 20 0.371857 1.000000
18 21 0.554696 0.431421
18 22 0.758592 0.107087
18 23 0.913689 0.078255
18 24 1.053666 0.066172
18 25 1.214365 0.032490
18 26 1.148861 0.141410
18 27 1.178016 0.131622
18 28 1.177134 0.091266
18 29 1.259082 0.109072
18 30 1.215152 0.110155
18 31 1.168048 0.132171
18 32 1.063210 0.089818
18 33 1.158316 0.043443
18 34 1.102918 0.086983
18 35 1.037400 0.152518
18 36 1.045064 0.120117
18 37 1.066122 0.121452
18 38 1.043426 0.189931
18 39 1.015182 0.271555
18 40 1.128541 0.141735
18 41 1.188299 0.140542
18 42 1.423664 0.033320
19 1 1.774390 0.033658
19 2 1.679437 0.050450
19 3 1.539741 0.058322
19 4 1.414414 0.112945
19 5 1.338403 0.074502
19 6 1.381804 0.071611
19 7 1.423103 0.034213
19 8 1.389384 0.031710
19 9 1.379567 0.030883
19 10 1.208420 0.073827
19 11 1.194130 0.021707
19 12 1.124131 0.049484
19 13 1.088473 0.067047
19 14 0.897495 0.093457
19 15 0.714217 0.181393
19 16 0.498909 0.588336
19 17 0.346530 1.000000
19 18 0.134681 1.000000
19 19 0.000000 1.000000
19 20 0.134861 1.000000
19 21 0.368919 1.000000
19 22 0.626971 0.155573
19 23 0.834636 0.070569
19 24 0.997834 0.065248
19 25 1.164204 0.029317
19 26 1.085785 0.092239
19 27 1.103076 0.108049
19 28 1.113118 0.055945
19 29 1.197066 0.054184
19 30 1.147029 0.081841
19 31 1.083812 0.137357
19 32 0.972149 0.142357
19 33 1.064373 0.063811
19 34 1.024423 0.114921
19 35 0.957141 0.180080
19 36 0.939914 0.212305
19 37 0.971968 0.290623
19 38 0.958201 0.328425
19 39 0.983486 0.308334
19 40 1.099948 0.083874
19 41 1.179048 0.076879
19 42 1.413190 0.035390
20 1 1.787724 0.041290
20 2 1.699391 0.057009
20 3 1.562305 0.061223
20 4 1.446590 0.114842
20 5 1.367216 0.085866
20 6 1.426798 0.073429
20 7 1.480141 0.032610
20 8 1.463644 0.028999
20 9 1.469038 0.026874
20 10 1.304538 0.065178
20 11 1.321659 0.018292
20 12 1.272160 0.034144
20 13 1.247624 0.033029
20 14 1.061209 0.050762
20 15 0.889884 0.090092
20 16 0.654803 0.334220
20 17 0.609245 0.194625
20 18 0.371857 1.000000
20 19 0.134861 1.000000
20 20 0.000000 1.000000
20 21 0.134747 1.000000
20 22 0.378225 1.000000
20 23 0.621369 0.190888
20 24 0.821283 0.124968
20 25 1.009664 0.046665
20 26 0.937222 0.115937
20 27 0.959924 0.141334
20 28 0.995262 0.098709
20 29 1.105387 0.077103
20 30 1.082510 0.125647
20 31 1.044253 0.144046
20 32 0.939164 0.248298
20 33 1.060043 0.057555
20 34 1.045368 0.093747
20 35 0.989209 0.149074
20 36 0.959502 0.227714
20 37 0.988409 0.304852
20 38 0.981466 0.331746
20 39 1.024434 0.235341
20 40 1.125197 0.087226
20 41 1.220869 0.077892
20 42 1.456075 0.029567
21 1 1.906828 0.026849
21 2 1.827099 0.024488
21 3 1.699885 0.026754
21 4 1.589264 0.046580
21 5 1.515255 0.045655
21 6 1.587273 0.021748
21 7 1.651081 0.005915
21 8 1.642968 0.007086
21 9 1.654968 0.003242
21 10 1.486822 0.026783
21 11 1.518509 0.002831
21 12 1.457228 0.006499
21 13 1.445823 0.007200
21 14 1.271422 0.015151
21 15 1.069993 0.040766
21 16 0.833737 0.207516
21 17 0.778316 0.188691
21 18 0.554696 0.431421
21 19 0.368919 1.000000
21 20 0.134747 1.000000
21 21 0.000000 1.000000
21 22 0.134694 1.000000
21 23 0.385111 1.000000
21 24 0.643677 0.129706
21 25 0.853931 0.040652
21 26 0.802971 0.225858
21 27 0.868301 0.224766
21 28 0.934599 0.087848
21 29 1.090810 0.068496
21 30 1.116460 0.085035
21 31 1.128572 0.065667
21 32 1.039649 0.089126
21 33 1.174503 0.019621
21 34 1.174023 0.030555
21 35 1.148402 0.045122
21 36 1.131443 0.055289
21 37 1.151592 0.182978
21 38 1.126304 0.272839
21 39 1.117583 0.267994
21 40 1.196287 0.196248
21 41 1.264114 0.142919
21 42 1.498830 0.019715
22 1 1.861028 0.050911
22 2 1.792440 0.032723
22 3 1.669265 0.034128
22 4 1.569421 0.039828
22 5 1.490991 0.122569
22 6 1.574383 0.028061
22 7 1.644133 0.015359
22 8 1.651465 0.014425
22 9 1.676870 0.005369
22 10 1.516596 0.034166
22 11 1.569226 0.005142
22 12 1.525828 0.004927
22 13 1.521149 0.008724
22 14 1.359515 0.013311
22 15 1.156324 0.039560
22 16 0.954582 0.136555
22 17 0.965475 0.031259
22 18 0.758592 0.107087
22 19 0.626971 0.155573
22 20 0.378225 1.000000
22 21 0.134694 1.000000
22 22 0.000000 1.000000
22 23 0.134782 1.000000
22 24 0.376702 1.000000
22 25 0.616864 0.149033
22 26 0.606832 0.430404
22 27 0.677891 0.341234
22 28 0.759294 0.255151
22 29 0.939091 0.145652
22 30 0.998090 0.153430
22 31 1.040563 0.093530
22 32 0.979559 0.145734
22 33 1.128783 0.034014
22 34 1.145675 0.068713
22 35 1.156731 0.037085
22 36 1.156227 0.067135
22 37 1.189862 0.113333
22 38 1.177090 0.204473
22 39 1.174202 0.153809
22 40 1.213342 0.201563
22 41 1.286124 0.128544
22 42 1.499555 0.034049
23 1 1.906151 0.045996
23 2 1.841804 0.033515
23 3 1.724537 0.032117
23 4 1.630431 0.029892
23 5 1.567979 0.086579
23 6 1.654663 0.028061
23 7 1.730352 0.012152
23 8 1.749368 0.008977
23 9 1.779700 0.004274
23 10 1.618519 0.025296
23 11 1.683533 0.005530
23 12 1.641524 0.007020
23 13 1.643355 0.005817
23 14 1.495060 0.011685
23 15 1.288825 0.022578
23 16 1.114692 0.080187
23 17 1.115444 0.021802
23 18 0.913689 0.078255
23 19 0.834636 0.070569
23 20 0.621369 0.190888
23 21 0.385111 1.000000
23 22 0.134782 1.000000
23 23 0.000000 1.000000
23 24 0.134858 1.000000
23 25 0.349918 1.000000
23 26 0.432149 0.698216
23 27 0.572555 0.437115
23 28 0.665987 0.298991
23 29 0.871455 0.120978
23 30 0.970908 0.108299
23 31 1.042495 0.068969
23 32 0.999053 0.086522
23 33 1.174643 0.012064
23 34 1.204374 0.025381
23 35 1.231494 0.028427
23 36 1.236618 0.042038
23 37 1.289871 0.034573
23 38 1.283005 0.022622
23 39 1.270865 0.050005
23 40 1.275725 0.130066
23 41 1.344748 0.102210
23 42 1.548314 0.022032
24 1 1.926575 0.032575
24 2 1.861111 0.037938
24 3 1.744105 0.049181
24 4 1.646485 0.072978
24 5 1.600164 0.080481
24 6 1.679835 0.047814
24 7 1.749813 0.030510
24 8 1.775236 0.026881
24 9 1.807398 0.026726
24 10 1.651557 0.058366
24 11 1.731989 0.009829
24 12 1.690650 0.014113
24 13 1.708826 0.010824
24 14 1.581498 0.012960
24 15 1.373357 0.020018
24 16 1.237707 0.034724
24 17 1.228510 0.020419
24 18 1.053666 0.066172
24 19 0.997834 0.065248
24 20 0.821283 0.124968
24 21 0.643677 0.129706
24 22 0.376702 1.000000
24 23 0.134858 1.000000
24 24 0.000000 1.000000
24 25 0.135122 1.000000
24 26 0.356446 1.000000
24 27 0.546495 0.403312
24 28 0.635788 0.349128
24 29 0.847360 0.173493
24 30 0.963765 0.124147
24 31 1.040419 0.090502
24 32 1.003872 0.148418
24 33 1.175709 0.067839
24 34 1.198745 0.059481
24 35 1.243586 0.051201
24 36 1.259097 0.111793
24 37 1.334323 0.042171
24 38 1.329933 0.028415
24 39 1.309177 0.033538
24 40 1.278434 0.161612
24 41 1.338008 0.129996
24 42 1.523494 0.087693
25 1 1.983422 0.026325
25 2 1.917632 0.033667
25 3 1.801192 0.052369
25 4 1.702799 0.070494
25 5 1.668960 0.068956
25 6 1.745919 0.036732
25 7 1.822853 0.017645
25 8 1.855394 0.016082
25 9 1.891855 0.016723
25 10 1.732943 0.045071
25 11 1.818969 0.008807
25 12 1.784616 0.010861
25 13 1.808125 0.006881
25 14 1.684529 0.010732
25 15 1.478299 0.016613
25 16 1.377549 0.019826
25 17 1.360066 0.048266
25 18 1.214365 0.032490
25 19 1.164204 0.029317
25 20 1.009664 0.046665
25 21 0.853931 0.040652
25 22 0.616864 0.149033
25 23 0.349918 1.000000
25 24 0.135122 1.000000
25 25 0.000000 1.000000
25 26 0.134580 1.000000
25 27 0.374485 1.000000
25 28 0.521118 0.479873
25 29 0.729316 0.206535
25 30 0.871503 0.125934
25 31 0.980046 0.071687
25 32 0.972981 0.101219
25 33 1.152770 0.040523
25 34 1.194109 0.033276
25 35 1.273325 0.024545
25 36 1.291539 0.116711
25 37 1.384096 0.077075
25 38 1.392277 0.022521
25 39 1.374425 0.021679
25 40 1.337292 0.047489
25 41 1.410521 0.030334
25 42 1.593572 0.014220
26 1 1.918188 0.037556
26 2 1.851179 0.041347
26 3 1.735818 0.062413
26 4 1.639655 0.070288
26 5 1.611157 0.081876
26 6 1.685139 0.036056
26 7 1.768095 0.017260
26 8 1.803203 0.013166
26 9 1.843753 0.008444
26 10 1.685678 0.026129
26 11 1.767595 0.008134
26 12 1.741236 0.007553
26 13 1.758842 0.008169
26 14 1.623211 0.015363
26 15 1.423941 0.039099
26 16 1.318514 0.095335
26 17 1.310148 0.104060
26 18 1.148861 0.141410
26 19 1.085785 0.092239
26 20 0.937222 0.115937
26 21 0.802971 0.225858
26 22 0.606832 0.430404
26 23 0.432149 0.698216
26 24 0.356446 1.000000
26 25 0.134580 1.000000
26 26 0.000000 1.000000
26 27 0.134934 1.000000
26 28 0.356454 1.000000
26 29 0.568501 0.353803
26 30 0.731705 0.233036
26 31 0.857372 0.098529
26 32 0.874587 0.079619
26 33 1.045728 0.025949
26 34 1.104341 0.032177
26 35 1.192805 0.020116
26 36 1.207165 0.102854
26 37 1.286206 0.094931
26 38 1.298551 0.099117
26 39 1.296217 0.040580
26 40 1.279903 0.033629
26 41 1.358538 0.028156
26 42 1.551774 0.021199
27 1 1.890795 0.040962
27 2 1.824538 0.043433
27 3 1.711243 0.057792
27 4 1.613042 0.069370
27 5 1.593117 0.075093
27 6 1.664584 0.042796
27 7 1.749963 0.017929
27 8 1.788285 0.015669
27 9 1.832314 0.011010
27 10 1.676678 0.029118
27 11 1.759342 0.009716
27 12 1.738538 0.008623
27 13 1.760033 0.011408
27 14 1.621219 0.014646
27 15 1.429360 0.021979
27 16 1.338591 0.036224
27 17 1.330718 0.060835
27 18 1.178016 0.131622
27 19 1.103076 0.108049
27 20 0.959924 0.141334
27 21 0.868301 0.224766
27 22 0.677891 0.341234
27 23 0.572555 0.437115
27 24 0.546495 0.403312
27 25 0.374485 1.000000
27 26 0.134934 1.000000
27 27 0.000000 1.000000
27 28 0.134825 1.000000
27 29 0.369633 1.000000
27 30 0.574203 0.340385
27 31 0.721465 0.233674
27 32 0.766294 0.193763
27 33 0.927092 0.074269
27 34 1.006726 0.059859
27 35 1.115458 0.040141
27 36 1.131548 0.113112
27 37 1.215538 0.099861
27 38 1.235078 0.111727
27 39 1.221553 0.134810
27 40 1.216844 0.132777
27 41 1.295496 0.144664
27 42 1.496080 0.035633
28 1 1.845514 0.054945
28 2 1.781324 0.045554
28 3 1.660658 0.074808
28 4 1.564834 0.073281
28 5 1.544072 0.074805
28 6 1.603993 0.053401
28 7 1.683162 0.045059
28 8 1.719369 0.026385
28 9 1.761502 0.018841
28 10 1.610545 0.054200
28 11 1.688633 0.024977
28 12 1.674028 0.020003
28 13 1.696467 0.015322
28 14 1.566678 0.015359
28 15 1.388534 0.029093
28 16 1.317886 0.022035
28 17 1.309717 0.047770
28 18 1.177134 0.091266
28 19 1.113118 0.055945
28 20 0.995262 0.098709
28 21 0.934599 0.087848
28 22 0.759294 0.255151
28 23 0.665987 0.298991
28 24 0.635788 0.349128
28 25 0.521118 0.479873
28 26 0.356454 1.000000
28 27 0.134825 1.000000
28 28 0.000000 1.000000
28 29 0.135028 1.000000
28 30 0.386223 1.000000
28 31 0.578069 0.295389
28 32 0.636339 0.412211
28 33 0.796987 0.271886
28 34 0.900489 0.141129
28 35 1.030257 0.047066
28 36 1.047105 0.157268
28 37 1.160175 0.122620
28 38 1.198405 0.049140
28 39 1.190576 0.141697
28 40 1.170599 0.165848
28 41 1.262799 0.175661
28 42 1.443603 0.091339
29 1 1.938288 0.023449
29 2 1.863606 0.025706
29 3 1.742571 0.035375
29 4 1.634803 0.043383
29 5 1.613750 0.043651
29 6 1.669209 0.025296
29 7 1.747667 0.014027
29 8 1.773571 0.013305
29 9 1.809277 0.011092
29 10 1.655103 0.023254
29 11 1.726442 0.011493
29 12 1.708643 0.011019
29 13 1.729084 0.010760
29 14 1.599109 0.011875
29 15 1.429795 0.021054
29 16 1.384283 0.015148
29 17 1.366561 0.087283
29 18 1.259082 0.109072
29 19 1.197066 0.054184
29 20 1.105387 0.077103
29 21 1.090810 0.068496
29 22 0.939091 0.145652
29 23 0.871455 0.120978
29 24 0.847360 0.173493
29 25 0.729316 0.206535
29 26 0.568501 0.353803
29 27 0.369633 1.000000
29 28 0.135028 1.000000
29 29 0.000000 1.000000
29 30 0.134550 1.000000
29 31 0.370448 1.000000
29 32 0.516301 0.495845
29 33 0.668334 0.370908
29 34 0.803708 0.237077
29 35 0.967251 0.041577
29 36 1.030945 0.019144
29 37 1.176509 0.012462
29 38 1.230013 0.010331
29 39 1.236909 0.028162
29 40 1.213830 0.138503
29 41 1.320733 0.134191
29 42 1.519546 0.053224
30 1 1.904130 0.021941
30 2 1.822710 0.026546
30 3 1.698635 0.034743
30 4 1.580843 0.052798
30 5 1.551328 0.051747
30 6 1.600390 0.028298
30 7 1.671560 0.015542
30 8 1.686979 0.014046
30 9 1.715172 0.012654
30 10 1.559059 0.034260
30 11 1.622470 0.011878
30 12 1.603203 0.020050
30 13 1.618549 0.018497
30 14 1.490897 0.019488
30 15 1.329443 0.030441
30 16 1.307451 0.021511
30 17 1.285875 0.107664
30 18 1.215152 0.110155
30 19 1.147029 0.081841
30 20 1.082510 0.125647
30 21 1.116460 0.085035
30 22 0.998090 0.153430
30 23 0.970908 0.108299
30 24 0.963765 0.124147
30 25 0.871503 0.125934
30 26 0.731705 0.233036
30 27 0.574203 0.340385
30 28 0.386223 1.000000
30 29 0.134550 1.000000
30 30 0.000000 1.000000
30 31 0.134917 1.000000
30 32 0.351770 1.000000
30 33 0.510321 0.527292
30 34 0.610149 0.482442
30 35 0.791685 0.137935
30 36 0.899550 0.023595
30 37 1.059102 0.012092
30 38 1.122748 0.019065
30 39 1.157493 0.024898
30 40 1.137834 0.126038
30 41 1.264005 0.122913
30 42 1.473487 0.034248
31 1 1.823604 0.024062
31 2 1.736586 0.036943
31 3 1.607158 0.046119
31 4 1.482200 0.098643
31 5 1.450762 0.066318
31 6 1.488660 0.050803
31 7 1.554039 0.026625
31 8 1.562502 0.032250
31 9 1.585983 0.028184
31 10 1.434747 0.071384
31 11 1.489534 0.023954
31 12 1.478820 0.065629
31 13 1.490179 0.031666
31 14 1.364274 0.029254
31 15 1.229763 0.060888
31 16 1.216305 0.030612
31 17 1.217938 0.116461
31 18 1.168048 0.132171
31 19 1.083812 0.137357
31 20 1.044253 0.144046
31 21 1.128572 0.065667
31 22 1.040563 0.093530
31 23 1.042495 0.068969
31 24 1.040419 0.090502
31 25 0.980046 0.071687
31 26 0.857372 0.098529
31 27 0.721465 0.233674
31 28 0.578069 0.295389
31 29 0.370448 1.000000
31 30 0.134917 1.000000
31 31 0.000000 1.000000
31 32 0.134983 1.000000
31 33 0.357816 1.000000
31 34 0.486997 0.589336
31 35 0.591436 0.538870
31 36 0.692227 0.167101
31 37 0.908816 0.019450
31 38 1.016482 0.028241
31 39 1.087857 0.038923
31 40 1.087399 0.069073
31 41 1.235640 0.062186
31 42 1.450785 0.016322
32 1 1.774853 0.020274
32 2 1.679697 0.032398
32 3 1.546080 0.040138
32 4 1.414132 0.092355
32 5 1.365831 0.075266
32 6 1.405494 0.062293
32 7 1.464077 0.035618
32 8 1.463983 0.034336
32 9 1.482958 0.030075
32 10 1.334131 0.094161
32 11 1.384169 0.029955
32 12 1.372483 0.067732
32 13 1.384683 0.037796
32 14 1.256234 0.041984
32 15 1.126815 0.064796
32 16 1.100276 0.058155
32 17 1.106163 0.106181
32 18 1.063210 0.089818
32 19 0.972149 0.142357
32 20 0.939164 0.248298
32 21 1.039649 0.089126
32 22 0.979559 0.145734
32 23 0.999053 0.086522
32 24 1.003872 0.148418
32 25 0.972981 0.101219
32 26 0.874587 0.079619
32 27 0.766294 0.193763
32 28 0.636339 0.412211
32 29 0.516301 0.495845
32 30 0.351770 1.000000
32 31 0.134983 1.000000
32 32 0.000000 1.000000
32 33 0.135184 1.000000
32 34 0.364144 1.000000
32 35 0.482681 0.553141
32 36 0.491289 0.694494
32 37 0.675578 0.323996
32 38 0.805219 0.149557
32 39 0.907844 0.091314
32 40 0.957328 0.081169
32 41 1.118928 0.067665
32 42 1.349970 0.028355
33 1 1.835241 0.015151
33 2 1.734797 0.021196
33 3 1.596747 0.025438
33 4 1.456624 0.045674
33 5 1.406047 0.060409
33 6 1.435537 0.043607
33 7 1.486635 0.023939
33 8 1.477855 0.023547
33 9 1.490329 0.016357
33 10 1.343784 0.044364
33 11 1.387724 0.020871
33 12 1.378989 0.023481
33 13 1.399400 0.023705
33 14 1.271994 0.029822
33 15 1.133273 0.059591
33 16 1.157029 0.038698
33 17 1.162279 0.058029
33 18 1.158316 0.043443
33 19 1.064373 0.063811
33 20 1.060043 0.057555
33 21 1.174503 0.019621
33 22 1.128783 0.034014
33 23 1.174643 0.012064
33 24 1.175709 0.067839
33 25 1.152770 0.040523
33 26 1.045728 0.025949
33 27 0.927092 0.074269
33 28 0.796987 0.271886
33 29 0.668334 0.370908
33 30 0.510321 0.527292
33 31 0.357816 1.000000
33 32 0.135184 1.000000
33 33 0.000000 1.000000
33 34 0.134590 1.000000
33 35 0.351961 1.000000
33 36 0.444944 0.718370
33 37 0.595733 0.464539
33 38 0.719164 0.233778
33 39 0.821957 0.160210
33 40 0.890979 0.197984
33 41 1.075140 0.080089
33 42 1.319007 0.023465
34 1 1.745418 0.025539
34 2 1.641694 0.041003
34 3 1.497083 0.054648
34 4 1.351081 0.109899
34 5 1.298414 0.128254
34 6 1.310308 0.122086
34 7 1.350998 0.089174
34 8 1.338743 0.110193
34 9 1.344900 0.080174
34 10 1.202033 0.145984
34 11 1.243553 0.075695
34 12 1.232263 0.098507
34 13 1.257347 0.059894
34 14 1.142787 0.096563
34 15 0.996733 0.271530
34 16 1.056643 0.099161
34 17 1.069544 0.113769
34 18 1.102918 0.086983
34 19 1.024423 0.114921
34 20 1.045368 0.093747
34 21 1.174023 0.030555
34 22 1.145675 0.068713
34 23 1.204374 0.025381
34 24 1.198745 0.059481
34 25 1.194109 0.033276
34 26 1.104341 0.032177
34 27 1.006726 0.059859
34 28 0.900489 0.141129
34 29 0.803708 0.237077
34 30 0.610149 0.482442
34 31 0.486997 0.589336
34 32 0.364144 1.000000
34 33 0.134590 1.000000
34 34 0.000000 1.000000
34 35 0.134875 1.000000
34 36 0.355738 1.000000
34 37 0.542831 0.434009
34 38 0.646634 0.296380
34 39 0.728462 0.231969
34 40 0.785978 0.269086
34 41 0.979154 0.130432
34 42 1.211475 0.030949
35 1 1.708966 0.026435
35 2 1.602454 0.047303
35 3 1.451870 0.062429
35 4 1.303939 0.161874
35 5 1.241149 0.122471
35 6 1.249828 0.131912
35 7 1.277571 0.090875
35 8 1.253099 0.130975
35 9 1.247679 0.125552
35 10 1.109714 0.237519
35 11 1.131738 0.197753
35 12 1.130190 0.192394
35 13 1.140184 0.105338
35 14 1.020615 0.260876
35 15 0.936230 0.345795
35 16 0.957955 0.215202
35 17 0.995669 0.168960
35 18 1.037400 0.152518
35 19 0.957141 0.180080
35 20 0.989209 0.149074
35 21 1.148402 0.045122
35 22 1.156731 0.037085
35 23 1.231494 0.028427
35 24 1.243586 0.051201
35 25 1.273325 0.024545
35 26 1.192805 0.020116
35 27 1.115458 0.040141
35 28 1.030257 0.047066
35 29 0.967251 0.041577
35 30 0.791685 0.137935
35 31 0.591436 0.538870
35 32 0.482681 0.553141
35 33 0.351961 1.000000
35 34 0.134875 1.000000
35 35 0.000000 1.000000
35 36 0.134821 1.000000
35 37 0.370199 1.000000
35 38 0.549237 0.397776
35 39 0.692645 0.302599
35 40 0.794304 0.176794
35 41 0.993179 0.138841
35 42 1.238651 0.033291
36 1 1.766082 0.022108
36 2 1.663640 0.037976
36 3 1.517147 0.047666
36 4 1.376158 0.114085
36 5 1.307393 0.083555
36 6 1.338608 0.080629
36 7 1.374579 0.052420
36 8 1.351192 0.068593
36 9 1.353348 0.060030
36 10 1.207163 0.153282
36 11 1.235769 0.059651
36 12 1.232582 0.083482
36 13 1.240617 0.061826
36 14 1.099134 0.168938
36 15 1.013921 0.257041
36 16 0.983608 0.236407
36 17 1.028256 0.119353
36 18 1.045064 0.120117
36 19 0.939914 0.212305
36 20 0.959502 0.227714
36 21 1.131443 0.055289
36 22 1.156227 0.067135
36 23 1.236618 0.042038
36 24 1.259097 0.111793
36 25 1.291539 0.116711
36 26 1.207165 0.102854
36 27 1.131548 0.113112
36 28 1.047105 0.157268
36 29 1.030945 0.019144
36 30 0.899550 0.023595
36 31 0.692227 0.167101
36 32 0.491289 0.694494
36 33 0.444944 0.718370
36 34 0.355738 1.000000
36 35 0.134821 1.000000
36 36 0.000000 1.000000
36 37 0.135102 1.000000
36 38 0.381216 1.000000
36 39 0.586873 0.290475
36 40 0.740534 0.196626
36 41 0.944802 0.095676
36 42 1.213341 0.025848
37 1 1.823437 0.017342
37 2 1.723729 0.026117
37 3 1.576748 0.037549
37 4 1.445051 0.080373
37 5 1.361211 0.092788
37 6 1.414576 0.066842
37 7 1.447849 0.045542
37 8 1.425521 0.058344
37 9 1.427859 0.045889
37 10 1.284527 0.089486
37 11 1.305981 0.037638
37 12 1.286823 0.054093
37 13 1.306130 0.050257
37 14 1.168576 0.141237
37 15 1.052339 0.275936
37 16 1.027104 0.303501
37 17 1.055653 0.097434
37 18 1.066122 0.121452
37 19 0.971968 0.290623
37 20 0.988409 0.304852
37 21 1.151592 0.182978
37 22 1.189862 0.113333
37 23 1.289871 0.034573
37 24 1.334323 0.042171
37 25 1.384096 0.077075
37 26 1.286206 0.094931
37 27 1.215538 0.099861
37 28 1.160175 0.122620
37 29 1.176509 0.012462
37 30 1.059102 0.012092
37 31 0.908816 0.019450
37 32 0.675578 0.323996
37 33 0.595733 0.464539
37 34 0.542831 0.434009
37 35 0.370199 1.000000
37 36 0.135102 1.000000
37 37 0.000000 1.000000
37 38 0.134723 1.000000
37 39 0.397366 1.000000
37 40 0.621275 0.181216
37 41 0.852070 0.063303
37 42 1.125921 0.021388
38 1 1.831455 0.018557
38 2 1.733619 0.025347
38 3 1.587656 0.038272
38 4 1.465599 0.096553
38 5 1.377048 0.114107
38 6 1.444202 0.072687
38 7 1.478094 0.048108
38 8 1.462108 0.057543
38 9 1.467511 0.046867
38 10 1.326673 0.082447
38 11 1.359467 0.023800
38 12 1.323680 0.039832
38 13 1.355403 0.044841
38 14 1.228543 0.068972
38 15 1.086183 0.269481
38 16 1.040778 0.292204
38 17 1.048848 0.201443
38 18 1.043426 0.189931
38 19 0.958201 0.328425
38 20 0.981466 0.331746
38 21 1.126304 0.272839
38 22 1.177090 0.204473
38 23 1.283005 0.022622
38 24 1.329933 0.028415
38 25 1.392277 0.022521
38 26 1.298551 0.099117
38 27 1.235078 0.111727
38 28 1.198405 0.049140
38 29 1.230013 0.010331
38 30 1.122748 0.019065
38 31 1.016482 0.028241
38 32 0.805219 0.149557
38 33 0.719164 0.233778
38 34 0.646634 0.296380
38 35 0.549237 0.397776
38 36 0.381216 1.000000
38 37 0.134723 1.000000
38 38 0.000000 1.000000
38 39 0.134473 1.000000
38 40 0.380354 1.000000
38 41 0.652127 0.100568
38 42 0.922714 0.031940
39 1 1.806607 0.021451
39 2 1.711535 0.037802
39 3 1.567742 0.091468
39 4 1.461310 0.117601
39 5 1.373153 0.125110
39 6 1.447474 0.076889
39 7 1.474728 0.054727
39 8 1.456816 0.066655
39 9 1.457861 0.057760
39 10 1.318696 0.100127
39 11 1.350896 0.052495
39 12 1.291049 0.142906
39 13 1.334083 0.045343
39 14 1.245548 0.055810
39 15 1.094277 0.286816
39 16 1.051306 0.284752
39 17 1.024359 0.290604
39 18 1.015182 0.271555
39 19 0.983486 0.308334
39 20 1.024434 0.235341
39 21 1.117583 0.267994
39 22 1.174202 0.153809
39 23 1.270865 0.050005
39 24 1.309177 0.033538
39 25 1.374425 0.021679
39 26 1.296217 0.040580
39 27 1.221553 0.134810
39 28 1.190576 0.141697
39 29 1.236909 0.028162
39 30 1.157493 0.024898
39 31 1.087857 0.038923
39 32 0.907844 0.091314
39 33 0.821957 0.160210
39 34 0.728462 0.231969
39 35 0.692645 0.302599
39 36 0.586873 0.290475
39 37 0.397366 1.000000
39 38 0.134473 1.000000
39 39 0.000000 1.000000
39 40 0.134895 1.000000
39 41 0.365149 1.000000
39 42 0.633885 0.156012
40 1 1.802547 0.035087
40 2 1.712108 0.078217
40 3 1.582660 0.093763
40 4 1.485924 0.115312
40 5 1.408132 0.141183
40 6 1.493673 0.043035
40 7 1.530326 0.030851
40 8 1.525154 0.041804
40 9 1.535981 0.031379
40 10 1.395060 0.082147
40 11 1.455588 0.015988
40 12 1.393929 0.044427
40 13 1.448107 0.032824
40 14 1.365067 0.040999
40 15 1.190865 0.148307
40 16 1.171874 0.088347
40 17 1.135308 0.134119
40 18 1.128541 0.141735
40 19 1.099948 0.083874
40 20 1.125197 0.087226
40 21 1.196287 0.196248
40 22 1.213342 0.201563
40 23 1.275725 0.130066
40 24 1.278434 0.161612
40 25 1.337292 0.047489
40 26 1.279903 0.033629
40 27 1.216844 0.132777
40 28 1.170599 0.165848
40 29 1.213830 0.138503
40 30 1.137834 0.126038
40 31 1.087399 0.069073
40 32 0.957328 0.081169
40 33 0.890979 0.197984
40 34 0.785978 0.269086
40 35 0.794304 0.176794
40 36 0.740534 0.196626
40 37 0.621275 0.181216
40 38 0.380354 1.000000
40 39 0.134895 1.000000
40 40 0.000000 1.000000
40 41 0.134856 1.000000
40 42 0.379235 1.000000
41 1 1.853394 0.056990
41 2 1.776663 0.077277
41 3 1.650844 0.094054
41 4 1.569431 0.104984
41 5 1.486707 0.110445
41 6 1.580861 0.034996
41 7 1.615326 0.023219
41 8 1.615400 0.026660
41 9 1.628873 0.019965
41 10 1.490854 0.056883
41 11 1.556139 0.014062
41 12 1.484988 0.054935
41 13 1.541861 0.029945
41 14 1.474283 0.035229
41 15 1.309269 0.075402
41 16 1.274679 0.068316
41 17 1.206616 0.167972
41 18 1.188299 0.140542
41 19 1.179048 0.076879
41 20 1.220869 0.077892
41 21 1.264114 0.142919
41 22 1.286124 0.128544
41 23 1.344748 0.102210
41 24 1.338008 0.129996
41 25 1.410521 0.030334
41 26 1.358538 0.028156
41 27 1.295496 0.144664
41 28 1.262799 0.175661
41 29 1.320733 0.134191
41 30 1.264005 0.122913
41 31 1.235640 0.062186
41 32 1.118928 0.067665
41 33 1.075140 0.080089
41 34 0.979154 0.130432
41 35 0.993179 0.138841
41 36 0.944802 0.095676
41 37 0.852070 0.063303
41 38 0.652127 0.100568
41 39 0.365149 1.000000
41 40 0.134856 1.000000
41 41 0.000000 1.000000
41 42 0.134614 1.000000
42 1 1.993655 0.062823
42 2 1.931677 0.058862
42 3 1.811630 0.072201
42 4 1.739352 0.039481
42 5 1.652038 0.091235
42 6 1.755276 0.022982
42 7 1.785054 0.020902
42 8 1.792865 0.017108
42 9 1.809081 0.010969
42 10 1.671276 0.032218
42 11 1.745781 0.007774
42 12 1.672110 0.018762
42 13 1.732075 0.016076
42 14 1.679234 0.013336
42 15 1.515687 0.025637
42 16 1.489230 0.053183
42 17 1.423895 0.060412
42 18 1.423664 0.033320
42 19 1.413190 0.035390
42 20 1.456075 0.029567
42 21 1.498830 0.019715
42 22 1.499555 0.034049
42 23 1.548314 0.022032
42 24 1.523494 0.087693
42 25 1.593572 0.014220
42 26 1.551774 0.021199
42 27 1.496080 0.035633
42 28 1.443603 0.091339
42 29 1.519546 0.053224
42 30 1.473487 0.034248
42 31 1.450785 0.016322
42 32 1.349970 0.028355
42 33 1.319007 0.023465
42 34 1.211475 0.030949
42 35 1.238651 0.033291
42 36 1.213341 0.025848
42 37 1.125921 0.021388
42 38 0.922714 0.031940
42 39 0.633885 0.156012
42 40 0.379235 1.000000
42 41 0.134614 1.000000
42 42 0.000000 1.000000
