; Made using MAGROS.FF script by Emanuele Scalone at Camilloni Lab
; Distance cutoff: 5.5
; Residue cutoff: 2
; LJ_reduction: 0.15
; Protein: ABetaall
; 2022-01-24 13:02:39.200819

[ pairs ]
; ai  aj  func           c6          c12
   1   4     1 0.000000e+00 5.076159e-07
   1   8     1 0.000000e+00 2.284500e-07
   1   9     1 0.000000e+00 6.958587e-07
 100 103     1 6.165203e-03 5.828000e-06
 100 104     1 0.000000e+00 2.222000e-06
 100 105     1 0.000000e+00 1.841000e-06
 100 106     1 0.000000e+00 2.222000e-06
 100 107     1 0.000000e+00 2.222000e-06
 100 108     1 0.000000e+00 1.841000e-06
 100 109     1 0.000000e+00 2.222000e-06
 100 110     1 0.000000e+00 1.000000e-06
 100 111     1 0.000000e+00 1.523000e-06
 100  92     1 0.000000e+00 2.222000e-06
 100  93     1 0.000000e+00 1.000000e-06
 100  94     1 0.000000e+00 2.284500e-07
 100  97     1 0.000000e+00 5.162000e-06
 100  98     1 0.000000e+00 5.162000e-06
 101 104     1 0.000000e+00 5.076159e-07
 101 106     1 0.000000e+00 3.384106e-06
 101 108     1 0.000000e+00 2.803843e-06
 101 110     1 0.000000e+00 2.284500e-07
 101 111     1 0.000000e+00 6.958587e-07
 101  92     1 0.000000e+00 3.384106e-06
 101  93     1 0.000000e+00 1.523000e-06
 101  94     1 0.000000e+00 6.958587e-07
 101  96     1 0.000000e+00 2.250232e-06
 102 107     1 0.000000e+00 2.188670e-05
 102 108     1 0.000000e+00 1.813385e-05
 102 113     1 0.000000e+00 5.740580e-05
 102 119     1 0.000000e+00 2.188670e-05
 102 120     1 0.000000e+00 9.850000e-06
 103 111     1 0.000000e+00 1.331407e-06
 103 112     1 0.000000e+00 5.740580e-05
 103 113     1 0.000000e+00 3.396558e-05
 104 110     1 0.000000e+00 2.222000e-06
 104  99     1 0.000000e+00 4.937284e-06
 105 110     1 0.000000e+00 1.841000e-06
 105 115     1 0.000000e+00 3.389281e-06
 105 117     1 0.000000e+00 4.090702e-06
 106  94     1 0.000000e+00 3.384106e-06
 106  99     1 0.000000e+00 4.937284e-06
 107 115     1 0.000000e+00 4.090702e-06
 107 117     1 0.000000e+00 4.937284e-06
 108  99     1 0.000000e+00 4.090702e-06
 109 120     1 0.000000e+00 2.222000e-06
 109 121     1 0.000000e+00 3.384106e-06
  11  14     1 0.000000e+00 1.179259e-06
  11   8     1 6.994887e-03 5.162000e-06
 110 113     1 6.165203e-03 5.828000e-06
 110 114     1 0.000000e+00 2.222000e-06
 110 115     1 0.000000e+00 1.841000e-06
 110 117     1 0.000000e+00 2.222000e-06
 110 121     1 0.000000e+00 1.523000e-06
 110  99     1 0.000000e+00 2.222000e-06
 111 114     1 0.000000e+00 5.076159e-07
 111 120     1 0.000000e+00 2.284500e-07
 111 121     1 0.000000e+00 6.958587e-07
 111 122     1 0.000000e+00 1.500155e-05
 111 124     1 0.000000e+00 8.876044e-06
 111 125     1 0.000000e+00 3.384106e-06
 111 127     1 0.000000e+00 3.426750e-06
 111  99     1 0.000000e+00 3.384106e-06
 112 117     1 0.000000e+00 2.188670e-05
 112 118     1 0.000000e+00 1.813385e-05
 112 127     1 0.000000e+00 2.216250e-05
 113 121     1 0.000000e+00 1.331407e-06
 114 120     1 0.000000e+00 2.222000e-06
 115 120     1 0.000000e+00 1.841000e-06
 116 119     1 0.000000e+00 4.937284e-06
 116 120     1 0.000000e+00 2.222000e-06
 117 120     1 0.000000e+00 2.222000e-06
 118 120     1 0.000000e+00 1.841000e-06
 119 129     1 0.000000e+00 2.222000e-06
 119 130     1 0.000000e+00 3.384106e-06
  12  23     1 0.000000e+00 3.384106e-06
 120 123     1 6.165203e-03 5.828000e-06
 120 128     1 0.000000e+00 2.222000e-06
 120 129     1 0.000000e+00 1.000000e-06
 120 130     1 0.000000e+00 1.523000e-06
 121 124     1 0.000000e+00 1.331407e-06
 121 125     1 0.000000e+00 3.384106e-06
 121 126     1 0.000000e+00 1.523000e-06
 121 127     1 0.000000e+00 3.426750e-06
 121 129     1 0.000000e+00 2.284500e-07
 121 130     1 0.000000e+00 6.958587e-07
 122 126     1 0.000000e+00 9.850000e-06
 122 127     1 0.000000e+00 2.216250e-05
 123 130     1 0.000000e+00 1.331407e-06
 124 129     1 0.000000e+00 5.828000e-06
 128 138     1 0.000000e+00 2.222000e-06
 128 139     1 0.000000e+00 3.384106e-06
 129 132     1 6.165203e-03 5.828000e-06
 129 137     1 0.000000e+00 2.222000e-06
 129 138     1 0.000000e+00 1.000000e-06
 129 139     1 0.000000e+00 1.523000e-06
  13  16     1 6.165203e-03 5.828000e-06
  13  23     1 0.000000e+00 1.523000e-06
  13   9     1 0.000000e+00 2.284500e-07
 130 133     1 0.000000e+00 1.331407e-06
 130 138     1 0.000000e+00 2.284500e-07
 130 139     1 0.000000e+00 6.958587e-07
 132 139     1 0.000000e+00 1.331407e-06
 133 138     1 0.000000e+00 5.828000e-06
 134 138     1 0.000000e+00 5.828000e-06
 137 146     1 0.000000e+00 2.222000e-06
 137 147     1 0.000000e+00 3.384106e-06
 138 141     1 6.165203e-03 5.828000e-06
 138 145     1 0.000000e+00 2.222000e-06
 138 146     1 0.000000e+00 1.000000e-06
 138 147     1 0.000000e+00 1.523000e-06
 139 142     1 0.000000e+00 2.250232e-06
 139 146     1 0.000000e+00 2.284500e-07
 139 147     1 0.000000e+00 6.958587e-07
  14  17     1 0.000000e+00 1.331407e-06
  14  22     1 0.000000e+00 2.284500e-07
  14  23     1 0.000000e+00 6.958587e-07
  14   7     1 0.000000e+00 3.384106e-06
  14   8     1 0.000000e+00 1.523000e-06
  14   9     1 0.000000e+00 6.958587e-07
 141 147     1 0.000000e+00 1.331407e-06
 142 146     1 0.000000e+00 9.850000e-06
 143 146     1 0.000000e+00 5.162000e-06
 144 146     1 0.000000e+00 5.162000e-06
 144 153     1 0.000000e+00 5.162000e-06
 145 153     1 0.000000e+00 2.222000e-06
 145 154     1 0.000000e+00 3.384106e-06
 146 149     1 5.557386e-03 9.850000e-06
 146 151     1 0.000000e+00 5.162000e-06
 146 152     1 0.000000e+00 2.222000e-06
 146 153     1 0.000000e+00 1.000000e-06
 146 154     1 0.000000e+00 1.523000e-06
 147 150     1 0.000000e+00 1.179259e-06
 147 151     1 0.000000e+00 1.179259e-06
 147 153     1 0.000000e+00 2.284500e-07
 147 154     1 0.000000e+00 6.958587e-07
 149 154     1 0.000000e+00 2.250232e-06
 150 153     1 0.000000e+00 5.162000e-06
 150 163     1 0.000000e+00 1.146996e-05
 150 164     1 0.000000e+00 5.162000e-06
 151 153     1 0.000000e+00 5.162000e-06
 152 157     1 0.000000e+00 4.937284e-06
 152 158     1 0.000000e+00 4.937284e-06
 152 164     1 0.000000e+00 2.222000e-06
 152 165     1 0.000000e+00 3.384106e-06
 153 156     1 6.165203e-03 5.828000e-06
 153 157     1 0.000000e+00 2.222000e-06
 153 158     1 0.000000e+00 2.222000e-06
 153 160     1 0.000000e+00 2.222000e-06
 153 163     1 0.000000e+00 2.222000e-06
 153 165     1 0.000000e+00 1.523000e-06
 154 157     1 0.000000e+00 5.076159e-07
 154 158     1 0.000000e+00 3.384106e-06
 154 164     1 0.000000e+00 2.284500e-07
 154 165     1 0.000000e+00 6.958587e-07
 155 160     1 0.000000e+00 2.188670e-05
 156 165     1 0.000000e+00 1.331407e-06
 157 164     1 0.000000e+00 2.222000e-06
 158 163     1 0.000000e+00 4.937284e-06
 158 164     1 0.000000e+00 2.222000e-06
  16  23     1 0.000000e+00 1.331407e-06
 163 168     1 0.000000e+00 4.937284e-06
 163 169     1 0.000000e+00 4.937284e-06
 163 175     1 0.000000e+00 2.222000e-06
 163 176     1 0.000000e+00 3.384106e-06
 164 167     1 6.165203e-03 5.828000e-06
 164 168     1 0.000000e+00 2.222000e-06
 164 169     1 0.000000e+00 2.222000e-06
 164 170     1 0.000000e+00 2.222000e-06
 164 171     1 0.000000e+00 2.222000e-06
 164 174     1 0.000000e+00 2.222000e-06
 164 175     1 0.000000e+00 1.000000e-06
 164 176     1 0.000000e+00 1.523000e-06
 165 168     1 0.000000e+00 5.076159e-07
 165 169     1 0.000000e+00 3.384106e-06
 165 170     1 0.000000e+00 3.384106e-06
 165 175     1 0.000000e+00 2.284500e-07
 165 176     1 0.000000e+00 6.958587e-07
 167 173     1 0.000000e+00 1.294982e-05
 167 176     1 0.000000e+00 1.331407e-06
 168 175     1 0.000000e+00 2.222000e-06
 170 175     1 0.000000e+00 2.222000e-06
 174 181     1 0.000000e+00 3.384106e-06
 175 178     1 6.994887e-03 5.162000e-06
 175 179     1 0.000000e+00 2.222000e-06
 175 181     1 0.000000e+00 1.523000e-06
 176 180     1 0.000000e+00 2.284500e-07
 176 181     1 0.000000e+00 6.958587e-07
 176 189     1 0.000000e+00 1.523000e-06
 177 184     1 0.000000e+00 5.740580e-05
 178 181     1 0.000000e+00 1.179259e-06
 179 184     1 0.000000e+00 1.294982e-05
 179 189     1 0.000000e+00 2.222000e-06
 179 190     1 0.000000e+00 3.384106e-06
 180 183     1 6.165203e-03 5.828000e-06
 180 184     1 0.000000e+00 5.828000e-06
 180 185     1 0.000000e+00 2.222000e-06
 180 187     1 0.000000e+00 8.611000e-07
 180 190     1 0.000000e+00 1.523000e-06
 181 184     1 0.000000e+00 1.331407e-06
 181 189     1 0.000000e+00 2.284500e-07
 181 190     1 0.000000e+00 6.958587e-07
 181 194     1 0.000000e+00 1.311455e-06
 182 193     1 0.000000e+00 2.188670e-05
 182 194     1 0.000000e+00 8.481835e-06
 183 190     1 0.000000e+00 1.331407e-06
 183 191     1 0.000000e+00 5.740580e-05
 183 192     1 0.000000e+00 3.396558e-05
 183 193     1 0.000000e+00 1.294982e-05
 183 194     1 0.000000e+00 5.018491e-06
 183 195     1 0.000000e+00 5.018491e-06
 183 196     1 0.000000e+00 1.294982e-05
 184 189     1 0.000000e+00 5.828000e-06
 184 190     1 0.000000e+00 8.876044e-06
 184 191     1 0.000000e+00 5.740580e-05
 184 193     1 0.000000e+00 1.294982e-05
 184 194     1 0.000000e+00 5.018491e-06
 185 188     1 0.000000e+00 4.937284e-06
 185 190     1 0.000000e+00 3.384106e-06
 185 193     1 0.000000e+00 4.937284e-06
 185 194     1 0.000000e+00 1.913364e-06
 186 193     1 0.000000e+00 1.913364e-06
 186 194     1 0.000000e+00 7.414932e-07
 186 195     1 0.000000e+00 7.414932e-07
 188 193     1 0.000000e+00 4.937284e-06
 188 194     1 0.000000e+00 1.913364e-06
 188 197     1 0.000000e+00 2.222000e-06
 188 198     1 0.000000e+00 3.384106e-06
 189 192     1 6.165203e-03 5.828000e-06
 189 194     1 0.000000e+00 8.611000e-07
 189 197     1 0.000000e+00 1.000000e-06
 189 198     1 0.000000e+00 1.523000e-06
 190 193     1 0.000000e+00 5.076159e-07
 190 194     1 0.000000e+00 1.311455e-06
 190 195     1 0.000000e+00 1.311455e-06
 190 197     1 0.000000e+00 2.284500e-07
 190 198     1 0.000000e+00 6.958587e-07
 192 198     1 0.000000e+00 1.331407e-06
 193 197     1 0.000000e+00 2.222000e-06
 194 196     1 0.000000e+00 1.913364e-06
 194 197     1 0.000000e+00 8.611000e-07
 194 198     1 0.000000e+00 1.311455e-06
 195 197     1 0.000000e+00 8.611000e-07
 196 204     1 0.000000e+00 2.222000e-06
 196 205     1 0.000000e+00 3.384106e-06
 197 200     1 5.557386e-03 9.850000e-06
 197 202     1 0.000000e+00 5.162000e-06
 197 203     1 0.000000e+00 2.222000e-06
 197 204     1 0.000000e+00 1.000000e-06
 197 205     1 0.000000e+00 1.523000e-06
 198 201     1 0.000000e+00 1.179259e-06
 198 202     1 0.000000e+00 1.179259e-06
 198 204     1 0.000000e+00 2.284500e-07
 198 205     1 0.000000e+00 6.958587e-07
 200 205     1 0.000000e+00 2.250232e-06
 201 204     1 0.000000e+00 5.162000e-06
 202 204     1 0.000000e+00 5.162000e-06
 203 208     1 0.000000e+00 2.222000e-06
 203 209     1 0.000000e+00 3.384106e-06
 204 207     1 0.000000e+00 2.222000e-06
 204 208     1 0.000000e+00 1.000000e-06
 204 209     1 0.000000e+00 1.523000e-06
 205 208     1 0.000000e+00 2.284500e-07
 205 209     1 0.000000e+00 6.958587e-07
 207 214     1 0.000000e+00 2.222000e-06
 207 215     1 0.000000e+00 3.384106e-06
 208 211     1 6.165203e-03 5.828000e-06
 208 212     1 0.000000e+00 1.227000e-06
 208 213     1 0.000000e+00 2.222000e-06
 208 215     1 0.000000e+00 1.523000e-06
 209 212     1 0.000000e+00 2.803082e-07
 209 214     1 0.000000e+00 2.284500e-07
 209 215     1 0.000000e+00 6.958587e-07
 209 216     1 0.000000e+00 1.500155e-05
  21  34     1 0.000000e+00 3.384106e-06
 211 215     1 0.000000e+00 1.331407e-06
 212 214     1 0.000000e+00 1.227000e-06
 213 222     1 0.000000e+00 2.222000e-06
 213 223     1 0.000000e+00 3.384106e-06
 214 217     1 6.165203e-03 5.828000e-06
 214 221     1 0.000000e+00 2.222000e-06
 214 222     1 0.000000e+00 1.000000e-06
 214 223     1 0.000000e+00 1.523000e-06
 215 218     1 0.000000e+00 5.076159e-07
 215 219     1 0.000000e+00 1.523000e-06
 215 222     1 0.000000e+00 2.284500e-07
 215 223     1 0.000000e+00 6.958587e-07
 217 223     1 0.000000e+00 1.331407e-06
 218 222     1 0.000000e+00 2.222000e-06
 218 223     1 0.000000e+00 3.384106e-06
 219 221     1 0.000000e+00 2.222000e-06
 219 222     1 0.000000e+00 1.000000e-06
 219 223     1 0.000000e+00 1.523000e-06
  22  25     1 6.165203e-03 5.828000e-06
  22  34     1 0.000000e+00 1.523000e-06
 220 223     1 0.000000e+00 3.426750e-06
 220 230     1 0.000000e+00 4.999500e-06
 221 232     1 0.000000e+00 3.384106e-06
 222 225     1 6.165203e-03 5.828000e-06
 222 226     1 0.000000e+00 5.828000e-06
 222 230     1 0.000000e+00 2.222000e-06
 222 231     1 0.000000e+00 1.000000e-06
 222 232     1 0.000000e+00 1.523000e-06
 223 226     1 0.000000e+00 1.331407e-06
 223 231     1 0.000000e+00 2.284500e-07
 223 232     1 0.000000e+00 6.958587e-07
 223 233     1 0.000000e+00 8.876044e-06
 225 232     1 0.000000e+00 1.331407e-06
  23  26     1 0.000000e+00 5.076159e-07
  23  33     1 0.000000e+00 2.284500e-07
  23  34     1 0.000000e+00 6.958587e-07
 230 236     1 0.000000e+00 3.384106e-06
 231 234     1 0.000000e+00 2.222000e-06
 231 236     1 0.000000e+00 1.523000e-06
 232 235     1 0.000000e+00 2.284500e-07
 232 236     1 0.000000e+00 6.958587e-07
 234 240     1 0.000000e+00 2.222000e-06
 234 241     1 0.000000e+00 3.384106e-06
 235 238     1 6.994887e-03 5.162000e-06
 235 239     1 0.000000e+00 2.222000e-06
 235 240     1 0.000000e+00 1.000000e-06
 235 241     1 0.000000e+00 1.523000e-06
 236 240     1 0.000000e+00 2.284500e-07
 236 241     1 0.000000e+00 6.958587e-07
 238 241     1 0.000000e+00 1.179259e-06
 239 244     1 0.000000e+00 1.294982e-05
 239 248     1 0.000000e+00 2.222000e-06
 239 249     1 0.000000e+00 3.384106e-06
 240 243     1 5.557386e-03 9.850000e-06
 240 244     1 0.000000e+00 5.828000e-06
 240 245     1 0.000000e+00 5.162000e-06
 240 247     1 0.000000e+00 2.222000e-06
 240 248     1 0.000000e+00 1.000000e-06
 240 249     1 0.000000e+00 1.523000e-06
 241 244     1 0.000000e+00 1.331407e-06
 241 245     1 0.000000e+00 1.179259e-06
 241 246     1 0.000000e+00 7.861726e-06
 241 248     1 0.000000e+00 2.284500e-07
 241 249     1 0.000000e+00 6.958587e-07
 243 249     1 0.000000e+00 2.250232e-06
 244 248     1 0.000000e+00 5.828000e-06
 245 248     1 0.000000e+00 5.162000e-06
 246 247     1 0.000000e+00 1.146996e-05
 246 248     1 0.000000e+00 5.162000e-06
 247 256     1 0.000000e+00 2.222000e-06
 247 257     1 0.000000e+00 3.384106e-06
 248 251     1 5.557386e-03 9.850000e-06
 248 252     1 0.000000e+00 5.828000e-06
 248 253     1 0.000000e+00 5.162000e-06
 248 255     1 0.000000e+00 2.222000e-06
 248 256     1 0.000000e+00 1.000000e-06
 248 257     1 0.000000e+00 1.523000e-06
 249 252     1 0.000000e+00 1.331407e-06
 249 253     1 0.000000e+00 1.179259e-06
 249 256     1 0.000000e+00 2.284500e-07
 249 257     1 0.000000e+00 6.958587e-07
  25  34     1 0.000000e+00 1.331407e-06
 250 259     1 0.000000e+00 2.188670e-05
 250 260     1 0.000000e+00 9.850000e-06
 251 257     1 0.000000e+00 2.250232e-06
 251 260     1 0.000000e+00 9.850000e-06
 252 256     1 0.000000e+00 5.828000e-06
 253 256     1 0.000000e+00 5.162000e-06
 253 259     1 0.000000e+00 1.146996e-05
 253 260     1 0.000000e+00 5.162000e-06
 255 260     1 0.000000e+00 2.222000e-06
 255 261     1 0.000000e+00 3.384106e-06
 256 259     1 0.000000e+00 2.222000e-06
 256 260     1 0.000000e+00 1.000000e-06
 256 261     1 0.000000e+00 1.523000e-06
 257 260     1 0.000000e+00 2.284500e-07
 257 261     1 0.000000e+00 6.958587e-07
 259 268     1 0.000000e+00 2.222000e-06
 259 269     1 0.000000e+00 3.384106e-06
 260 263     1 6.165203e-03 5.828000e-06
 260 267     1 0.000000e+00 2.222000e-06
 260 268     1 0.000000e+00 1.000000e-06
 260 269     1 0.000000e+00 1.523000e-06
 261 264     1 0.000000e+00 2.250232e-06
 261 265     1 0.000000e+00 7.861726e-06
 261 268     1 0.000000e+00 2.284500e-07
 261 269     1 0.000000e+00 6.958587e-07
 263 269     1 0.000000e+00 1.331407e-06
 264 268     1 0.000000e+00 9.850000e-06
 265 267     1 0.000000e+00 1.146996e-05
 265 268     1 0.000000e+00 5.162000e-06
 265 269     1 0.000000e+00 7.861726e-06
 267 276     1 0.000000e+00 2.222000e-06
 267 277     1 0.000000e+00 3.384106e-06
 268 271     1 6.165203e-03 5.828000e-06
 268 275     1 0.000000e+00 2.222000e-06
 268 276     1 0.000000e+00 1.000000e-06
 268 277     1 0.000000e+00 1.523000e-06
 269 272     1 0.000000e+00 1.331407e-06
 269 276     1 0.000000e+00 2.284500e-07
 269 277     1 0.000000e+00 6.958587e-07
 270 274     1 0.000000e+00 5.084570e-05
 271 277     1 0.000000e+00 1.331407e-06
 272 276     1 0.000000e+00 5.828000e-06
 275 283     1 0.000000e+00 2.222000e-06
 275 284     1 0.000000e+00 3.384106e-06
 276 279     1 5.557386e-03 9.850000e-06
 276 281     1 0.000000e+00 5.162000e-06
 276 282     1 0.000000e+00 2.222000e-06
 276 283     1 0.000000e+00 1.000000e-06
 276 284     1 0.000000e+00 1.523000e-06
 277 280     1 0.000000e+00 1.179259e-06
 277 281     1 0.000000e+00 1.179259e-06
 277 283     1 0.000000e+00 2.284500e-07
 277 284     1 0.000000e+00 6.958587e-07
 279 284     1 0.000000e+00 2.250232e-06
 280 283     1 0.000000e+00 5.162000e-06
 281 283     1 0.000000e+00 5.162000e-06
 282 287     1 0.000000e+00 2.222000e-06
 282 288     1 0.000000e+00 3.384106e-06
 283 286     1 0.000000e+00 2.222000e-06
 283 287     1 0.000000e+00 1.000000e-06
 283 288     1 0.000000e+00 1.523000e-06
 284 287     1 0.000000e+00 2.284500e-07
 284 288     1 0.000000e+00 6.958587e-07
 284 289     1 0.000000e+00 8.876044e-06
 286 291     1 0.000000e+00 2.222000e-06
 286 292     1 0.000000e+00 3.384106e-06
 287 290     1 0.000000e+00 2.222000e-06
 287 291     1 0.000000e+00 1.000000e-06
 287 292     1 0.000000e+00 1.523000e-06
 288 291     1 0.000000e+00 2.284500e-07
 288 292     1 0.000000e+00 6.958587e-07
 290 298     1 0.000000e+00 2.222000e-06
 290 299     1 0.000000e+00 3.384106e-06
 291 294     1 5.557386e-03 9.850000e-06
 291 296     1 0.000000e+00 5.162000e-06
 291 297     1 0.000000e+00 2.222000e-06
 291 298     1 0.000000e+00 1.000000e-06
 291 299     1 0.000000e+00 1.523000e-06
 292 295     1 0.000000e+00 1.179259e-06
 292 296     1 0.000000e+00 1.179259e-06
 292 298     1 0.000000e+00 2.284500e-07
 292 299     1 0.000000e+00 6.958587e-07
 294 299     1 0.000000e+00 2.250232e-06
 295 298     1 0.000000e+00 5.162000e-06
 296 298     1 0.000000e+00 5.162000e-06
 297 305     1 0.000000e+00 2.222000e-06
 297 306     1 0.000000e+00 3.384106e-06
 298 301     1 5.557386e-03 9.850000e-06
 298 303     1 0.000000e+00 5.162000e-06
 298 304     1 0.000000e+00 2.222000e-06
 298 305     1 0.000000e+00 1.000000e-06
 298 306     1 0.000000e+00 1.523000e-06
 299 302     1 0.000000e+00 1.179259e-06
 299 303     1 0.000000e+00 1.179259e-06
 299 305     1 0.000000e+00 2.284500e-07
 299 306     1 0.000000e+00 6.958587e-07
   3   9     1 0.000000e+00 1.331407e-06
 301 306     1 0.000000e+00 2.250232e-06
 302 305     1 0.000000e+00 5.162000e-06
 302 313     1 0.000000e+00 5.162000e-06
 303 305     1 0.000000e+00 5.162000e-06
 304 309     1 0.000000e+00 1.294982e-05
 304 313     1 0.000000e+00 2.222000e-06
 304 314     1 0.000000e+00 3.384106e-06
 305 308     1 5.557386e-03 9.850000e-06
 305 309     1 0.000000e+00 5.828000e-06
 305 310     1 0.000000e+00 5.162000e-06
 305 311     1 0.000000e+00 5.162000e-06
 305 312     1 0.000000e+00 2.222000e-06
 305 313     1 0.000000e+00 1.000000e-06
 305 314     1 0.000000e+00 1.523000e-06
 306 309     1 0.000000e+00 1.331407e-06
 306 310     1 0.000000e+00 1.179259e-06
 306 311     1 0.000000e+00 7.861726e-06
 306 313     1 0.000000e+00 2.284500e-07
 306 314     1 0.000000e+00 6.958587e-07
 308 314     1 0.000000e+00 2.250232e-06
 309 313     1 0.000000e+00 5.828000e-06
 310 313     1 0.000000e+00 5.162000e-06
 311 313     1 0.000000e+00 5.162000e-06
 312 318     1 0.000000e+00 1.913364e-06
 312 319     1 0.000000e+00 1.913364e-06
 313 316     1 6.994887e-03 5.162000e-06
 313 317     1 0.000000e+00 2.222000e-06
 313 318     1 0.000000e+00 8.611000e-07
 313 319     1 0.000000e+00 8.611000e-07
 314 318     1 0.000000e+00 1.967183e-07
 314 319     1 0.000000e+00 1.967183e-07
  32  45     1 0.000000e+00 3.384106e-06
  33  36     1 6.165203e-03 5.828000e-06
  33  45     1 0.000000e+00 1.523000e-06
  34  37     1 0.000000e+00 1.331407e-06
  34  44     1 0.000000e+00 2.284500e-07
  34  45     1 0.000000e+00 6.958587e-07
  36  45     1 0.000000e+00 1.331407e-06
  43  55     1 0.000000e+00 3.384106e-06
  44  47     1 6.165203e-03 5.828000e-06
  44  55     1 0.000000e+00 1.523000e-06
  45  48     1 0.000000e+00 5.076159e-07
  45  54     1 0.000000e+00 2.284500e-07
  45  55     1 0.000000e+00 6.958587e-07
  47  55     1 0.000000e+00 1.331407e-06
  53  63     1 0.000000e+00 3.384106e-06
  54  57     1 6.165203e-03 5.828000e-06
  54  63     1 0.000000e+00 1.523000e-06
  55  58     1 0.000000e+00 5.076159e-07
  55  62     1 0.000000e+00 2.284500e-07
  55  63     1 0.000000e+00 6.958587e-07
  57  63     1 0.000000e+00 1.331407e-06
  61  69     1 0.000000e+00 3.384106e-06
  62  65     1 6.165203e-03 5.828000e-06
  62  69     1 0.000000e+00 1.523000e-06
  63  66     1 0.000000e+00 2.803082e-07
  63  68     1 0.000000e+00 2.284500e-07
  63  69     1 0.000000e+00 6.958587e-07
  65  69     1 0.000000e+00 1.331407e-06
  67  73     1 0.000000e+00 3.384106e-06
  68  73     1 0.000000e+00 1.523000e-06
  69  72     1 0.000000e+00 2.284500e-07
  69  73     1 0.000000e+00 6.958587e-07
  70  84     1 0.000000e+00 5.828000e-06
  71  78     1 0.000000e+00 4.937284e-06
  71  84     1 0.000000e+00 2.222000e-06
  71  85     1 0.000000e+00 3.384106e-06
  72  75     1 6.165203e-03 5.828000e-06
  72  76     1 0.000000e+00 2.222000e-06
  72  78     1 0.000000e+00 2.222000e-06
  72  80     1 0.000000e+00 2.222000e-06
  72  83     1 0.000000e+00 2.222000e-06
  72  84     1 0.000000e+00 1.000000e-06
  72  85     1 0.000000e+00 1.523000e-06
  73  76     1 0.000000e+00 5.076159e-07
  73  77     1 0.000000e+00 3.384106e-06
  73  79     1 0.000000e+00 3.384106e-06
  73  84     1 0.000000e+00 2.284500e-07
  73  85     1 0.000000e+00 6.958587e-07
  74  79     1 0.000000e+00 2.188670e-05
  75  81     1 0.000000e+00 1.294982e-05
  75  82     1 0.000000e+00 7.150956e-06
  75  85     1 0.000000e+00 1.331407e-06
  76  82     1 0.000000e+00 2.726394e-06
  76  84     1 0.000000e+00 2.222000e-06
  77  83     1 0.000000e+00 4.937284e-06
  77  84     1 0.000000e+00 2.222000e-06
  83  93     1 0.000000e+00 2.222000e-06
  83  94     1 0.000000e+00 3.384106e-06
  84  87     1 6.165203e-03 5.828000e-06
  84  92     1 0.000000e+00 2.222000e-06
  84  93     1 0.000000e+00 1.000000e-06
  84  94     1 0.000000e+00 1.523000e-06
  85  88     1 0.000000e+00 1.331407e-06
  85  93     1 0.000000e+00 2.284500e-07
  85  94     1 0.000000e+00 6.958587e-07
  87  94     1 0.000000e+00 1.331407e-06
  88  93     1 0.000000e+00 5.828000e-06
  89  93     1 0.000000e+00 2.222000e-06
  90  93     1 0.000000e+00 8.611000e-07
  93  96     1 5.557386e-03 9.850000e-06
  93  98     1 0.000000e+00 5.162000e-06
  93  99     1 0.000000e+00 2.222000e-06
  94  97     1 0.000000e+00 1.179259e-06
  94  98     1 0.000000e+00 1.179259e-06

[ exclusions ]
; ai  aj
   1   4
   1   8
   1   9
 100 103
 100 104
 100 105
 100 106
 100 107
 100 108
 100 109
 100 110
 100 111
 100  92
 100  93
 100  94
 100  97
 100  98
 101 104
 101 106
 101 108
 101 110
 101 111
 101  92
 101  93
 101  94
 101  96
 102 107
 102 108
 102 113
 102 119
 102 120
 103 111
 103 112
 103 113
 104 110
 104  99
 105 110
 105 115
 105 117
 106  94
 106  99
 107 115
 107 117
 108  99
 109 120
 109 121
  11  14
  11   8
 110 113
 110 114
 110 115
 110 117
 110 121
 110  99
 111 114
 111 120
 111 121
 111 122
 111 124
 111 125
 111 127
 111  99
 112 117
 112 118
 112 127
 113 121
 114 120
 115 120
 116 119
 116 120
 117 120
 118 120
 119 129
 119 130
  12  23
 120 123
 120 128
 120 129
 120 130
 121 124
 121 125
 121 126
 121 127
 121 129
 121 130
 122 126
 122 127
 123 130
 124 129
 128 138
 128 139
 129 132
 129 137
 129 138
 129 139
  13  16
  13  23
  13   9
 130 133
 130 138
 130 139
 132 139
 133 138
 134 138
 137 146
 137 147
 138 141
 138 145
 138 146
 138 147
 139 142
 139 146
 139 147
  14  17
  14  22
  14  23
  14   7
  14   8
  14   9
 141 147
 142 146
 143 146
 144 146
 144 153
 145 153
 145 154
 146 149
 146 151
 146 152
 146 153
 146 154
 147 150
 147 151
 147 153
 147 154
 149 154
 150 153
 150 163
 150 164
 151 153
 152 157
 152 158
 152 164
 152 165
 153 156
 153 157
 153 158
 153 160
 153 163
 153 165
 154 157
 154 158
 154 164
 154 165
 155 160
 156 165
 157 164
 158 163
 158 164
  16  23
 163 168
 163 169
 163 175
 163 176
 164 167
 164 168
 164 169
 164 170
 164 171
 164 174
 164 175
 164 176
 165 168
 165 169
 165 170
 165 175
 165 176
 167 173
 167 176
 168 175
 170 175
 174 181
 175 178
 175 179
 175 181
 176 180
 176 181
 176 189
 177 184
 178 181
 179 184
 179 189
 179 190
 180 183
 180 184
 180 185
 180 187
 180 190
 181 184
 181 189
 181 190
 181 194
 182 193
 182 194
 183 190
 183 191
 183 192
 183 193
 183 194
 183 195
 183 196
 184 189
 184 190
 184 191
 184 193
 184 194
 185 188
 185 190
 185 193
 185 194
 186 193
 186 194
 186 195
 188 193
 188 194
 188 197
 188 198
 189 192
 189 194
 189 197
 189 198
 190 193
 190 194
 190 195
 190 197
 190 198
 192 198
 193 197
 194 196
 194 197
 194 198
 195 197
 196 204
 196 205
 197 200
 197 202
 197 203
 197 204
 197 205
 198 201
 198 202
 198 204
 198 205
 200 205
 201 204
 202 204
 203 208
 203 209
 204 207
 204 208
 204 209
 205 208
 205 209
 207 214
 207 215
 208 211
 208 212
 208 213
 208 215
 209 212
 209 214
 209 215
 209 216
  21  34
 211 215
 212 214
 213 222
 213 223
 214 217
 214 221
 214 222
 214 223
 215 218
 215 219
 215 222
 215 223
 217 223
 218 222
 218 223
 219 221
 219 222
 219 223
  22  25
  22  34
 220 223
 220 230
 221 232
 222 225
 222 226
 222 230
 222 231
 222 232
 223 226
 223 231
 223 232
 223 233
 225 232
  23  26
  23  33
  23  34
 230 236
 231 234
 231 236
 232 235
 232 236
 234 240
 234 241
 235 238
 235 239
 235 240
 235 241
 236 240
 236 241
 238 241
 239 244
 239 248
 239 249
 240 243
 240 244
 240 245
 240 247
 240 248
 240 249
 241 244
 241 245
 241 246
 241 248
 241 249
 243 249
 244 248
 245 248
 246 247
 246 248
 247 256
 247 257
 248 251
 248 252
 248 253
 248 255
 248 256
 248 257
 249 252
 249 253
 249 256
 249 257
  25  34
 250 259
 250 260
 251 257
 251 260
 252 256
 253 256
 253 259
 253 260
 255 260
 255 261
 256 259
 256 260
 256 261
 257 260
 257 261
 259 268
 259 269
 260 263
 260 267
 260 268
 260 269
 261 264
 261 265
 261 268
 261 269
 263 269
 264 268
 265 267
 265 268
 265 269
 267 276
 267 277
 268 271
 268 275
 268 276
 268 277
 269 272
 269 276
 269 277
 270 274
 271 277
 272 276
 275 283
 275 284
 276 279
 276 281
 276 282
 276 283
 276 284
 277 280
 277 281
 277 283
 277 284
 279 284
 280 283
 281 283
 282 287
 282 288
 283 286
 283 287
 283 288
 284 287
 284 288
 284 289
 286 291
 286 292
 287 290
 287 291
 287 292
 288 291
 288 292
 290 298
 290 299
 291 294
 291 296
 291 297
 291 298
 291 299
 292 295
 292 296
 292 298
 292 299
 294 299
 295 298
 296 298
 297 305
 297 306
 298 301
 298 303
 298 304
 298 305
 298 306
 299 302
 299 303
 299 305
 299 306
   3   9
 301 306
 302 305
 302 313
 303 305
 304 309
 304 313
 304 314
 305 308
 305 309
 305 310
 305 311
 305 312
 305 313
 305 314
 306 309
 306 310
 306 311
 306 313
 306 314
 308 314
 309 313
 310 313
 311 313
 312 318
 312 319
 313 316
 313 317
 313 318
 313 319
 314 318
 314 319
  32  45
  33  36
  33  45
  34  37
  34  44
  34  45
  36  45
  43  55
  44  47
  44  55
  45  48
  45  54
  45  55
  47  55
  53  63
  54  57
  54  63
  55  58
  55  62
  55  63
  57  63
  61  69
  62  65
  62  69
  63  66
  63  68
  63  69
  65  69
  67  73
  68  73
  69  72
  69  73
  70  84
  71  78
  71  84
  71  85
  72  75
  72  76
  72  78
  72  80
  72  83
  72  84
  72  85
  73  76
  73  77
  73  79
  73  84
  73  85
  74  79
  75  81
  75  82
  75  85
  76  82
  76  84
  77  83
  77  84
  83  93
  83  94
  84  87
  84  92
  84  93
  84  94
  85  88
  85  93
  85  94
  87  94
  88  93
  89  93
  90  93
  93  96
  93  98
  93  99
  94  97
  94  98