    1     2 
    2     3 
    2    11 
    3     4 
    4     5 
    4     6 
    5     7 
    6     8 
    7     9 
    8     9 
    9    10 
   11    12
   11    13 
   13    14 
   14    15 
   14    18 
   15    16 
   15    17 
   18    19
   18    20 
   20    21 
   21    22 
   21    26 
   22    23 
   22    24 
   23    25 
   26    27
   26    28 
   28    29 
   29    30 
   29    31 
   31    32
   31    33 
   33    34 
   34    35 
   34    36 
   36    37
   36    38 
   38    39 
   39    40 
   39    44 
   40    41 
   41    42 
   41    43 
   44    45
   44    46 
   46    47 
   47    48 
   47    52 
   48    49 
   49    50 
   49    51 
   52    53
   52    54 
   54    55 
   55    56 
   55    58 
   56    57 
   58    59
   58    60 
   60    61 
   60    64 
   61    62 
   61    65 
   62    63 
   63    64 
   65    66
   65    67 
   67    68 
   68    69 
   68    77 
   69    70 
   70    71 
   70    72 
   71    73 
   72    74 
   73    75 
   74    75 
   75    76 
   77    78
   77    79 
   79    80 
   80    81 
   80    83 
   81    82 
   83    84
   83    85