; Made using MAGROS.FF script by Emanuele Scalone at Camilloni Lab
; Distance cutoff: 5.5
; Residue cutoff: 2
; LJ_reduction: 0.1
; Protein: PRO_DP
; 2021-06-10 16:37:08.066505

[ pairs ]
; ai  aj  func            c6           c12
   1   5     1  0.000000e+00  5.084570e-06
   1   8     1  0.000000e+00  2.734311e-06
  10  12     1  0.000000e+00  5.162000e-07
  10   4     1  0.000000e+00  1.523000e-07
  10   6     1  0.000000e+00  5.297000e-07
  11   4     1  0.000000e+00  2.319529e-07
  11   6     1  0.000000e+00  8.067331e-07
  12   5     1  0.000000e+00  5.084570e-06
   2   6     1  0.000000e+00  1.176993e-06
   2   7     1  0.000000e+00  1.176993e-06
   2   9     1  0.000000e+00  4.937284e-07
   3   5     1  0.000000e+00  9.850000e-07
   3   8     1  0.000000e+00  5.297000e-07
   4   6     1  0.000000e+00  8.067331e-07
   4   7     1  0.000000e+00  8.067331e-07
   5   7     1  0.000000e+00  5.217545e-06
   5   8     1  0.000000e+00  5.217545e-06
   6   8     1  0.000000e+00  2.805821e-06
   7   9     1  0.000000e+00  1.176993e-06
   8   9     1  0.000000e+00  1.176993e-06

[ exclusions ]
; ai  aj
   1   5
   1   8
  10  12
  10   4
  10   6
  11   4
  11   6
  12   5
   2   6
   2   7
   2   9
   3   5
   3   8
   4   6
   4   7
   5   7
   5   8
   6   8
   7   9
   8   9