3061	3062	3063	3064	1	 1.675660277e+02 2.672955975e-01 1
3061	3062	3063	3064	1	 5.026980832e+02 1.336477987e-01 3
3061	3062	3063	3073	1	 3.476026745e+02 2.672955975e-01 1
3061	3062	3063	3073	1	 1.042808023e+03 1.336477987e-01 3
3061	3062	3065	3066	1	 1.248124345e+02 2.672955975e-01 1
3061	3062	3065	3066	1	 3.744373035e+02 1.336477987e-01 3
3061	3063	3062	3065	2	 1.206884925e+02 1.000000000e+01
3062	3063	3073	3074	2	 1.801085855e+02 5.000000000e+00
3062	3065	3066	3067	1	 1.347815676e+02 2.672955975e-01 1
3062	3065	3066	3067	1	 4.043447027e+02 1.336477987e-01 3
3062	3065	3066	3068	1	 3.149635220e+02 2.672955975e-01 1
3062	3065	3066	3068	1	 9.448905659e+02 1.336477987e-01 3
3063	3062	3065	3066	1	 2.745876866e+00 2.672955975e-01 1
3063	3062	3065	3066	1	 8.237630597e+00 1.336477987e-01 3
3063	3073	3074	3075	1	 4.046573822e+01 5.345911950e-01 1
3063	3073	3074	3075	1	 1.213972146e+02 2.672955975e-01 3
3063	3073	3074	3077	1	 2.787137686e+02 5.345911950e-01 1
3063	3073	3074	3077	1	 8.361413058e+02 2.672955975e-01 3
3064	3062	3063	3073	2	 1.800366467e+02 1.000000000e+01
3064	3063	3062	3065	1	 2.882545202e+02 2.672955975e-01 1
3064	3063	3062	3065	1	 8.647635607e+02 1.336477987e-01 3
3064	3063	3073	3074	2	 1.461857001e-01 5.000000000e+00
3065	3062	3063	3073	1	 1.082911670e+02 2.672955975e-01 1
3065	3062	3063	3073	1	 3.248735010e+02 1.336477987e-01 3
3065	3066	3067	3069	2	 1.801416919e+02 2.000000000e+01
3065	3066	3068	3070	2	 1.800167969e+02 2.000000000e+01
3066	3067	3069	3071	2	 3.599407413e+02 4.000000000e+01
3066	3068	3070	3071	2	 3.597456048e+02 4.000000000e+01
3067	3066	3068	3070	2	 1.929742871e-01 2.000000000e+01
3067	3069	3071	3070	2	 3.599990833e+02 2.000000000e+01
3067	3069	3071	3072	2	 1.801184954e+02 2.000000000e+01
3068	3066	3067	3069	2	 3.599647379e+02 2.000000000e+01
3068	3070	3071	3069	2	 1.552080976e-01 2.000000000e+01
3068	3070	3071	3072	2	 1.800359344e+02 2.000000000e+01
3073	3074	3075	3076	1	 1.379679292e+02 2.672955975e-01 1
3073	3074	3075	3076	1	 4.139037875e+02 1.336477987e-01 3
3073	3074	3075	3080	1	 3.178311978e+02 2.672955975e-01 1
3073	3074	3075	3080	1	 9.534935933e+02 1.336477987e-01 3
3073	3074	3077	3078	1	 1.528533902e+02 1.336477987e-01 1
3073	3074	3077	3078	1	 4.585601706e+02 6.682389937e-02 3
3073	3074	3077	3079	1	 3.142711020e+01 1.336477987e-01 1
3073	3074	3077	3079	1	 9.428133059e+01 6.682389937e-02 3
3073	3075	3074	3077	2	 1.232043433e+02 1.000000000e+01
3074	3075	3080	3081	2	 1.799610495e+02 5.000000000e+00
3074	3077	3078	3079	2	 2.379031965e+02 1.000000000e+01
3075	3074	3077	3078	1	 2.985714129e+01 1.336477987e-01 1
3075	3074	3077	3078	1	 8.957142387e+01 6.682389937e-02 3
3075	3074	3077	3079	1	 2.684308613e+02 1.336477987e-01 1
3075	3074	3077	3079	1	 8.052925839e+02 6.682389937e-02 3
3075	3080	3081	3082	1	 3.737666088e+01 5.345911950e-01 1
3075	3080	3081	3082	1	 1.121299826e+02 2.672955975e-01 3
3075	3080	3081	3084	1	 2.755456468e+02 5.345911950e-01 1
3075	3080	3081	3084	1	 8.266369405e+02 2.672955975e-01 3
3076	3074	3075	3080	2	 1.798632686e+02 1.000000000e+01
3076	3075	3074	3077	1	 2.611722724e+02 2.672955975e-01 1
3076	3075	3074	3077	1	 7.835168173e+02 1.336477987e-01 3
3076	3075	3080	3081	2	 3.598208600e+02 5.000000000e+00
3077	3074	3075	3080	1	 8.103554101e+01 2.672955975e-01 1
3077	3074	3075	3080	1	 2.431066230e+02 1.336477987e-01 3
3080	3081	3082	3083	1	 1.355223497e+02 2.672955975e-01 1
3080	3081	3082	3083	1	 4.065670490e+02 1.336477987e-01 3
3080	3081	3082	3088	1	 3.161430124e+02 2.672955975e-01 1
3080	3081	3082	3088	1	 9.484290372e+02 1.336477987e-01 3
3080	3081	3084	3085	1	 1.030134006e+02 1.336477987e-01 1
3080	3081	3084	3085	1	 3.090402019e+02 6.682389937e-02 3
3080	3081	3084	3086	1	 3.406139456e+02 1.336477987e-01 1
3080	3081	3084	3086	1	 1.021841837e+03 6.682389937e-02 3
3080	3082	3081	3084	2	 1.233382364e+02 1.000000000e+01
3081	3082	3088	3089	2	 1.790425537e+02 5.000000000e+00
3081	3084	3085	3086	2	 2.372611784e+02 1.000000000e+01
3081	3084	3085	3087	1	 3.544025519e+02 2.672955975e-01 1
3081	3084	3085	3087	1	 1.063207656e+03 1.336477987e-01 3
3082	3081	3084	3085	1	 3.397783923e+02 1.336477987e-01 1
3082	3081	3084	3085	1	 1.019335177e+03 6.682389937e-02 3
3082	3081	3084	3086	1	 2.173789372e+02 1.336477987e-01 1
3082	3081	3084	3086	1	 6.521368117e+02 6.682389937e-02 3
3082	3088	3089	3090	1	 3.901360417e+01 5.345911950e-01 1
3082	3088	3089	3090	1	 1.170408125e+02 2.672955975e-01 3
3082	3088	3089	3092	1	 2.764123626e+02 5.345911950e-01 1
3082	3088	3089	3092	1	 8.292370878e+02 2.672955975e-01 3
3083	3081	3082	3088	2	 1.806206627e+02 1.000000000e+01
3083	3082	3081	3084	1	 2.588605860e+02 2.672955975e-01 1
3083	3082	3081	3084	1	 7.765817581e+02 1.336477987e-01 3
3083	3082	3088	3089	2	 3.596770613e+02 5.000000000e+00
3084	3081	3082	3088	1	 7.948124877e+01 2.672955975e-01 1
3084	3081	3082	3088	1	 2.384437463e+02 1.336477987e-01 3
3086	3084	3085	3087	1	 1.171413735e+02 2.672955975e-01 1
3086	3084	3085	3087	1	 3.514241205e+02 1.336477987e-01 3
3088	3089	3090	3091	1	 1.183020503e+02 2.672955975e-01 1
3088	3089	3090	3091	1	 3.549061509e+02 1.336477987e-01 3
3088	3089	3090	3093	1	 2.981777498e+02 2.672955975e-01 1
3088	3089	3090	3093	1	 8.945332495e+02 1.336477987e-01 3
3088	3090	3089	3092	2	 1.224929115e+02 1.000000000e+01
3089	3090	3093	3094	2	 1.802150338e+02 5.000000000e+00
3090	3093	3094	3095	1	 3.711758590e+01 5.345911950e-01 1
3090	3093	3094	3095	1	 1.113527577e+02 2.672955975e-01 3
3090	3093	3094	3097	1	 2.743353816e+02 5.345911950e-01 1
3090	3093	3094	3097	1	 8.230061449e+02 2.672955975e-01 3
3091	3089	3090	3093	2	 1.798756995e+02 1.000000000e+01
3091	3090	3089	3092	1	 2.407949618e+02 2.672955975e-01 1
3091	3090	3089	3092	1	 7.223848853e+02 1.336477987e-01 3
3091	3090	3093	3094	2	 8.772148040e-02 5.000000000e+00
3092	3089	3090	3093	1	 6.067066131e+01 2.672955975e-01 1
3092	3089	3090	3093	1	 1.820119839e+02 1.336477987e-01 3
3093	3094	3095	3096	1	 1.380796975e+02 2.672955975e-01 1
3093	3094	3095	3096	1	 4.142390926e+02 1.336477987e-01 3
3093	3094	3095	3098	1	 3.183892152e+02 2.672955975e-01 1
3093	3094	3095	3098	1	 9.551676455e+02 1.336477987e-01 3
3093	3095	3094	3097	2	 1.226992877e+02 1.000000000e+01
3094	3095	3098	3099	2	 1.796005318e+02 5.000000000e+00
3095	3098	3099	3100	1	 4.841041466e+01 5.345911950e-01 1
3095	3098	3099	3100	1	 1.452312440e+02 2.672955975e-01 3
3095	3098	3099	3102	1	 2.853291654e+02 5.345911950e-01 1
3095	3098	3099	3102	1	 8.559874962e+02 2.672955975e-01 3
3096	3094	3095	3098	2	 1.803095176e+02 1.000000000e+01
3096	3095	3094	3097	1	 2.607789853e+02 2.672955975e-01 1
3096	3095	3094	3097	1	 7.823369558e+02 1.336477987e-01 3
3096	3095	3098	3099	2	 3.599170028e+02 5.000000000e+00
3097	3094	3095	3098	1	 8.108850291e+01 2.672955975e-01 1
3097	3094	3095	3098	1	 2.432655087e+02 1.336477987e-01 3
3098	3099	3100	3101	1	 1.364861288e+02 2.672955975e-01 1
3098	3099	3100	3101	1	 4.094583864e+02 1.336477987e-01 3
3098	3099	3100	3106	1	 3.166127687e+02 2.672955975e-01 1
3098	3099	3100	3106	1	 9.498383061e+02 1.336477987e-01 3
3098	3099	3102	3103	1	 2.710666658e+02 2.672955975e-01 1
3098	3099	3102	3103	1	 8.131999975e+02 1.336477987e-01 3
3098	3100	3099	3102	2	 1.229291562e+02 1.000000000e+01
3099	3100	3106	3107	2	 1.796880324e+02 5.000000000e+00
3099	3102	3103	3104	1	 2.746424273e+02 2.672955975e-01 1
3099	3102	3103	3104	1	 8.239272819e+02 1.336477987e-01 3
3099	3102	3103	3105	1	 3.731851949e+01 2.672955975e-01 1
3099	3102	3103	3105	1	 1.119555585e+02 1.336477987e-01 3
3100	3099	3102	3103	1	 1.479021370e+02 2.672955975e-01 1
3100	3099	3102	3103	1	 4.437064110e+02 1.336477987e-01 3
3100	3106	3107	3108	1	 3.985203902e+01 5.345911950e-01 1
3100	3106	3107	3108	1	 1.195561171e+02 2.672955975e-01 3
3100	3106	3107	3110	1	 2.778225934e+02 5.345911950e-01 1
3100	3106	3107	3110	1	 8.334677801e+02 2.672955975e-01 3
3101	3099	3100	3106	2	 1.801266399e+02 1.000000000e+01
3101	3100	3099	3102	1	 2.594152850e+02 2.672955975e-01 1
3101	3100	3099	3102	1	 7.782458549e+02 1.336477987e-01 3
3101	3100	3106	3107	2	 3.598177306e+02 5.000000000e+00
3102	3099	3100	3106	1	 7.954192489e+01 2.672955975e-01 1
3102	3099	3100	3106	1	 2.386257747e+02 1.336477987e-01 3
3102	3103	3104	3105	2	 1.227182739e+02 1.000000000e+01
3106	3107	3108	3109	1	 1.213780061e+02 2.672955975e-01 1
3106	3107	3108	3109	1	 3.641340182e+02 1.336477987e-01 3
3106	3107	3108	3114	1	 3.012120292e+02 2.672955975e-01 1
3106	3107	3108	3114	1	 9.036360876e+02 1.336477987e-01 3
3106	3107	3110	3111	1	 1.901819679e+02 2.672955975e-01 1
3106	3107	3110	3111	1	 5.705459037e+02 1.336477987e-01 3
3106	3108	3107	3110	2	 1.223782412e+02 1.000000000e+01
3107	3108	3114	3115	2	 1.800766403e+02 5.000000000e+00
3107	3110	3111	3112	1	 3.193208478e+02 2.672955975e-01 1
3107	3110	3111	3112	1	 9.579625435e+02 1.336477987e-01 3
3107	3110	3111	3113	1	 8.175454854e+01 2.672955975e-01 1
3107	3110	3111	3113	1	 2.452636456e+02 1.336477987e-01 3
3108	3107	3110	3111	1	 6.800861612e+01 2.672955975e-01 1
3108	3107	3110	3111	1	 2.040258483e+02 1.336477987e-01 3
3108	3114	3115	3116	1	 5.396669654e+01 5.345911950e-01 1
3108	3114	3115	3116	1	 1.619000896e+02 2.672955975e-01 3
3108	3114	3115	3118	1	 2.915747230e+02 5.345911950e-01 1
3108	3114	3115	3118	1	 8.747241689e+02 2.672955975e-01 3
3109	3107	3108	3114	2	 1.798340231e+02 1.000000000e+01
3109	3108	3107	3110	1	 2.437562472e+02 2.672955975e-01 1
3109	3108	3107	3110	1	 7.312687417e+02 1.336477987e-01 3
3109	3108	3114	3115	2	 3.599069949e+02 5.000000000e+00
3110	3107	3108	3114	1	 6.359027038e+01 2.672955975e-01 1
3110	3107	3108	3114	1	 1.907708111e+02 1.336477987e-01 3
3110	3111	3112	3113	2	 1.224525468e+02 1.000000000e+01
3114	3115	3116	3117	1	 6.986064096e+01 2.672955975e-01 1
3114	3115	3116	3117	1	 2.095819229e+02 1.336477987e-01 3
3114	3115	3116	3120	1	 2.506632202e+02 2.672955975e-01 1
3114	3115	3116	3120	1	 7.519896605e+02 1.336477987e-01 3
3114	3115	3118	3119	1	 1.202883545e+02 2.672955975e-01 1
3114	3115	3118	3119	1	 3.608650635e+02 1.336477987e-01 3
3114	3116	3115	3118	2	 1.223606695e+02 1.000000000e+01
3115	3116	3120	3121	2	 1.792143373e+02 2.500000000e+00
3115	3116	3120	3126	2	 3.599214494e+02 2.500000000e+00
3116	3115	3118	3119	1	 3.572257771e+02 2.672955975e-01 1
3116	3115	3118	3119	1	 1.071677331e+03 1.336477987e-01 3
3116	3120	3121	3122	2	 2.966209556e+02 1.000000000e+01
3116	3120	3121	3124	2	 1.771132188e+02 1.000000000e+01
3116	3120	3126	3125	2	 1.640482060e+02 2.000000000e+01
3117	3115	3116	3120	2	 1.808025792e+02 1.000000000e+01
3117	3116	3115	3118	1	 1.922213105e+02 2.672955975e-01 1
3117	3116	3115	3118	1	 5.766639314e+02 1.336477987e-01 3
3117	3116	3120	3121	2	 2.628086019e-02 2.500000000e+00
3117	3116	3120	3126	2	 1.807333930e+02 2.500000000e+00
3118	3115	3116	3120	1	 1.302388965e+01 2.672955975e-01 1
3118	3115	3116	3120	1	 3.907166896e+01 1.336477987e-01 3
3120	3121	3122	3123	1	 1.406464516e+02 2.672955975e-01 1
3120	3121	3122	3123	1	 4.219393549e+02 1.336477987e-01 3
3120	3121	3122	3127	1	 3.197087623e+02 2.672955975e-01 1
3120	3121	3122	3127	1	 9.591262870e+02 1.336477987e-01 3
3120	3121	3124	3125	2	 2.118364764e+01 2.000000000e+01
3120	3122	3121	3124	2	 1.152063071e+02 1.000000000e+01
3120	3126	3125	3124	2	 2.849669652e+01 4.000000000e+01
3121	3120	3126	3125	2	 3.446936744e+02 2.000000000e+01
3121	3122	3127	3128	2	 1.807212244e+02 5.000000000e+00
3121	3124	3125	3126	2	 3.287595065e+02 4.000000000e+01
3122	3121	3120	3126	2	 1.160015025e+02 1.000000000e+01
3122	3121	3124	3125	2	 2.615843461e+02 2.000000000e+01
3122	3127	3128	3129	1	 5.507696067e+01 5.345911950e-01 1
3122	3127	3128	3129	1	 1.652308820e+02 2.672955975e-01 3
3122	3127	3128	3131	1	 2.928935624e+02 5.345911950e-01 1
3122	3127	3128	3131	1	 8.786806872e+02 2.672955975e-01 3
3123	3121	3122	3127	2	 1.790623107e+02 1.000000000e+01
3123	3122	3121	3124	1	 2.558527587e+02 2.672955975e-01 1
3123	3122	3121	3124	1	 7.675582761e+02 1.336477987e-01 3
3123	3122	3127	3128	2	 3.597590897e+02 5.000000000e+00
3124	3121	3120	3126	2	 3.564937657e+02 1.000000000e+01
3124	3121	3122	3127	1	 7.491506939e+01 2.672955975e-01 1
3124	3121	3122	3127	1	 2.247452082e+02 1.336477987e-01 3
3127	3128	3129	3130	1	 1.517536365e+02 2.672955975e-01 1
3127	3128	3129	3130	1	 4.552609096e+02 1.336477987e-01 3
3127	3128	3129	3139	1	 3.318947492e+02 2.672955975e-01 1
3127	3128	3129	3139	1	 9.956842475e+02 1.336477987e-01 3
3127	3128	3131	3132	1	 8.855778953e+01 2.672955975e-01 1
3127	3128	3131	3132	1	 2.656733686e+02 1.336477987e-01 3
3127	3129	3128	3131	2	 1.223130069e+02 1.000000000e+01
3128	3129	3139	3140	2	 1.799062681e+02 5.000000000e+00
3128	3131	3132	3133	1	 2.305574285e+02 2.672955975e-01 1
3128	3131	3132	3133	1	 6.916722854e+02 1.336477987e-01 3
3128	3131	3132	3134	1	 5.032805834e+01 2.672955975e-01 1
3128	3131	3132	3134	1	 1.509841750e+02 1.336477987e-01 3
3129	3128	3131	3132	1	 3.253685258e+02 2.672955975e-01 1
3129	3128	3131	3132	1	 9.761055773e+02 1.336477987e-01 3
3129	3139	3140	3141	1	 3.298773908e+01 5.345911950e-01 1
3129	3139	3140	3141	1	 9.896321724e+01 2.672955975e-01 3
3129	3139	3140	3143	1	 2.709243787e+02 5.345911950e-01 1
3129	3139	3140	3143	1	 8.127731361e+02 2.672955975e-01 3
3130	3128	3129	3139	2	 1.801411126e+02 1.000000000e+01
3130	3129	3128	3131	1	 2.740666434e+02 2.672955975e-01 1
3130	3129	3128	3131	1	 8.221999302e+02 1.336477987e-01 3
3130	3129	3139	3140	2	 5.093295047e-02 5.000000000e+00
3131	3128	3129	3139	1	 9.420775605e+01 2.672955975e-01 1
3131	3128	3129	3139	1	 2.826232681e+02 1.336477987e-01 3
3131	3132	3133	3135	2	 1.797116731e+02 2.000000000e+01
3131	3132	3134	3136	2	 1.801273334e+02 2.000000000e+01
3132	3133	3135	3137	2	 1.637639259e-01 4.000000000e+01
3132	3134	3136	3137	2	 1.566367106e-01 4.000000000e+01
3133	3132	3134	3136	2	 3.599047519e+02 2.000000000e+01
3133	3135	3137	3136	2	 3.598983731e+02 2.000000000e+01
3133	3135	3137	3138	2	 1.798389418e+02 2.000000000e+01
3134	3132	3133	3135	2	 3.599346682e+02 2.000000000e+01
3134	3136	3137	3135	2	 3.599437707e+02 2.000000000e+01
3134	3136	3137	3138	2	 1.800031243e+02 2.000000000e+01
3139	3140	3141	3142	1	 8.687116753e+01 2.672955975e-01 1
3139	3140	3141	3142	1	 2.606135026e+02 1.336477987e-01 3
3139	3140	3141	3145	1	 2.663552378e+02 2.672955975e-01 1
3139	3140	3141	3145	1	 7.990657134e+02 1.336477987e-01 3
3139	3140	3143	3144	1	 5.680305522e+01 2.672955975e-01 1
3139	3140	3143	3144	1	 1.704091657e+02 1.336477987e-01 3
3139	3141	3140	3143	2	 1.223362077e+02 1.000000000e+01
3141	3140	3143	3144	1	 2.945246144e+02 2.672955975e-01 1
3141	3140	3143	3144	1	 8.835738432e+02 1.336477987e-01 3
3142	3141	3140	3143	1	 2.092073753e+02 2.672955975e-01 1
3142	3141	3140	3143	1	 6.276221258e+02 1.336477987e-01 3
3143	3140	3141	3145	1	 2.869144555e+01 2.672955975e-01 1
3143	3140	3141	3145	1	 8.607433664e+01 1.336477987e-01 3
