1	2	3	4	1	 1.273848824e+02 2.672955975e-01 1
1	2	3	4	1	 3.821546472e+02 1.336477987e-01 3
1	2	3	13	1	 3.115310595e+02 2.672955975e-01 1
1	2	3	13	1	 9.345931786e+02 1.336477987e-01 3
1	2	5	6	1	 1.160117352e+02 2.672955975e-01 1
1	2	5	6	1	 3.480352055e+02 1.336477987e-01 3
1	3	2	5	2	 1.194801819e+02 1.000000000e+01
2	3	13	14	2	 1.699604307e+02 5.000000000e+00
2	5	6	7	1	 2.660760402e+02 2.672955975e-01 1
2	5	6	7	1	 7.982281206e+02 1.336477987e-01 3
2	5	6	8	1	 8.535205432e+01 2.672955975e-01 1
2	5	6	8	1	 2.560561630e+02 1.336477987e-01 3
3	2	5	6	1	 3.557168916e+02 2.672955975e-01 1
3	2	5	6	1	 1.067150675e+03 1.336477987e-01 3
3	13	14	15	1	 6.479729358e+01 5.345911950e-01 1
3	13	14	15	1	 1.943918807e+02 2.672955975e-01 3
3	13	14	17	1	 3.025386219e+02 5.345911950e-01 1
3	13	14	17	1	 9.076158657e+02 2.672955975e-01 3
4	2	3	13	2	 1.841461771e+02 1.000000000e+01
4	3	2	5	1	 2.468650642e+02 2.672955975e-01 1
4	3	2	5	1	 7.405951927e+02 1.336477987e-01 3
4	3	13	14	2	 3.542815546e+02 5.000000000e+00
5	2	3	13	1	 7.101124138e+01 2.672955975e-01 1
5	2	3	13	1	 2.130337242e+02 1.336477987e-01 3
5	6	7	9	2	 1.814294896e+02 2.000000000e+01
5	6	8	10	2	 1.780427279e+02 2.000000000e+01
6	7	9	11	2	 3.588606657e+02 4.000000000e+01
6	8	10	11	2	 2.190557751e+00 4.000000000e+01
7	6	8	10	2	 3.573387604e+02 2.000000000e+01
7	9	11	10	2	 6.064464103e-01 2.000000000e+01
7	9	11	12	2	 1.805599805e+02 2.000000000e+01
8	6	7	9	2	 2.133405362e+00 2.000000000e+01
8	10	11	9	2	 3.588767677e+02 2.000000000e+01
8	10	11	12	2	 1.789240056e+02 2.000000000e+01
13	14	15	16	1	 1.239567812e+02 2.672955975e-01 1
13	14	15	16	1	 3.718703436e+02 1.336477987e-01 3
13	14	15	20	1	 3.018508951e+02 2.672955975e-01 1
13	14	15	20	1	 9.055526854e+02 1.336477987e-01 3
13	14	17	18	1	 1.170335567e+02 1.336477987e-01 1
13	14	17	18	1	 3.511006701e+02 6.682389937e-02 3
13	14	17	19	1	 3.553487136e+02 1.336477987e-01 1
13	14	17	19	1	 1.066046141e+03 6.682389937e-02 3
13	15	14	17	2	 1.232523705e+02 1.000000000e+01
14	15	20	21	2	 1.778359814e+02 5.000000000e+00
14	17	18	19	2	 2.369738206e+02 1.000000000e+01
15	14	17	18	1	 3.579233959e+02 1.336477987e-01 1
15	14	17	18	1	 1.073770188e+03 6.682389937e-02 3
15	14	17	19	1	 2.362385528e+02 1.336477987e-01 1
15	14	17	19	1	 7.087156584e+02 6.682389937e-02 3
15	20	21	22	1	 7.519848038e+01 5.345911950e-01 1
15	20	21	22	1	 2.255954411e+02 2.672955975e-01 3
15	20	21	24	1	 3.142166805e+02 5.345911950e-01 1
15	20	21	24	1	 9.426500415e+02 2.672955975e-01 3
16	14	15	20	2	 1.778941139e+02 1.000000000e+01
16	15	14	17	1	 2.472091517e+02 2.672955975e-01 1
16	15	14	17	1	 7.416274552e+02 1.336477987e-01 3
16	15	20	21	2	 3.556487657e+02 5.000000000e+00
17	14	15	20	1	 6.510326566e+01 2.672955975e-01 1
17	14	15	20	1	 1.953097970e+02 1.336477987e-01 3
20	21	22	23	1	 1.191534877e+02 2.672955975e-01 1
20	21	22	23	1	 3.574604632e+02 1.336477987e-01 3
20	21	22	28	1	 2.982056456e+02 2.672955975e-01 1
20	21	22	28	1	 8.946169369e+02 1.336477987e-01 3
20	21	24	25	1	 1.229644469e+02 1.336477987e-01 1
20	21	24	25	1	 3.688933407e+02 6.682389937e-02 3
20	21	24	26	1	 3.526318214e+02 1.336477987e-01 1
20	21	24	26	1	 1.057895464e+03 6.682389937e-02 3
20	22	21	24	2	 1.216182504e+02 1.000000000e+01
21	22	28	29	2	 1.809639870e+02 5.000000000e+00
21	24	25	26	2	 2.301651733e+02 1.000000000e+01
21	24	25	27	1	 1.285427287e+02 2.672955975e-01 1
21	24	25	27	1	 3.856281862e+02 1.336477987e-01 3
22	21	24	25	1	 6.303169202e+00 1.336477987e-01 1
22	21	24	25	1	 1.890950761e+01 6.682389937e-02 3
22	21	24	26	1	 2.359705437e+02 1.336477987e-01 1
22	21	24	26	1	 7.079116312e+02 6.682389937e-02 3
22	28	29	30	1	 6.714226919e+01 5.345911950e-01 1
22	28	29	30	1	 2.014268076e+02 2.672955975e-01 3
22	28	29	32	1	 3.069656531e+02 5.345911950e-01 1
22	28	29	32	1	 9.208969593e+02 2.672955975e-01 3
23	21	22	28	2	 1.790521579e+02 1.000000000e+01
23	22	21	24	1	 2.407717381e+02 2.672955975e-01 1
23	22	21	24	1	 7.223152143e+02 1.336477987e-01 3
23	22	28	29	2	 3.599653301e+02 5.000000000e+00
24	21	22	28	1	 5.982389598e+01 2.672955975e-01 1
24	21	22	28	1	 1.794716879e+02 1.336477987e-01 3
26	24	25	27	1	 2.583775554e+02 2.672955975e-01 1
26	24	25	27	1	 7.751326662e+02 1.336477987e-01 3
28	29	30	31	1	 1.395781731e+02 2.672955975e-01 1
28	29	30	31	1	 4.187345194e+02 1.336477987e-01 3
28	29	30	33	1	 3.208620730e+02 2.672955975e-01 1
28	29	30	33	1	 9.625862190e+02 1.336477987e-01 3
28	30	29	32	2	 1.201467460e+02 1.000000000e+01
29	30	33	34	2	 1.796716864e+02 5.000000000e+00
30	33	34	35	1	 4.429655293e+01 5.345911950e-01 1
30	33	34	35	1	 1.328896588e+02 2.672955975e-01 3
30	33	34	37	1	 2.815212855e+02 5.345911950e-01 1
30	33	34	37	1	 8.445638564e+02 2.672955975e-01 3
31	29	30	33	2	 1.812838998e+02 1.000000000e+01
31	30	29	32	1	 2.597249191e+02 2.672955975e-01 1
31	30	29	32	1	 7.791747574e+02 1.336477987e-01 3
31	30	33	34	2	 1.009394223e+00 5.000000000e+00
32	29	30	33	1	 8.100881898e+01 2.672955975e-01 1
32	29	30	33	1	 2.430264569e+02 1.336477987e-01 3
33	34	35	36	1	 1.425505316e+02 2.672955975e-01 1
33	34	35	36	1	 4.276515948e+02 1.336477987e-01 3
33	34	35	38	1	 3.198808741e+02 2.672955975e-01 1
33	34	35	38	1	 9.596426222e+02 1.336477987e-01 3
33	35	34	37	2	 1.224728098e+02 1.000000000e+01
34	35	38	39	2	 1.785476080e+02 5.000000000e+00
35	38	39	40	1	 6.316876931e+01 5.345911950e-01 1
35	38	39	40	1	 1.895063079e+02 2.672955975e-01 3
35	38	39	42	1	 3.029387308e+02 5.345911950e-01 1
35	38	39	42	1	 9.088161924e+02 2.672955975e-01 3
36	34	35	38	2	 1.773303425e+02 1.000000000e+01
36	35	34	37	1	 2.650233414e+02 2.672955975e-01 1
36	35	34	37	1	 7.950700243e+02 1.336477987e-01 3
36	35	38	39	2	 3.557706266e+02 5.000000000e+00
37	34	35	38	1	 8.235368391e+01 2.672955975e-01 1
37	34	35	38	1	 2.470610517e+02 1.336477987e-01 3
38	39	40	41	1	 1.218138338e+02 2.672955975e-01 1
38	39	40	41	1	 3.654415013e+02 1.336477987e-01 3
38	39	40	46	1	 3.028174678e+02 2.672955975e-01 1
38	39	40	46	1	 9.084524033e+02 1.336477987e-01 3
38	39	42	43	1	 3.577393440e+02 2.672955975e-01 1
38	39	42	43	1	 1.073218032e+03 1.336477987e-01 3
38	40	39	42	2	 1.194928604e+02 1.000000000e+01
39	40	46	47	2	 1.854060947e+02 5.000000000e+00
39	42	43	44	1	 2.415161928e+02 2.672955975e-01 1
39	42	43	44	1	 7.245485784e+02 1.336477987e-01 3
39	42	43	45	1	 4.130981763e+00 2.672955975e-01 1
39	42	43	45	1	 1.239294529e+01 1.336477987e-01 3
40	39	42	43	1	 2.417616625e+02 2.672955975e-01 1
40	39	42	43	1	 7.252849875e+02 1.336477987e-01 3
40	46	47	48	1	 7.162883297e+01 5.345911950e-01 1
40	46	47	48	1	 2.148864989e+02 2.672955975e-01 3
40	46	47	50	1	 3.104208866e+02 5.345911950e-01 1
40	46	47	50	1	 9.312626599e+02 2.672955975e-01 3
41	39	40	46	2	 1.810036340e+02 1.000000000e+01
41	40	39	42	1	 2.413066942e+02 2.672955975e-01 1
41	40	39	42	1	 7.239200826e+02 1.336477987e-01 3
41	40	46	47	2	 6.448782720e+00 5.000000000e+00
42	39	40	46	1	 6.231032818e+01 2.672955975e-01 1
42	39	40	46	1	 1.869309845e+02 1.336477987e-01 3
42	43	44	45	2	 1.213905117e+02 1.000000000e+01
46	47	48	49	1	 1.308626985e+02 2.672955975e-01 1
46	47	48	49	1	 3.925880955e+02 1.336477987e-01 3
46	47	48	54	1	 3.142575051e+02 2.672955975e-01 1
46	47	48	54	1	 9.427725154e+02 1.336477987e-01 3
46	47	50	51	1	 1.312924119e+02 2.672955975e-01 1
46	47	50	51	1	 3.938772358e+02 1.336477987e-01 3
46	48	47	50	2	 1.235195426e+02 1.000000000e+01
47	48	54	55	2	 1.702863345e+02 5.000000000e+00
47	50	51	52	1	 1.436524067e+00 2.672955975e-01 1
47	50	51	52	1	 4.309572200e+00 1.336477987e-01 3
47	50	51	53	1	 1.238029803e+02 2.672955975e-01 1
47	50	51	53	1	 3.714089409e+02 1.336477987e-01 3
48	47	50	51	1	 3.858227086e+00 2.672955975e-01 1
48	47	50	51	1	 1.157468126e+01 1.336477987e-01 3
48	54	55	56	1	 4.704901582e+01 5.345911950e-01 1
48	54	55	56	1	 1.411470474e+02 2.672955975e-01 3
48	54	55	58	1	 2.883364878e+02 5.345911950e-01 1
48	54	55	58	1	 8.650094633e+02 2.672955975e-01 3
49	47	48	54	2	 1.833948066e+02 1.000000000e+01
49	48	47	50	1	 2.543822411e+02 2.672955975e-01 1
49	48	47	50	1	 7.631467233e+02 1.336477987e-01 3
49	48	54	55	2	 3.538550867e+02 5.000000000e+00
50	47	48	54	1	 7.777704773e+01 2.672955975e-01 1
50	47	48	54	1	 2.333311432e+02 1.336477987e-01 3
50	51	52	53	2	 1.219790605e+02 1.000000000e+01
54	55	56	57	1	 1.585733512e+02 2.672955975e-01 1
54	55	56	57	1	 4.757200535e+02 1.336477987e-01 3
54	55	56	60	1	 3.410665381e+02 2.672955975e-01 1
54	55	56	60	1	 1.023199614e+03 1.336477987e-01 3
54	55	58	59	1	 1.159978434e+02 2.672955975e-01 1
54	55	58	59	1	 3.479935302e+02 1.336477987e-01 3
54	56	55	58	2	 1.207176354e+02 1.000000000e+01
55	56	60	61	2	 1.826116773e+02 2.500000000e+00
55	56	60	66	2	 3.538010370e+02 2.500000000e+00
56	55	58	59	1	 2.439121725e-01 2.672955975e-01 1
56	55	58	59	1	 7.317365175e-01 1.336477987e-01 3
56	60	61	62	2	 3.022377080e+02 1.000000000e+01
56	60	61	64	2	 1.799027340e+02 1.000000000e+01
56	60	66	65	2	 2.052218885e+02 2.000000000e+01
57	55	56	60	2	 1.824931870e+02 1.000000000e+01
57	56	55	58	1	 2.792909866e+02 2.672955975e-01 1
57	56	55	58	1	 8.378729597e+02 1.336477987e-01 3
57	56	60	61	2	 5.140417143e+00 2.500000000e+00
57	56	60	66	2	 1.763297768e+02 2.500000000e+00
58	55	56	60	1	 1.017841735e+02 2.672955975e-01 1
58	55	56	60	1	 3.053525206e+02 1.336477987e-01 3
60	61	62	63	1	 3.238245354e+02 2.672955975e-01 1
60	61	62	63	1	 9.714736062e+02 1.336477987e-01 3
60	61	62	67	1	 1.434219422e+02 2.672955975e-01 1
60	61	62	67	1	 4.302658265e+02 1.336477987e-01 3
60	61	64	65	2	 3.312870225e+02 2.000000000e+01
60	62	61	64	2	 1.166921920e+02 1.000000000e+01
60	66	65	64	2	 3.254657850e+02 4.000000000e+01
61	60	66	65	2	 1.697534951e+01 2.000000000e+01
61	62	67	68	2	 1.823043212e+02 5.000000000e+00
61	64	65	66	2	 3.976652129e+01 4.000000000e+01
62	61	60	66	2	 1.295826442e+02 1.000000000e+01
62	61	64	65	2	 2.076689433e+02 2.000000000e+01
62	67	68	69	1	 6.543285785e+01 5.345911950e-01 1
62	67	68	69	1	 1.962985735e+02 2.672955975e-01 3
62	67	68	71	1	 3.004212225e+02 5.345911950e-01 1
62	67	68	71	1	 9.012636674e+02 2.672955975e-01 3
63	61	62	67	2	 1.795974068e+02 1.000000000e+01
63	62	61	64	1	 8.051672737e+01 2.672955975e-01 1
63	62	61	64	1	 2.415501821e+02 1.336477987e-01 3
63	62	67	68	2	 1.888033697e+00 5.000000000e+00
64	61	60	66	2	 7.247670097e+00 1.000000000e+01
64	61	62	67	1	 2.601141342e+02 2.672955975e-01 1
64	61	62	67	1	 7.803424025e+02 1.336477987e-01 3
67	68	69	70	1	 1.149513910e+01 2.672955975e-01 1
67	68	69	70	1	 3.448541731e+01 1.336477987e-01 3
67	68	69	79	1	 1.934905907e+02 2.672955975e-01 1
67	68	69	79	1	 5.804717720e+02 1.336477987e-01 3
67	68	71	72	1	 1.054770194e+02 2.672955975e-01 1
67	68	71	72	1	 3.164310583e+02 1.336477987e-01 3
67	69	68	71	2	 1.257711105e+02 1.000000000e+01
68	69	79	80	2	 1.817560522e+02 5.000000000e+00
68	71	72	73	1	 2.575641618e+02 2.672955975e-01 1
68	71	72	73	1	 7.726924853e+02 1.336477987e-01 3
68	71	72	74	1	 7.719328006e+01 2.672955975e-01 1
68	71	72	74	1	 2.315798402e+02 1.336477987e-01 3
69	68	71	72	1	 3.391156862e+02 2.672955975e-01 1
69	68	71	72	1	 1.017347059e+03 1.336477987e-01 3
69	79	80	81	1	 2.301357761e+01 5.345911950e-01 1
69	79	80	81	1	 6.904073284e+01 2.672955975e-01 3
69	79	80	83	1	 2.643488088e+02 5.345911950e-01 1
69	79	80	83	1	 7.930464264e+02 2.672955975e-01 3
70	68	69	79	2	 1.819954516e+02 1.000000000e+01
70	69	68	71	1	 1.372662496e+02 2.672955975e-01 1
70	69	68	71	1	 4.117987488e+02 1.336477987e-01 3
70	69	79	80	2	 3.822212741e+00 5.000000000e+00
71	68	69	79	1	 3.192617012e+02 2.672955975e-01 1
71	68	69	79	1	 9.577851036e+02 1.336477987e-01 3
71	72	73	75	2	 1.824963490e+02 2.000000000e+01
71	72	74	76	2	 1.796069499e+02 2.000000000e+01
72	73	75	77	2	 3.572171544e+02 4.000000000e+01
72	74	76	77	2	 3.585810349e+02 4.000000000e+01
73	72	74	76	2	 3.592463806e+02 2.000000000e+01
73	75	77	76	2	 5.283605863e-01 2.000000000e+01
73	75	77	78	2	 1.813840186e+02 2.000000000e+01
74	72	73	75	2	 2.856581738e+00 2.000000000e+01
74	76	77	75	2	 1.529705712e+00 2.000000000e+01
74	76	77	78	2	 1.806723967e+02 2.000000000e+01
79	80	81	82	1	 1.507347800e+02 2.672955975e-01 1
79	80	81	82	1	 4.522043399e+02 1.336477987e-01 3
79	80	81	85	1	 3.307409536e+02 2.672955975e-01 1
79	80	81	85	1	 9.922228609e+02 1.336477987e-01 3
79	80	83	84	1	 4.021396047e+00 2.672955975e-01 1
79	80	83	84	1	 1.206418814e+01 1.336477987e-01 3
79	81	80	83	2	 1.189426871e+02 1.000000000e+01
81	80	83	84	1	 2.435188552e+02 2.672955975e-01 1
81	80	83	84	1	 7.305565655e+02 1.336477987e-01 3
82	81	80	83	1	 2.696774671e+02 2.672955975e-01 1
82	81	80	83	1	 8.090324012e+02 1.336477987e-01 3
83	80	81	85	1	 8.968364076e+01 2.672955975e-01 1
83	80	81	85	1	 2.690509223e+02 1.336477987e-01 3
