    1     2     2    gb_21
    2     3     2    gb_27
    2     7     2    gb_27
    3     4     2    gb_27
    4     5     2    gb_32
    5     6     2    gb_31
    7     8     2    gb_5
    7     9     2    gb_10
    9    10     2    gb_21
   10    11     2    gb_27
   10    15     2    gb_27
   11    12     2    gb_27
   11    13     2    gb_27
   12    14     2    gb_27
   15    16     2    gb_5
   15    17     2    gb_10
   17    18     2    gb_21
   18    19     2    gb_27
   18    24     2    gb_27
   19    20     2    gb_27
   20    21     2    gb_27
   21    22     2    gb_5
   21    23     2    gb_9
   24    25     2    gb_5
   24    26     2    gb_10
   26    27     2    gb_21
   27    28     2    gb_27
   27    35     2    gb_27
   28    29     2    gb_27
   29    30     2    gb_27
   30    31     2    gb_21
   31    32     2    gb_11
   32    33     2    gb_11
   32    34     2    gb_11
   35    36     2    gb_5
   35    37     2    gb_10
   37    38     2    gb_21
   38    39     2    gb_27
   38    42     2    gb_27
   39    40     2    gb_18
   39    41     2    gb_27
   42    43     2    gb_5
   42    44     2    gb_10
   44    45     2    gb_21
   44    48     2    gb_21
   45    46     2    gb_27
   45    49     2    gb_27
   46    47     2    gb_27
   47    48     2    gb_27
   49    50     2    gb_5
   49    51     2    gb_10
   51    52     2    gb_21
   52    53     2    gb_27
   52    58     2    gb_27
   53    54     2    gb_27
   54    55     2    gb_27
   55    56     2    gb_27
   56    57     2    gb_21
   58    59     2    gb_5
   58    60     2    gb_10
   60    61     2    gb_21
   61    62     2    gb_27
   61    66     2    gb_27
   62    63     2    gb_27
   62    64     2    gb_27
   63    65     2    gb_27
   66    67     2    gb_5
   66    68     2    gb_10
   68    69     2    gb_21
   69    70     2    gb_27
   69    75     2    gb_27
   70    71     2    gb_27
   71    72     2    gb_27
   72    73     2    gb_5
   72    74     2    gb_9
   75    76     2    gb_5
   75    77     2    gb_10
   77    78     2    gb_21
   78    79     2    gb_27
   78    82     2    gb_27
   79    80     2    gb_27
   79    81     2    gb_27
   82    83     2    gb_5
   82    84     2    gb_10
   84    85     2    gb_21
   85    86     2    gb_27
   85    94     2    gb_27
   86    87     2    gb_27
   87    88     2    gb_16
   87    89     2    gb_16
   88    90     2    gb_16
   89    91     2    gb_16
   90    92     2    gb_16
   91    92     2    gb_16
   92    93     2    gb_13
   94    95     2    gb_5
   94    96     2    gb_10
   96    97     2    gb_21
   97    98     2    gb_27
   97   100     2    gb_27
   98    99     2    gb_18
  100   101     2    gb_5
  100   102     2    gb_10
  102   103     2    gb_21
  103   104     2    gb_27
  103   111     2    gb_27
  104   105     2    gb_27
  105   106     2    gb_27
  106   107     2    gb_21
  107   108     2    gb_11
  108   109     2    gb_11
  108   110     2    gb_11
  111   112     2    gb_5
  111   113     2    gb_10
  113   114     2    gb_21
  114   115     2    gb_27
  114   121     2    gb_27
  115   116     2    gb_27
  116   117     2    gb_10
  116   118     2    gb_10
  117   119     2    gb_10
  118   120     2    gb_10
  119   120     2    gb_10
  121   122     2    gb_5
  121   123     2    gb_10
  123   124     2    gb_21
  123   127     2    gb_21
  124   125     2    gb_27
  124   128     2    gb_27
  125   126     2    gb_27
  126   127     2    gb_27
  128   129     2    gb_5
  128   130     2    gb_10
  130   131     2    gb_21
  131   132     2    gb_27
  131   133     2    gb_27
  133   134     2    gb_5
  133   135     2    gb_10
  135   136     2    gb_21
  136   137     2    gb_27
  136   142     2    gb_27
  137   138     2    gb_27
  138   139     2    gb_27
  139   140     2    gb_6
  139   141     2    gb_6
  142   143     2    gb_5
  142   144     2    gb_10
  144   145     2    gb_21
  145   146     2    gb_27
  145   150     2    gb_27
  146   147     2    gb_27
  147   148     2    gb_5
  147   149     2    gb_9
  150   151     2    gb_5
  150   152     2    gb_10
  152   153     2    gb_21
  153   154     2    gb_27
  154   155     2    gb_5
  154   156     2    gb_10
  156   157     2    gb_21
  157   158     2    gb_27
  157   163     2    gb_27
  158   159     2    gb_27
  159   160     2    gb_27
  160   161     2    gb_27
  161   162     2    gb_21
  163   164     2    gb_5
  163   165     2    gb_10
  165   166     2    gb_21
  166   167     2    gb_27
  166   169     2    gb_27
  167   168     2    gb_18
  169   170     2    gb_5
  169   171     2    gb_10
  171   172     2    gb_21
  172   173     2    gb_27
  172   177     2    gb_27
  173   174     2    gb_27
  174   175     2    gb_5
  174   176     2    gb_9
  177   178     2    gb_5
  177   179     2    gb_10
  179   180     2    gb_21
  180   181     2    gb_27
  180   188     2    gb_27
  181   182     2    gb_27
  182   183     2    gb_16
  182   184     2    gb_16
  183   185     2    gb_16
  184   186     2    gb_16
  185   187     2    gb_16
  186   187     2    gb_16
  188   189     2    gb_5
  188   190     2    gb_10
  190   191     2    gb_21
  191   192     2    gb_27
  191   196     2    gb_27
  192   193     2    gb_27
  193   194     2    gb_27
  193   195     2    gb_27
  196   197     2    gb_5
  196   198     2    gb_10
  198   199     2    gb_21
  199   200     2    gb_27
  199   204     2    gb_27
  200   201     2    gb_27
  201   202     2    gb_5
  201   203     2    gb_9
  204   205     2    gb_5
  204   206     2    gb_10
  206   207     2    gb_21
  207   208     2    gb_27
  207   210     2    gb_27
  208   209     2    gb_32
  209   672     2 
  210   211     2    gb_5
  210   212     2    gb_10
  212   213     2    gb_21
  213   214     2    gb_27
  213   222     2    gb_27
  214   215     2    gb_27
  215   216     2    gb_16
  215   217     2    gb_16
  216   218     2    gb_16
  217   219     2    gb_16
  218   220     2    gb_16
  219   220     2    gb_16
  220   221     2    gb_13
  222   223     2    gb_5
  222   224     2    gb_10
  224   225     2    gb_21
  225   226     2    gb_27
  225   229     2    gb_27
  226   227     2    gb_27
  226   228     2    gb_27
  229   230     2    gb_5
  229   231     2    gb_10
  231   232     2    gb_21
  232   233     2    gb_27
  232   235     2    gb_27
  233   234     2    gb_18
  235   236     2    gb_5
  235   237     2    gb_10
  237   238     2    gb_21
  238   239     2    gb_27
  239   240     2    gb_5
  239   241     2    gb_10
  241   242     2    gb_21
  242   243     2    gb_27
  242   250     2    gb_27
  243   244     2    gb_27
  244   245     2    gb_16
  244   246     2    gb_16
  245   247     2    gb_16
  246   248     2    gb_16
  247   249     2    gb_16
  248   249     2    gb_16
  250   251     2    gb_5
  250   252     2    gb_10
  252   253     2    gb_21
  253   254     2    gb_27
  253   260     2    gb_27
  254   255     2    gb_27
  255   256     2    gb_10
  255   257     2    gb_10
  256   258     2    gb_10
  257   259     2    gb_10
  258   259     2    gb_10
  260   261     2    gb_5
  260   262     2    gb_10
  262   263     2    gb_21
  262   266     2    gb_21
  263   264     2    gb_27
  263   267     2    gb_27
  264   265     2    gb_27
  265   266     2    gb_27
  267   268     2    gb_5
  267   269     2    gb_10
  269   270     2    gb_21
  270   271     2    gb_27
  270   273     2    gb_27
  271   272     2    gb_18
  273   274     2    gb_5
  273   275     2    gb_10
  275   276     2    gb_21
  276   277     2    gb_27
  276   281     2    gb_27
  277   278     2    gb_27
  278   279     2    gb_6
  278   280     2    gb_6
  281   282     2    gb_5
  281   283     2    gb_10
  283   284     2    gb_21
  284   285     2    gb_27
  284   289     2    gb_27
  285   286     2    gb_27
  285   287     2    gb_27
  286   288     2    gb_27
  289   290     2    gb_5
  289   291     2    gb_10
  291   292     2    gb_21
  292   293     2    gb_27
  292   298     2    gb_27
  293   294     2    gb_27
  294   295     2    gb_27
  295   296     2    gb_6
  295   297     2    gb_6
  298   299     2    gb_5
  298   300     2    gb_10
  300   301     2    gb_21
  301   302     2    gb_27
  301   305     2    gb_27
  302   303     2    gb_27
  302   304     2    gb_27
  305   306     2    gb_5
  305   307     2    gb_10
  307   308     2    gb_21
  308   309     2    gb_27
  308   313     2    gb_27
  309   310     2    gb_27
  310   311     2    gb_6
  310   312     2    gb_6
  313   314     2    gb_5
  313   315     2    gb_10
  315   316     2    gb_21
  316   317     2    gb_27
  316   321     2    gb_27
  317   318     2    gb_27
  318   319     2    gb_27
  318   320     2    gb_27
  321   322     2    gb_5
  321   323     2    gb_10
  323   324     2    gb_21
  324   325     2    gb_27
  324   329     2    gb_27
  325   326     2    gb_27
  326   327     2    gb_27
  326   328     2    gb_27
  329   330     2    gb_5
  329   331     2    gb_10
  331   332     2    gb_21
  332   333     2    gb_27
  332   338     2    gb_27
  333   334     2    gb_27
  334   335     2    gb_27
  335   336     2    gb_27
  336   337     2    gb_21
  338   339     2    gb_5
  338   340     2    gb_10
  340   341     2    gb_21
  341   342     2    gb_27
  341   346     2    gb_27
  342   343     2    gb_27
  343   344     2    gb_5
  343   345     2    gb_9
  346   347     2    gb_5
  346   348     2    gb_10
  348   349     2    gb_21
  349   350     2    gb_27
  350   351     2    gb_5
  350   352     2    gb_10
  352   353     2    gb_21
  353   354     2    gb_27
  353   359     2    gb_27
  354   355     2    gb_27
  355   356     2    gb_27
  356   357     2    gb_6
  356   358     2    gb_6
  359   360     2    gb_5
  359   361     2    gb_10
  361   362     2    gb_21
  362   363     2    gb_27
  362   370     2    gb_27
  363   364     2    gb_27
  364   365     2    gb_27
  365   366     2    gb_21
  366   367     2    gb_11
  367   368     2    gb_11
  367   369     2    gb_11
  370   371     2    gb_5
  370   372     2    gb_10
  372   373     2    gb_21
  373   374     2    gb_27
  373   378     2    gb_27
  374   375     2    gb_27
  374   376     2    gb_27
  375   377     2    gb_27
  378   379     2    gb_5
  378   380     2    gb_10
  380   381     2    gb_21
  381   382     2    gb_27
  381   387     2    gb_27
  382   383     2    gb_27
  383   384     2    gb_27
  384   385     2    gb_6
  384   386     2    gb_6
  387   388     2    gb_5
  387   389     2    gb_10
  389   390     2    gb_21
  390   391     2    gb_27
  390   396     2    gb_27
  391   392     2    gb_27
  392   393     2    gb_27
  393   394     2    gb_27
  394   395     2    gb_21
  396   397     2    gb_5
  396   398     2    gb_10
  398   399     2    gb_21
  399   400     2    gb_27
  399   403     2    gb_27
  400   401     2    gb_27
  400   402     2    gb_27
  403   404     2    gb_5
  403   405     2    gb_10
  405   406     2    gb_21
  406   407     2    gb_27
  406   412     2    gb_27
  407   408     2    gb_27
  408   409     2    gb_27
  409   410     2    gb_6
  409   411     2    gb_6
  412   413     2    gb_5
  412   414     2    gb_10
  414   415     2    gb_21
  415   416     2    gb_27
  415   422     2    gb_27
  416   417     2    gb_27
  417   418     2    gb_10
  417   419     2    gb_10
  418   420     2    gb_10
  419   421     2    gb_10
  420   421     2    gb_10
  422   423     2    gb_5
  422   424     2    gb_10
  424   425     2    gb_21
  425   426     2    gb_27
  425   428     2    gb_27
  426   427     2    gb_18
  428   429     2    gb_5
  428   430     2    gb_10
  430   431     2    gb_21
  431   432     2    gb_27
  431   436     2    gb_27
  432   433     2    gb_27
  433   434     2    gb_6
  433   435     2    gb_6
  436   437     2    gb_5
  436   438     2    gb_10
  438   439     2    gb_21
  439   440     2    gb_27
  439   444     2    gb_27
  440   441     2    gb_27
  441   442     2    gb_27
  441   443     2    gb_27
  444   445     2    gb_5
  444   446     2    gb_10
  446   447     2    gb_21
  447   448     2    gb_27
  447   450     2    gb_27
  448   449     2    gb_18
  450   451     2    gb_5
  450   452     2    gb_10
  452   453     2    gb_21
  453   454     2    gb_27
  453   461     2    gb_27
  454   455     2    gb_27
  455   456     2    gb_16
  455   457     2    gb_16
  456   458     2    gb_16
  457   459     2    gb_16
  458   460     2    gb_16
  459   460     2    gb_16
  461   462     2    gb_5
  461   463     2    gb_10
  463   464     2    gb_21
  464   465     2    gb_27
  464   467     2    gb_27
  465   466     2    gb_18
  467   468     2    gb_5
  467   469     2    gb_10
  469   470     2    gb_21
  470   471     2    gb_27
  470   476     2    gb_27
  471   472     2    gb_27
  472   473     2    gb_27
  473   474     2    gb_27
  474   475     2    gb_21
  476   477     2    gb_5
  476   478     2    gb_10
  478   479     2    gb_21
  479   480     2    gb_27
  479   484     2    gb_27
  480   481     2    gb_27
  481   482     2    gb_6
  481   483     2    gb_6
  484   485     2    gb_5
  484   486     2    gb_10
  486   487     2    gb_21
  487   488     2    gb_27
  487   498     2    gb_27
  488   489     2    gb_27
  489   490     2    gb_10
  489   491     2    gb_16
  490   492     2    gb_10
  491   493     2    gb_16
  491   494     2    gb_16
  492   493     2    gb_10
  493   495     2    gb_16
  494   496     2    gb_16
  495   497     2    gb_16
  496   497     2    gb_16
  498   499     2    gb_5
  498   500     2    gb_10
  500   501     2    gb_21
  501   502     2    gb_27
  501   504     2    gb_27
  502   503     2    gb_18
  504   505     2    gb_5
  504   506     2    gb_10
  506   507     2    gb_21
  507   508     2    gb_27
  507   515     2    gb_27
  508   509     2    gb_27
  509   510     2    gb_16
  509   511     2    gb_16
  510   512     2    gb_16
  511   513     2    gb_16
  512   514     2    gb_16
  513   514     2    gb_16
  515   516     2    gb_5
  515   517     2    gb_10
  517   518     2    gb_21
  518   519     2    gb_27
  518   527     2    gb_27
  519   520     2    gb_27
  520   521     2    gb_16
  520   522     2    gb_16
  521   523     2    gb_16
  522   524     2    gb_16
  523   525     2    gb_16
  524   525     2    gb_16
  525   526     2    gb_13
  527   528     2    gb_5
  527   529     2    gb_10
  529   530     2    gb_21
  530   531     2    gb_27
  530   535     2    gb_27
  531   532     2    gb_27
  532   533     2    gb_27
  532   534     2    gb_27
  535   536     2    gb_5
  535   537     2    gb_10
  537   538     2    gb_21
  538   539     2    gb_27
  538   543     2    gb_27
  539   540     2    gb_27
  540   541     2    gb_27
  540   542     2    gb_27
  543   544     2    gb_5
  543   545     2    gb_10
  545   546     2    gb_21
  546   547     2    gb_27
  546   555     2    gb_27
  547   548     2    gb_27
  548   549     2    gb_16
  548   550     2    gb_16
  549   551     2    gb_16
  550   552     2    gb_16
  551   553     2    gb_16
  552   553     2    gb_16
  553   554     2    gb_13
  555   556     2    gb_5
  555   557     2    gb_10
  557   558     2    gb_21
  558   559     2    gb_27
  558   567     2    gb_27
  559   560     2    gb_27
  560   561     2    gb_16
  560   562     2    gb_16
  561   563     2    gb_16
  562   564     2    gb_16
  563   565     2    gb_16
  564   565     2    gb_16
  565   566     2    gb_13
  567   568     2    gb_5
  567   569     2    gb_10
  569   570     2    gb_21
  570   571     2    gb_27
  570   574     2    gb_27
  571   572     2    gb_18
  571   573     2    gb_27
  574   575     2    gb_5
  574   576     2    gb_10
  576   577     2    gb_21
  577   578     2    gb_27
  577   583     2    gb_27
  578   579     2    gb_27
  579   580     2    gb_27
  580   581     2    gb_6
  580   582     2    gb_6
  583   584     2    gb_5
  583   585     2    gb_10
  585   586     2    gb_21
  586   587     2    gb_27
  586   594     2    gb_27
  587   588     2    gb_27
  588   589     2    gb_16
  588   590     2    gb_16
  589   591     2    gb_16
  590   592     2    gb_16
  591   593     2    gb_16
  592   593     2    gb_16
  594   595     2    gb_5
  594   596     2    gb_10
  596   597     2    gb_21
  597   598     2    gb_27
  597   601     2    gb_27
  598   599     2    gb_18
  598   600     2    gb_27
  601   602     2    gb_5
  601   603     2    gb_10
  603   604     2    gb_21
  603   607     2    gb_21
  604   605     2    gb_27
  604   608     2    gb_27
  605   606     2    gb_27
  606   607     2    gb_27
  608   609     2    gb_5
  608   610     2    gb_10
  610   611     2    gb_21
  611   612     2    gb_27
  611   615     2    gb_27
  612   613     2    gb_18
  612   614     2    gb_27
  615   616     2    gb_5
  615   617     2    gb_10
  617   618     2    gb_21
  618   619     2    gb_27
  618   624     2    gb_27
  619   620     2    gb_27
  620   621     2    gb_27
  621   622     2    gb_6
  621   623     2    gb_6
  624   625     2    gb_5
  624   626     2    gb_10
  626   627     2    gb_21
  627   628     2    gb_27
  627   633     2    gb_27
  628   629     2    gb_27
  629   630     2    gb_27
  630   631     2    gb_27
  631   632     2    gb_21
  633   634     2    gb_5
  633   635     2    gb_10
  635   636     2    gb_21
  636   637     2    gb_27
  636   641     2    gb_27
  637   638     2    gb_27
  638   639     2    gb_6
  638   640     2    gb_6
  641   642     2    gb_5
  641   643     2    gb_10
  643   644     2    gb_21
  644   645     2    gb_27
  644   650     2    gb_27
  645   646     2    gb_27
  646   647     2    gb_27
  647   648     2    gb_6
  647   649     2    gb_6
  650   651     2    gb_5
  650   652     2    gb_10
  652   653     2    gb_21
  653   654     2    gb_27
  653   662     2    gb_27
  654   655     2    gb_27
  655   656     2    gb_16
  655   657     2    gb_16
  656   658     2    gb_16
  657   659     2    gb_16
  658   660     2    gb_16
  659   660     2    gb_16
  660   661     2    gb_13
  662   663     2    gb_5
  662   664     2    gb_10
  664   665     2    gb_21
  665   666     2    gb_27
  665   667     2    gb_27
  667   668     2    gb_5
  667   669     2    gb_10
  669   670     2    gb_21
  670   671     2    gb_27
  670   673     2    gb_27
  671   672     2    gb_32
  673   674     2    gb_5
  673   675     2    gb_10
  675   676     2    gb_21
  676   677     2    gb_27
  676   684     2    gb_27
  677   678     2    gb_27
  678   679     2    gb_27
  679   680     2    gb_21
  680   681     2    gb_11
  681   682     2    gb_11
  681   683     2    gb_11
  684   685     2    gb_5
  684   686     2    gb_10
  686   687     2    gb_21
  687   688     2    gb_27
  687   691     2    gb_27
  688   689     2    gb_27
  688   690     2    gb_27
  691   692     2    gb_5
  691   693     2    gb_10
  693   694     2    gb_21
  694   695     2    gb_27
  694   699     2    gb_27
  695   696     2    gb_27
  696   697     2    gb_5
  696   698     2    gb_9
  699   700     2    gb_5
  699   701     2    gb_10
  701   702     2    gb_21
  702   703     2    gb_27
  702   709     2    gb_27
  703   704     2    gb_27
  704   705     2    gb_10
  704   706     2    gb_10
  705   707     2    gb_10
  706   708     2    gb_10
  707   708     2    gb_10
  709   710     2    gb_5
  709   711     2    gb_10
  711   712     2    gb_21
  712   713     2    gb_27
  712   716     2    gb_27
  713   714     2    gb_27
  713   715     2    gb_27
  716   717     2    gb_5
  716   718     2    gb_10
  718   719     2    gb_21
  719   720     2    gb_27
  719   723     2    gb_27
  720   721     2    gb_18
  720   722     2    gb_27
  723   724     2    gb_5
  723   725     2    gb_10
  725   726     2    gb_21
  726   727     2    gb_27
  726   731     2    gb_27
  727   728     2    gb_27
  728   729     2    gb_27
  728   730     2    gb_27
  731   732     2    gb_5
  731   733     2    gb_10
  733   734     2    gb_21
  734   735     2    gb_27
  734   737     2    gb_27
  735   736     2    gb_18
  737   738     2    gb_5
  737   739     2    gb_10
  739   740     2    gb_21
  740   741     2    gb_27
  740   746     2    gb_27
  741   742     2    gb_27
  742   743     2    gb_27
  743   744     2    gb_5
  743   745     2    gb_9
  746   747     2    gb_5
  746   748     2    gb_10
  748   749     2    gb_21
  748   752     2    gb_21
  749   750     2    gb_27
  749   753     2    gb_27
  750   751     2    gb_27
  751   752     2    gb_27
  753   754     2    gb_5
  753   755     2    gb_10
  755   756     2    gb_21
  756   757     2    gb_27
  756   762     2    gb_27
  757   758     2    gb_27
  758   759     2    gb_27
  759   760     2    gb_27
  760   761     2    gb_21
  762   763     2    gb_5
  762   764     2    gb_10
  764   765     2    gb_21
  765   766     2    gb_27
  765   770     2    gb_27
  766   767     2    gb_27
  766   768     2    gb_27
  767   769     2    gb_27
  770   771     2    gb_5
  770   772     2    gb_10
  772   773     2    gb_21
  773   774     2    gb_27
  773   777     2    gb_27
  774   775     2    gb_27
  774   776     2    gb_27
  777   778     2    gb_5
  777   779     2    gb_10
  779   780     2    gb_21
  780   781     2    gb_27
  780   786     2    gb_27
  781   782     2    gb_27
  782   783     2    gb_27
  783   784     2    gb_27
  784   785     2    gb_21
  786   787     2    gb_5
  786   788     2    gb_10
  788   789     2    gb_21
  789   790     2    gb_27
  789   800     2    gb_27
  790   791     2    gb_27
  791   792     2    gb_10
  791   793     2    gb_16
  792   794     2    gb_10
  793   795     2    gb_16
  793   796     2    gb_16
  794   795     2    gb_10
  795   797     2    gb_16
  796   798     2    gb_16
  797   799     2    gb_16
  798   799     2    gb_16
  800   801     2    gb_5
  800   802     2    gb_10
  802   803     2    gb_21
  803   804     2    gb_27
  803   808     2    gb_27
  804   805     2    gb_27
  805   806     2    gb_6
  805   807     2    gb_6
  808   809     2    gb_5
  808   810     2    gb_10
  810   811     2    gb_21
  811   812     2    gb_27
  811   819     2    gb_27
  812   813     2    gb_27
  813   814     2    gb_27
  814   815     2    gb_21
  815   816     2    gb_11
  816   817     2    gb_11
  816   818     2    gb_11
  819   820     2    gb_5
  819   821     2    gb_10
  821   822     2    gb_21
  822   823     2    gb_27
  822   827     2    gb_27
  823   824     2    gb_27
  824   825     2    gb_6
  824   826     2    gb_6
  827   828     2    gb_6
  827   829     2    gb_6