    1     2     3     4     1    gd_34
    1     2     7     9     1    gd_42
    1     2     7     9     1    gd_45
    2     3     4     5     1    gd_34
    3     4     5     6     1    gd_26
    2     7     9    10     1    gd_14
    7     9    10    15     1    gd_43
    7     9    10    15     1    gd_44
    9    10    11    12     1    gd_34
    9    10    15    17     1    gd_42
    9    10    15    17     1    gd_45
   10    11    12    14     1    gd_34
   10    15    17    18     1    gd_14
   15    17    18    24     1    gd_43
   15    17    18    24     1    gd_44
   17    18    19    20     1    gd_34
   17    18    24    26     1    gd_42
   17    18    24    26     1    gd_45
   18    19    20    21     1    gd_34
   19    20    21    23     1    gd_40
   18    24    26    27     1    gd_14
   24    26    27    35     1    gd_43
   24    26    27    35     1    gd_44
   26    27    28    29     1    gd_34
   26    27    35    37     1    gd_42
   26    27    35    37     1    gd_45
   27    28    29    30     1    gd_34
   28    29    30    31     1    gd_34
   29    30    31    32     1    gd_39
   30    31    32    33     1    gd_14
   27    35    37    38     1    gd_14
   35    37    38    42     1    gd_43
   35    37    38    42     1    gd_44
   37    38    39    40     1    gd_34
   37    38    42    44     1    gd_42
   37    38    42    44     1    gd_45
   38    42    44    45     1    gd_14
   42    44    45    49     1    gd_43
   42    44    45    49     1    gd_44
   45    44    48    47     1    gd_39
   44    45    46    47     1    gd_34
   44    45    49    51     1    gd_42
   44    45    49    51     1    gd_45
   45    46    47    48     1    gd_34
   46    47    48    44     1    gd_34
   45    49    51    52     1    gd_14
   49    51    52    58     1    gd_43
   49    51    52    58     1    gd_44
   51    52    53    54     1    gd_34
   51    52    58    60     1    gd_42
   51    52    58    60     1    gd_45
   52    53    54    55     1    gd_34
   53    54    55    56     1    gd_34
   54    55    56    57     1    gd_34
   52    58    60    61     1    gd_14
   58    60    61    66     1    gd_43
   58    60    61    66     1    gd_44
   60    61    62    63     1    gd_34
   60    61    66    68     1    gd_42
   60    61    66    68     1    gd_45
   61    62    63    65     1    gd_34
   61    66    68    69     1    gd_14
   66    68    69    75     1    gd_43
   66    68    69    75     1    gd_44
   68    69    70    71     1    gd_34
   68    69    75    77     1    gd_42
   68    69    75    77     1    gd_45
   69    70    71    72     1    gd_34
   70    71    72    74     1    gd_40
   69    75    77    78     1    gd_14
   75    77    78    82     1    gd_43
   75    77    78    82     1    gd_44
   77    78    79    80     1    gd_34
   77    78    82    84     1    gd_42
   77    78    82    84     1    gd_45
   78    82    84    85     1    gd_14
   82    84    85    94     1    gd_43
   82    84    85    94     1    gd_44
   84    85    86    87     1    gd_34
   84    85    94    96     1    gd_42
   84    85    94    96     1    gd_45
   85    86    87    88     1    gd_40
   85    94    96    97     1    gd_14
   94    96    97   100     1    gd_43
   94    96    97   100     1    gd_44
   96    97    98    99     1    gd_34
   96    97   100   102     1    gd_42
   96    97   100   102     1    gd_45
   97   100   102   103     1    gd_14
  100   102   103   111     1    gd_43
  100   102   103   111     1    gd_44
  102   103   104   105     1    gd_34
  102   103   111   113     1    gd_42
  102   103   111   113     1    gd_45
  103   104   105   106     1    gd_34
  104   105   106   107     1    gd_34
  105   106   107   108     1    gd_39
  106   107   108   109     1    gd_14
  103   111   113   114     1    gd_14
  111   113   114   121     1    gd_43
  111   113   114   121     1    gd_44
  113   114   115   116     1    gd_34
  113   114   121   123     1    gd_42
  113   114   121   123     1    gd_45
  114   115   116   117     1    gd_40
  114   121   123   124     1    gd_14
  121   123   124   128     1    gd_43
  121   123   124   128     1    gd_44
  124   123   127   126     1    gd_39
  123   124   125   126     1    gd_34
  123   124   128   130     1    gd_42
  123   124   128   130     1    gd_45
  124   125   126   127     1    gd_34
  125   126   127   123     1    gd_34
  124   128   130   131     1    gd_14
  128   130   131   133     1    gd_43
  128   130   131   133     1    gd_44
  130   131   133   135     1    gd_42
  130   131   133   135     1    gd_45
  131   133   135   136     1    gd_14
  133   135   136   142     1    gd_43
  133   135   136   142     1    gd_44
  135   136   137   138     1    gd_34
  135   136   142   144     1    gd_42
  135   136   142   144     1    gd_45
  136   137   138   139     1    gd_34
  137   138   139   141     1    gd_40
  136   142   144   145     1    gd_14
  142   144   145   150     1    gd_43
  142   144   145   150     1    gd_44
  144   145   146   147     1    gd_34
  144   145   150   152     1    gd_42
  144   145   150   152     1    gd_45
  145   146   147   149     1    gd_40
  145   150   152   153     1    gd_14
  150   152   153   154     1    gd_43
  150   152   153   154     1    gd_44
  152   153   154   156     1    gd_42
  152   153   154   156     1    gd_45
  153   154   156   157     1    gd_14
  154   156   157   163     1    gd_43
  154   156   157   163     1    gd_44
  156   157   158   159     1    gd_34
  156   157   163   165     1    gd_42
  156   157   163   165     1    gd_45
  157   158   159   160     1    gd_34
  158   159   160   161     1    gd_34
  159   160   161   162     1    gd_34
  157   163   165   166     1    gd_14
  163   165   166   169     1    gd_43
  163   165   166   169     1    gd_44
  165   166   167   168     1    gd_34
  165   166   169   171     1    gd_42
  165   166   169   171     1    gd_45
  166   169   171   172     1    gd_14
  169   171   172   177     1    gd_43
  169   171   172   177     1    gd_44
  171   172   173   174     1    gd_34
  171   172   177   179     1    gd_42
  171   172   177   179     1    gd_45
  172   173   174   176     1    gd_40
  172   177   179   180     1    gd_14
  177   179   180   188     1    gd_43
  177   179   180   188     1    gd_44
  179   180   181   182     1    gd_34
  179   180   188   190     1    gd_42
  179   180   188   190     1    gd_45
  180   181   182   183     1    gd_40
  180   188   190   191     1    gd_14
  188   190   191   196     1    gd_43
  188   190   191   196     1    gd_44
  190   191   192   193     1    gd_34
  190   191   196   198     1    gd_42
  190   191   196   198     1    gd_45
  191   192   193   194     1    gd_34
  191   196   198   199     1    gd_14
  196   198   199   204     1    gd_43
  196   198   199   204     1    gd_44
  198   199   200   201     1    gd_34
  198   199   204   206     1    gd_42
  198   199   204   206     1    gd_45
  199   200   201   203     1    gd_40
  199   204   206   207     1    gd_14
  204   206   207   210     1    gd_43
  204   206   207   210     1    gd_44
  206   207   208   209     1    gd_34
  206   207   210   212     1    gd_42
  206   207   210   212     1    gd_45
  112   111   113   114     1 
  111   113   114   121     1    gd_43
  207   210   212   213     1    gd_14
  210   212   213   222     1    gd_43
  210   212   213   222     1    gd_44
  212   213   214   215     1    gd_34
  212   213   222   224     1    gd_42
  212   213   222   224     1    gd_45
  213   214   215   216     1    gd_40
  213   222   224   225     1    gd_14
  222   224   225   229     1    gd_43
  222   224   225   229     1    gd_44
  224   225   226   227     1    gd_34
  224   225   229   231     1    gd_42
  224   225   229   231     1    gd_45
  225   229   231   232     1    gd_14
  229   231   232   235     1    gd_43
  229   231   232   235     1    gd_44
  231   232   233   234     1    gd_34
  231   232   235   237     1    gd_42
  231   232   235   237     1    gd_45
  232   235   237   238     1    gd_14
  235   237   238   239     1    gd_43
  235   237   238   239     1    gd_44
  237   238   239   241     1    gd_42
  237   238   239   241     1    gd_45
  238   239   241   242     1    gd_14
  239   241   242   250     1    gd_43
  239   241   242   250     1    gd_44
  241   242   243   244     1    gd_34
  241   242   250   252     1    gd_42
  241   242   250   252     1    gd_45
  242   243   244   245     1    gd_40
  242   250   252   253     1    gd_14
  250   252   253   260     1    gd_43
  250   252   253   260     1    gd_44
  252   253   254   255     1    gd_34
  252   253   260   262     1    gd_42
  252   253   260   262     1    gd_45
  253   254   255   256     1    gd_40
  253   260   262   263     1    gd_14
  260   262   263   267     1    gd_43
  260   262   263   267     1    gd_44
  263   262   266   265     1    gd_39
  262   263   264   265     1    gd_34
  262   263   267   269     1    gd_42
  262   263   267   269     1    gd_45
  263   264   265   266     1    gd_34
  264   265   266   262     1    gd_34
  263   267   269   270     1    gd_14
  267   269   270   273     1    gd_43
  267   269   270   273     1    gd_44
  269   270   271   272     1    gd_34
  269   270   273   275     1    gd_42
  269   270   273   275     1    gd_45
  270   273   275   276     1    gd_14
  273   275   276   281     1    gd_43
  273   275   276   281     1    gd_44
  275   276   277   278     1    gd_34
  275   276   281   283     1    gd_42
  275   276   281   283     1    gd_45
  276   277   278   279     1    gd_40
  276   281   283   284     1    gd_14
  281   283   284   289     1    gd_43
  281   283   284   289     1    gd_44
  283   284   285   286     1    gd_34
  283   284   289   291     1    gd_42
  283   284   289   291     1    gd_45
  284   285   286   288     1    gd_34
  284   289   291   292     1    gd_14
  289   291   292   298     1    gd_43
  289   291   292   298     1    gd_44
  291   292   293   294     1    gd_34
  291   292   298   300     1    gd_42
  291   292   298   300     1    gd_45
  292   293   294   295     1    gd_34
  293   294   295   297     1    gd_40
  292   298   300   301     1    gd_14
  298   300   301   305     1    gd_43
  298   300   301   305     1    gd_44
  300   301   302   303     1    gd_34
  300   301   305   307     1    gd_42
  300   301   305   307     1    gd_45
  301   305   307   308     1    gd_14
  305   307   308   313     1    gd_43
  305   307   308   313     1    gd_44
  307   308   309   310     1    gd_34
  307   308   313   315     1    gd_42
  307   308   313   315     1    gd_45
  308   309   310   311     1    gd_40
  308   313   315   316     1    gd_14
  313   315   316   321     1    gd_43
  313   315   316   321     1    gd_44
  315   316   317   318     1    gd_34
  315   316   321   323     1    gd_42
  315   316   321   323     1    gd_45
  316   317   318   319     1    gd_34
  316   321   323   324     1    gd_14
  321   323   324   329     1    gd_43
  321   323   324   329     1    gd_44
  323   324   325   326     1    gd_34
  323   324   329   331     1    gd_42
  323   324   329   331     1    gd_45
  324   325   326   327     1    gd_34
  324   329   331   332     1    gd_14
  329   331   332   338     1    gd_43
  329   331   332   338     1    gd_44
  331   332   333   334     1    gd_34
  331   332   338   340     1    gd_42
  331   332   338   340     1    gd_45
  332   333   334   335     1    gd_34
  333   334   335   336     1    gd_34
  334   335   336   337     1    gd_34
  332   338   340   341     1    gd_14
  338   340   341   346     1    gd_43
  338   340   341   346     1    gd_44
  340   341   342   343     1    gd_34
  340   341   346   348     1    gd_42
  340   341   346   348     1    gd_45
  341   342   343   345     1    gd_40
  341   346   348   349     1    gd_14
  346   348   349   350     1    gd_43
  346   348   349   350     1    gd_44
  348   349   350   352     1    gd_42
  348   349   350   352     1    gd_45
  349   350   352   353     1    gd_14
  350   352   353   359     1    gd_43
  350   352   353   359     1    gd_44
  352   353   354   355     1    gd_34
  352   353   359   361     1    gd_42
  352   353   359   361     1    gd_45
  353   354   355   356     1    gd_34
  354   355   356   358     1    gd_40
  353   359   361   362     1    gd_14
  359   361   362   370     1    gd_43
  359   361   362   370     1    gd_44
  361   362   363   364     1    gd_34
  361   362   370   372     1    gd_42
  361   362   370   372     1    gd_45
  362   363   364   365     1    gd_34
  363   364   365   366     1    gd_34
  364   365   366   367     1    gd_39
  365   366   367   368     1    gd_14
  362   370   372   373     1    gd_14
  370   372   373   378     1    gd_43
  370   372   373   378     1    gd_44
  372   373   374   375     1    gd_34
  372   373   378   380     1    gd_42
  372   373   378   380     1    gd_45
  373   374   375   377     1    gd_34
  373   378   380   381     1    gd_14
  378   380   381   387     1    gd_43
  378   380   381   387     1    gd_44
  380   381   382   383     1    gd_34
  380   381   387   389     1    gd_42
  380   381   387   389     1    gd_45
  381   382   383   384     1    gd_34
  382   383   384   386     1    gd_40
  381   387   389   390     1    gd_14
  387   389   390   396     1    gd_43
  387   389   390   396     1    gd_44
  389   390   391   392     1    gd_34
  389   390   396   398     1    gd_42
  389   390   396   398     1    gd_45
  390   391   392   393     1    gd_34
  391   392   393   394     1    gd_34
  392   393   394   395     1    gd_34
  390   396   398   399     1    gd_14
  396   398   399   403     1    gd_43
  396   398   399   403     1    gd_44
  398   399   400   401     1    gd_34
  398   399   403   405     1    gd_42
  398   399   403   405     1    gd_45
  399   403   405   406     1    gd_14
  403   405   406   412     1    gd_43
  403   405   406   412     1    gd_44
  405   406   407   408     1    gd_34
  405   406   412   414     1    gd_42
  405   406   412   414     1    gd_45
  406   407   408   409     1    gd_34
  407   408   409   411     1    gd_40
  406   412   414   415     1    gd_14
  412   414   415   422     1    gd_43
  412   414   415   422     1    gd_44
  414   415   416   417     1    gd_34
  414   415   422   424     1    gd_42
  414   415   422   424     1    gd_45
  415   416   417   418     1    gd_40
  415   422   424   425     1    gd_14
  422   424   425   428     1    gd_43
  422   424   425   428     1    gd_44
  424   425   426   427     1    gd_34
  424   425   428   430     1    gd_42
  424   425   428   430     1    gd_45
  425   428   430   431     1    gd_14
  428   430   431   436     1    gd_43
  428   430   431   436     1    gd_44
  430   431   432   433     1    gd_34
  430   431   436   438     1    gd_42
  430   431   436   438     1    gd_45
  431   432   433   434     1    gd_40
  431   436   438   439     1    gd_14
  436   438   439   444     1    gd_43
  436   438   439   444     1    gd_44
  438   439   440   441     1    gd_34
  438   439   444   446     1    gd_42
  438   439   444   446     1    gd_45
  439   440   441   442     1    gd_34
  439   444   446   447     1    gd_14
  444   446   447   450     1    gd_43
  444   446   447   450     1    gd_44
  446   447   448   449     1    gd_34
  446   447   450   452     1    gd_42
  446   447   450   452     1    gd_45
  447   450   452   453     1    gd_14
  450   452   453   461     1    gd_43
  450   452   453   461     1    gd_44
  452   453   454   455     1    gd_34
  452   453   461   463     1    gd_42
  452   453   461   463     1    gd_45
  453   454   455   456     1    gd_40
  453   461   463   464     1    gd_14
  461   463   464   467     1    gd_43
  461   463   464   467     1    gd_44
  463   464   465   466     1    gd_34
  463   464   467   469     1    gd_42
  463   464   467   469     1    gd_45
  464   467   469   470     1    gd_14
  467   469   470   476     1    gd_43
  467   469   470   476     1    gd_44
  469   470   471   472     1    gd_34
  469   470   476   478     1    gd_42
  469   470   476   478     1    gd_45
  470   471   472   473     1    gd_34
  471   472   473   474     1    gd_34
  472   473   474   475     1    gd_34
  470   476   478   479     1    gd_14
  476   478   479   484     1    gd_43
  476   478   479   484     1    gd_44
  478   479   480   481     1    gd_34
  478   479   484   486     1    gd_42
  478   479   484   486     1    gd_45
  479   480   481   482     1    gd_40
  479   484   486   487     1    gd_14
  484   486   487   498     1    gd_43
  484   486   487   498     1    gd_44
  486   487   488   489     1    gd_34
  486   487   498   500     1    gd_42
  486   487   498   500     1    gd_45
  487   488   489   491     1    gd_40
  487   498   500   501     1    gd_14
  498   500   501   504     1    gd_43
  498   500   501   504     1    gd_44
  500   501   502   503     1    gd_34
  500   501   504   506     1    gd_42
  500   501   504   506     1    gd_45
  501   504   506   507     1    gd_14
  504   506   507   515     1    gd_43
  504   506   507   515     1    gd_44
  506   507   508   509     1    gd_34
  506   507   515   517     1    gd_42
  506   507   515   517     1    gd_45
  507   508   509   510     1    gd_40
  507   515   517   518     1    gd_14
  515   517   518   527     1    gd_43
  515   517   518   527     1    gd_44
  517   518   519   520     1    gd_34
  517   518   527   529     1    gd_42
  517   518   527   529     1    gd_45
  518   519   520   521     1    gd_40
  518   527   529   530     1    gd_14
  527   529   530   535     1    gd_43
  527   529   530   535     1    gd_44
  529   530   531   532     1    gd_34
  529   530   535   537     1    gd_42
  529   530   535   537     1    gd_45
  530   531   532   533     1    gd_34
  530   535   537   538     1    gd_14
  535   537   538   543     1    gd_43
  535   537   538   543     1    gd_44
  537   538   539   540     1    gd_34
  537   538   543   545     1    gd_42
  537   538   543   545     1    gd_45
  538   539   540   541     1    gd_34
  538   543   545   546     1    gd_14
  543   545   546   555     1    gd_43
  543   545   546   555     1    gd_44
  545   546   547   548     1    gd_34
  545   546   555   557     1    gd_42
  545   546   555   557     1    gd_45
  546   547   548   549     1    gd_40
  546   555   557   558     1    gd_14
  555   557   558   567     1    gd_43
  555   557   558   567     1    gd_44
  557   558   559   560     1    gd_34
  557   558   567   569     1    gd_42
  557   558   567   569     1    gd_45
  558   559   560   561     1    gd_40
  558   567   569   570     1    gd_14
  567   569   570   574     1    gd_43
  567   569   570   574     1    gd_44
  569   570   571   572     1    gd_34
  569   570   574   576     1    gd_42
  569   570   574   576     1    gd_45
  570   574   576   577     1    gd_14
  574   576   577   583     1    gd_43
  574   576   577   583     1    gd_44
  576   577   578   579     1    gd_34
  576   577   583   585     1    gd_42
  576   577   583   585     1    gd_45
  577   578   579   580     1    gd_34
  578   579   580   582     1    gd_40
  577   583   585   586     1    gd_14
  583   585   586   594     1    gd_43
  583   585   586   594     1    gd_44
  585   586   587   588     1    gd_34
  585   586   594   596     1    gd_42
  585   586   594   596     1    gd_45
  586   587   588   589     1    gd_40
  586   594   596   597     1    gd_14
  594   596   597   601     1    gd_43
  594   596   597   601     1    gd_44
  596   597   598   599     1    gd_34
  596   597   601   603     1    gd_42
  596   597   601   603     1    gd_45
  597   601   603   604     1    gd_14
  601   603   604   608     1    gd_43
  601   603   604   608     1    gd_44
  604   603   607   606     1    gd_39
  603   604   605   606     1    gd_34
  603   604   608   610     1    gd_42
  603   604   608   610     1    gd_45
  604   605   606   607     1    gd_34
  605   606   607   603     1    gd_34
  604   608   610   611     1    gd_14
  608   610   611   615     1    gd_43
  608   610   611   615     1    gd_44
  610   611   612   613     1    gd_34
  610   611   615   617     1    gd_42
  610   611   615   617     1    gd_45
  611   615   617   618     1    gd_14
  615   617   618   624     1    gd_43
  615   617   618   624     1    gd_44
  617   618   619   620     1    gd_34
  617   618   624   626     1    gd_42
  617   618   624   626     1    gd_45
  618   619   620   621     1    gd_34
  619   620   621   623     1    gd_40
  618   624   626   627     1    gd_14
  624   626   627   633     1    gd_43
  624   626   627   633     1    gd_44
  626   627   628   629     1    gd_34
  626   627   633   635     1    gd_42
  626   627   633   635     1    gd_45
  627   628   629   630     1    gd_34
  628   629   630   631     1    gd_34
  629   630   631   632     1    gd_34
  627   633   635   636     1    gd_14
  633   635   636   641     1    gd_43
  633   635   636   641     1    gd_44
  635   636   637   638     1    gd_34
  635   636   641   643     1    gd_42
  635   636   641   643     1    gd_45
  636   637   638   639     1    gd_40
  636   641   643   644     1    gd_14
  641   643   644   650     1    gd_43
  641   643   644   650     1    gd_44
  643   644   645   646     1    gd_34
  643   644   650   652     1    gd_42
  643   644   650   652     1    gd_45
  644   645   646   647     1    gd_34
  645   646   647   649     1    gd_40
  644   650   652   653     1    gd_14
  650   652   653   662     1    gd_43
  650   652   653   662     1    gd_44
  652   653   654   655     1    gd_34
  652   653   662   664     1    gd_42
  652   653   662   664     1    gd_45
  653   654   655   656     1    gd_40
  653   662   664   665     1    gd_14
  662   664   665   667     1    gd_43
  662   664   665   667     1    gd_44
  664   665   667   669     1    gd_42
  664   665   667   669     1    gd_45
  665   667   669   670     1    gd_14
  667   669   670   673     1    gd_43
  667   669   670   673     1    gd_44
  669   670   671   672     1    gd_34
  669   670   673   675     1    gd_42
  669   670   673   675     1    gd_45
  350   352   353   354     1 
  670   673   675   676     1    gd_14
  673   675   676   684     1    gd_43
  673   675   676   684     1    gd_44
  675   676   677   678     1    gd_34
  675   676   684   686     1    gd_42
  675   676   684   686     1    gd_45
  676   677   678   679     1    gd_34
  677   678   679   680     1    gd_34
  678   679   680   681     1    gd_39
  679   680   681   682     1    gd_14
  676   684   686   687     1    gd_14
  684   686   687   691     1    gd_43
  684   686   687   691     1    gd_44
  686   687   688   689     1    gd_34
  686   687   691   693     1    gd_42
  686   687   691   693     1    gd_45
  687   691   693   694     1    gd_14
  691   693   694   699     1    gd_43
  691   693   694   699     1    gd_44
  693   694   695   696     1    gd_34
  693   694   699   701     1    gd_42
  693   694   699   701     1    gd_45
  694   695   696   698     1    gd_40
  694   699   701   702     1    gd_14
  699   701   702   709     1    gd_43
  699   701   702   709     1    gd_44
  701   702   703   704     1    gd_34
  701   702   709   711     1    gd_42
  701   702   709   711     1    gd_45
  702   703   704   705     1    gd_40
  702   709   711   712     1    gd_14
  709   711   712   716     1    gd_43
  709   711   712   716     1    gd_44
  711   712   713   714     1    gd_34
  711   712   716   718     1    gd_42
  711   712   716   718     1    gd_45
  712   716   718   719     1    gd_14
  716   718   719   723     1    gd_43
  716   718   719   723     1    gd_44
  718   719   720   721     1    gd_34
  718   719   723   725     1    gd_42
  718   719   723   725     1    gd_45
  719   723   725   726     1    gd_14
  723   725   726   731     1    gd_43
  723   725   726   731     1    gd_44
  725   726   727   728     1    gd_34
  725   726   731   733     1    gd_42
  725   726   731   733     1    gd_45
  726   727   728   729     1    gd_34
  726   731   733   734     1    gd_14
  731   733   734   737     1    gd_43
  731   733   734   737     1    gd_44
  733   734   735   736     1    gd_34
  733   734   737   739     1    gd_42
  733   734   737   739     1    gd_45
  734   737   739   740     1    gd_14
  737   739   740   746     1    gd_43
  737   739   740   746     1    gd_44
  739   740   741   742     1    gd_34
  739   740   746   748     1    gd_42
  739   740   746   748     1    gd_45
  740   741   742   743     1    gd_34
  741   742   743   745     1    gd_40
  740   746   748   749     1    gd_14
  746   748   749   753     1    gd_43
  746   748   749   753     1    gd_44
  749   748   752   751     1    gd_39
  748   749   750   751     1    gd_34
  748   749   753   755     1    gd_42
  748   749   753   755     1    gd_45
  749   750   751   752     1    gd_34
  750   751   752   748     1    gd_34
  749   753   755   756     1    gd_14
  753   755   756   762     1    gd_43
  753   755   756   762     1    gd_44
  755   756   757   758     1    gd_34
  755   756   762   764     1    gd_42
  755   756   762   764     1    gd_45
  756   757   758   759     1    gd_34
  757   758   759   760     1    gd_34
  758   759   760   761     1    gd_34
  756   762   764   765     1    gd_14
  762   764   765   770     1    gd_43
  762   764   765   770     1    gd_44
  764   765   766   767     1    gd_34
  764   765   770   772     1    gd_42
  764   765   770   772     1    gd_45
  765   766   767   769     1    gd_34
  765   770   772   773     1    gd_14
  770   772   773   777     1    gd_43
  770   772   773   777     1    gd_44
  772   773   774   775     1    gd_34
  772   773   777   779     1    gd_42
  772   773   777   779     1    gd_45
  773   777   779   780     1    gd_14
  777   779   780   786     1    gd_43
  777   779   780   786     1    gd_44
  779   780   781   782     1    gd_34
  779   780   786   788     1    gd_42
  779   780   786   788     1    gd_45
  780   781   782   783     1    gd_34
  781   782   783   784     1    gd_34
  782   783   784   785     1    gd_34
  780   786   788   789     1    gd_14
  786   788   789   800     1    gd_43
  786   788   789   800     1    gd_44
  788   789   790   791     1    gd_34
  788   789   800   802     1    gd_42
  788   789   800   802     1    gd_45
  789   790   791   793     1    gd_40
  789   800   802   803     1    gd_14
  800   802   803   808     1    gd_43
  800   802   803   808     1    gd_44
  802   803   804   805     1    gd_34
  802   803   808   810     1    gd_42
  802   803   808   810     1    gd_45
  803   804   805   806     1    gd_40
  803   808   810   811     1    gd_14
  808   810   811   819     1    gd_43
  808   810   811   819     1    gd_44
  810   811   812   813     1    gd_34
  810   811   819   821     1    gd_42
  810   811   819   821     1    gd_45
  811   812   813   814     1    gd_34
  812   813   814   815     1    gd_34
  813   814   815   816     1    gd_39
  814   815   816   817     1    gd_14
  811   819   821   822     1    gd_14
  819   821   822   827     1    gd_43
  819   821   822   827     1    gd_44
  821   822   823   824     1    gd_34
  821   822   827   829     1    gd_42
  821   822   827   829     1    gd_45
  822   823   824   825     1    gd_40