    2     1     7     3     2    gi_2
    7     2     9     8     2    gi_1
   10     9    15    11     2    gi_2
   10    13    12    11     2    gi_2
   15    10    17    16     2    gi_1
   18    17    24    19     2    gi_2
   20    23    22    21     2    gi_1
   24    18    26    25     2    gi_1
   27    26    35    28     2    gi_2
   31    34    33    32     2    gi_1
   35    27    37    36     2    gi_1
   38    37    42    39     2    gi_2
   38    41    40    39     2    gi_2
   42    38    44    43     2    gi_1
   44    42    45    48     2    gi_1
   45    44    49    46     2    gi_2
   49    45    51    50     2    gi_1
   52    51    58    53     2    gi_2
   58    52    60    59     2    gi_1
   61    60    66    62     2    gi_2
   61    64    63    62     2    gi_2
   66    61    68    67     2    gi_1
   69    68    75    70     2    gi_2
   71    74    73    72     2    gi_1
   75    69    77    76     2    gi_1
   78    77    82    79     2    gi_2
   78    80    81    79     2    gi_2
   82    78    84    83     2    gi_1
   85    84    94    86     2    gi_2
   86    89    88    87     2    gi_1
   87    88    90    92     2    gi_1
   87    89    91    92     2    gi_1
   88    87    89    91     2    gi_1
   88    90    92    91     2    gi_1
   89    87    88    90     2    gi_1
   89    91    92    90     2    gi_1
   92    90    91    93     2    gi_1
   94    85    96    95     2    gi_1
   97    96   100    98     2    gi_2
  100    97   102   101     2    gi_1
  103   102   111   104     2    gi_2
  107   110   109   108     2    gi_1
  111   103   113   112     2    gi_1
  114   113   121   115     2    gi_2
  115   118   117   116     2    gi_1
  116   118   120   119     2    gi_1
  116   117   119   120     2    gi_1
  117   119   120   118     2    gi_1
  117   116   118   120     2    gi_1
  118   116   117   119     2    gi_1
  121   114   123   122     2    gi_1
  123   121   124   127     2    gi_1
  124   123   128   125     2    gi_2
  128   124   130   129     2    gi_1
  131   130   133   132     2    gi_2
  133   131   135   134     2    gi_1
  136   135   142   137     2    gi_2
  138   141   140   139     2    gi_1
  142   136   144   143     2    gi_1
  145   144   150   146     2    gi_2
  146   149   148   147     2    gi_1
  150   145   152   151     2    gi_1
  154   153   156   155     2    gi_1
  157   156   163   158     2    gi_2
  163   157   165   164     2    gi_1
  166   165   169   167     2    gi_2
  169   166   171   170     2    gi_1
  172   171   177   173     2    gi_2
  173   176   175   174     2    gi_1
  177   172   179   178     2    gi_1
  180   179   188   181     2    gi_2
  181   184   183   182     2    gi_1
  182   183   185   187     2    gi_1
  182   184   186   187     2    gi_1
  183   182   184   186     2    gi_1
  183   185   187   186     2    gi_1
  184   182   183   185     2    gi_1
  184   186   187   185     2    gi_1
  188   180   190   189     2    gi_1
  191   190   196   192     2    gi_2
  192   194   195   193     2    gi_2
  196   191   198   197     2    gi_1
  199   198   204   200     2    gi_2
  200   203   202   201     2    gi_1
  204   199   206   205     2    gi_1
  207   206   210   208     2    gi_2
  210   207   212   211     2    gi_1
  213   212   222   214     2    gi_2
  214   217   216   215     2    gi_1
  215   216   218   220     2    gi_1
  215   217   219   220     2    gi_1
  216   215   217   219     2    gi_1
  216   218   220   219     2    gi_1
  217   215   216   218     2    gi_1
  217   219   220   218     2    gi_1
  220   218   219   221     2    gi_1
  222   213   224   223     2    gi_1
  225   224   229   226     2    gi_2
  225   227   228   226     2    gi_2
  229   225   231   230     2    gi_1
  232   231   235   233     2    gi_2
  235   232   237   236     2    gi_1
  239   238   241   240     2    gi_1
  242   241   250   243     2    gi_2
  243   246   245   244     2    gi_1
  244   245   247   249     2    gi_1
  244   246   248   249     2    gi_1
  245   244   246   248     2    gi_1
  245   247   249   248     2    gi_1
  246   244   245   247     2    gi_1
  246   248   249   247     2    gi_1
  250   242   252   251     2    gi_1
  253   252   260   254     2    gi_2
  254   257   256   255     2    gi_1
  255   257   259   258     2    gi_1
  255   256   258   259     2    gi_1
  256   258   259   257     2    gi_1
  256   255   257   259     2    gi_1
  257   255   256   258     2    gi_1
  260   253   262   261     2    gi_1
  262   260   263   266     2    gi_1
  263   262   267   264     2    gi_2
  267   263   269   268     2    gi_1
  270   269   273   271     2    gi_2
  273   270   275   274     2    gi_1
  276   275   281   277     2    gi_2
  277   280   279   278     2    gi_1
  281   276   283   282     2    gi_1
  284   283   289   285     2    gi_2
  284   287   286   285     2    gi_2
  289   284   291   290     2    gi_1
  292   291   298   293     2    gi_2
  294   297   296   295     2    gi_1
  298   292   300   299     2    gi_1
  301   300   305   302     2    gi_2
  301   303   304   302     2    gi_2
  305   301   307   306     2    gi_1
  308   307   313   309     2    gi_2
  309   312   311   310     2    gi_1
  313   308   315   314     2    gi_1
  316   315   321   317     2    gi_2
  317   319   320   318     2    gi_2
  321   316   323   322     2    gi_1
  324   323   329   325     2    gi_2
  325   327   328   326     2    gi_2
  329   324   331   330     2    gi_1
  332   331   338   333     2    gi_2
  338   332   340   339     2    gi_1
  341   340   346   342     2    gi_2
  342   345   344   343     2    gi_1
  346   341   348   347     2    gi_1
  350   349   352   351     2    gi_1
  353   352   359   354     2    gi_2
  355   358   357   356     2    gi_1
  359   353   361   360     2    gi_1
  362   361   370   363     2    gi_2
  366   369   368   367     2    gi_1
  370   362   372   371     2    gi_1
  373   372   378   374     2    gi_2
  373   376   375   374     2    gi_2
  378   373   380   379     2    gi_1
  381   380   387   382     2    gi_2
  383   386   385   384     2    gi_1
  387   381   389   388     2    gi_1
  390   389   396   391     2    gi_2
  396   390   398   397     2    gi_1
  399   398   403   400     2    gi_2
  399   401   402   400     2    gi_2
  403   399   405   404     2    gi_1
  406   405   412   407     2    gi_2
  408   411   410   409     2    gi_1
  412   406   414   413     2    gi_1
  415   414   422   416     2    gi_2
  416   419   418   417     2    gi_1
  417   419   421   420     2    gi_1
  417   418   420   421     2    gi_1
  418   420   421   419     2    gi_1
  418   417   419   421     2    gi_1
  419   417   418   420     2    gi_1
  422   415   424   423     2    gi_1
  425   424   428   426     2    gi_2
  428   425   430   429     2    gi_1
  431   430   436   432     2    gi_2
  432   435   434   433     2    gi_1
  436   431   438   437     2    gi_1
  439   438   444   440     2    gi_2
  440   442   443   441     2    gi_2
  444   439   446   445     2    gi_1
  447   446   450   448     2    gi_2
  450   447   452   451     2    gi_1
  453   452   461   454     2    gi_2
  454   457   456   455     2    gi_1
  455   456   458   460     2    gi_1
  455   457   459   460     2    gi_1
  456   455   457   459     2    gi_1
  456   458   460   459     2    gi_1
  457   455   456   458     2    gi_1
  457   459   460   458     2    gi_1
  461   453   463   462     2    gi_1
  464   463   467   465     2    gi_2
  467   464   469   468     2    gi_1
  470   469   476   471     2    gi_2
  476   470   478   477     2    gi_1
  479   478   484   480     2    gi_2
  480   483   482   481     2    gi_1
  484   479   486   485     2    gi_1
  487   486   498   488     2    gi_2
  488   491   490   489     2    gi_1
  489   494   493   491     2    gi_1
  489   491   493   492     2    gi_1
  489   490   492   493     2    gi_1
  490   492   493   491     2    gi_1
  490   489   491   493     2    gi_1
  491   489   490   492     2    gi_1
  491   493   495   497     2    gi_1
  491   494   496   497     2    gi_1
  492   495   491   493     2    gi_1
  493   491   494   496     2    gi_1
  493   495   497   496     2    gi_1
  494   491   493   495     2    gi_1
  494   496   497   495     2    gi_1
  498   487   500   499     2    gi_1
  501   500   504   502     2    gi_2
  504   501   506   505     2    gi_1
  507   506   515   508     2    gi_2
  508   511   510   509     2    gi_1
  509   510   512   514     2    gi_1
  509   511   513   514     2    gi_1
  510   509   511   513     2    gi_1
  510   512   514   513     2    gi_1
  511   509   510   512     2    gi_1
  511   513   514   512     2    gi_1
  515   507   517   516     2    gi_1
  518   517   527   519     2    gi_2
  519   522   521   520     2    gi_1
  520   521   523   525     2    gi_1
  520   522   524   525     2    gi_1
  521   520   522   524     2    gi_1
  521   523   525   524     2    gi_1
  522   520   521   523     2    gi_1
  522   524   525   523     2    gi_1
  525   523   524   526     2    gi_1
  527   518   529   528     2    gi_1
  530   529   535   531     2    gi_2
  531   533   534   532     2    gi_2
  535   530   537   536     2    gi_1
  538   537   543   539     2    gi_2
  539   541   542   540     2    gi_2
  543   538   545   544     2    gi_1
  546   545   555   547     2    gi_2
  547   550   549   548     2    gi_1
  548   549   551   553     2    gi_1
  548   550   552   553     2    gi_1
  549   548   550   552     2    gi_1
  549   551   553   552     2    gi_1
  550   548   549   551     2    gi_1
  550   552   553   551     2    gi_1
  553   551   552   554     2    gi_1
  555   546   557   556     2    gi_1
  558   557   567   559     2    gi_2
  559   562   561   560     2    gi_1
  560   561   563   565     2    gi_1
  560   562   564   565     2    gi_1
  561   560   562   564     2    gi_1
  561   563   565   564     2    gi_1
  562   560   561   563     2    gi_1
  562   564   565   563     2    gi_1
  565   563   564   566     2    gi_1
  567   558   569   568     2    gi_1
  570   569   574   571     2    gi_2
  570   573   572   571     2    gi_2
  574   570   576   575     2    gi_1
  577   576   583   578     2    gi_2
  579   582   581   580     2    gi_1
  583   577   585   584     2    gi_1
  586   585   594   587     2    gi_2
  587   590   589   588     2    gi_1
  588   589   591   593     2    gi_1
  588   590   592   593     2    gi_1
  589   588   590   592     2    gi_1
  589   591   593   592     2    gi_1
  590   588   589   591     2    gi_1
  590   592   593   591     2    gi_1
  594   586   596   595     2    gi_1
  597   596   601   598     2    gi_2
  597   600   599   598     2    gi_2
  601   597   603   602     2    gi_1
  603   601   604   607     2    gi_1
  604   603   608   605     2    gi_2
  608   604   610   609     2    gi_1
  611   610   615   612     2    gi_2
  611   614   613   612     2    gi_2
  615   611   617   616     2    gi_1
  618   617   624   619     2    gi_2
  620   623   622   621     2    gi_1
  624   618   626   625     2    gi_1
  627   626   633   628     2    gi_2
  633   627   635   634     2    gi_1
  636   635   641   637     2    gi_2
  637   640   639   638     2    gi_1
  641   636   643   642     2    gi_1
  644   643   650   645     2    gi_2
  646   649   648   647     2    gi_1
  650   644   652   651     2    gi_1
  653   652   662   654     2    gi_2
  654   657   656   655     2    gi_1
  655   656   658   660     2    gi_1
  655   657   659   660     2    gi_1
  656   655   657   659     2    gi_1
  656   658   660   659     2    gi_1
  657   655   656   658     2    gi_1
  657   659   660   658     2    gi_1
  660   658   659   661     2    gi_1
  662   653   664   663     2    gi_1
  665   664   667   666     2    gi_2
  667   665   669   668     2    gi_1
  670   669   673   671     2    gi_2
  673   670   675   674     2    gi_1
  676   675   684   677     2    gi_2
  680   683   682   681     2    gi_1
  684   676   686   685     2    gi_1
  687   686   691   688     2    gi_2
  687   689   690   688     2    gi_2
  691   687   693   692     2    gi_1
  694   693   699   695     2    gi_2
  695   698   697   696     2    gi_1
  699   694   701   700     2    gi_1
  702   701   709   703     2    gi_2
  703   706   705   704     2    gi_1
  704   706   708   707     2    gi_1
  704   705   707   708     2    gi_1
  705   707   708   706     2    gi_1
  705   704   706   708     2    gi_1
  706   704   705   707     2    gi_1
  709   702   711   710     2    gi_1
  712   711   716   713     2    gi_2
  712   714   715   713     2    gi_2
  716   712   718   717     2    gi_1
  719   718   723   720     2    gi_2
  719   722   721   720     2    gi_2
  723   719   725   724     2    gi_1
  726   725   731   727     2    gi_2
  727   729   730   728     2    gi_2
  731   726   733   732     2    gi_1
  734   733   737   735     2    gi_2
  737   734   739   738     2    gi_1
  740   739   746   741     2    gi_2
  742   745   744   743     2    gi_1
  746   740   748   747     2    gi_1
  748   746   749   752     2    gi_1
  749   748   753   750     2    gi_2
  753   749   755   754     2    gi_1
  756   755   762   757     2    gi_2
  762   756   764   763     2    gi_1
  765   764   770   766     2    gi_2
  765   768   767   766     2    gi_2
  770   765   772   771     2    gi_1
  773   772   777   774     2    gi_2
  773   775   776   774     2    gi_2
  777   773   779   778     2    gi_1
  780   779   786   781     2    gi_2
  786   780   788   787     2    gi_1
  789   788   800   790     2    gi_2
  790   793   792   791     2    gi_1
  791   796   795   793     2    gi_1
  791   793   795   794     2    gi_1
  791   792   794   795     2    gi_1
  792   794   795   793     2    gi_1
  792   791   793   795     2    gi_1
  793   791   792   794     2    gi_1
  793   795   797   799     2    gi_1
  793   796   798   799     2    gi_1
  794   797   793   795     2    gi_1
  795   793   796   798     2    gi_1
  795   797   799   798     2    gi_1
  796   793   795   797     2    gi_1
  796   798   799   797     2    gi_1
  800   789   802   801     2    gi_1
  803   802   808   804     2    gi_2
  804   807   806   805     2    gi_1
  808   803   810   809     2    gi_1
  811   810   819   812     2    gi_2
  815   818   817   816     2    gi_1
  819   811   821   820     2    gi_1
  822   821   827   823     2    gi_2
  823   826   825   824     2    gi_1
  827   822   829   828     2    gi_1