; Made using MAGROS.FF script by Emanuele Scalone at Camilloni Lab
; Distance cutoff: 5.5
; Residue cutoff: 2
; 2021-05-26 17:03:02.073058

[ pairs ]
; ai   aj  func            c6           c12
 180  192     1  0.000000e+00  5.740580e-05
 180  185     1  0.000000e+00  2.188670e-05
 180  186     1  0.000000e+00  2.188670e-05
 180  187     1  0.000000e+00  2.188670e-05
 191  181     1  0.000000e+00  5.740580e-05
 191  202     1  0.000000e+00  9.850000e-06
 199  211     1  0.000000e+00  9.850000e-06
 225  217     1  0.000000e+00  2.188670e-05
 238  233     1  0.000000e+00  3.396558e-05
 238  243     1  0.000000e+00  3.396558e-05
 238  244     1  0.000000e+00  1.294982e-05
 238  250     1  0.000000e+00  1.294982e-05
 238  234     1  0.000000e+00  3.197974e-05
 242  247     1  0.000000e+00  2.188670e-05
 242  237     1  0.000000e+00  6.708855e-05
 253  259     1  0.000000e+00  1.813385e-05
 270  277     1  0.000000e+00  5.740580e-05
 270  278     1  0.000000e+00  2.188670e-05
 270  279     1  0.000000e+00  8.481835e-06
 270  280     1  0.000000e+00  8.481835e-06
 276  286     1  0.000000e+00  5.740580e-05
 276  269     1  0.000000e+00  6.708855e-05
 284  277     1  0.000000e+00  5.740580e-05
 308  322     1  0.000000e+00  9.850000e-06
 316  325     1  0.000000e+00  5.740580e-05
 316  329     1  0.000000e+00  2.188670e-05
 316  330     1  0.000000e+00  9.850000e-06
 324  339     1  0.000000e+00  9.850000e-06
 332  336     1  0.000000e+00  5.740580e-05
 332  345     1  0.000000e+00  3.412140e-05
 332  323     1  0.000000e+00  6.708855e-05
 349  342     1  0.000000e+00  3.396558e-05
 349  354     1  0.000000e+00  3.396558e-05
 349  343     1  0.000000e+00  1.294982e-05
 349  345     1  0.000000e+00  2.018878e-05
 349  340     1  0.000000e+00  3.969463e-05
 381  397     1  0.000000e+00  9.850000e-06
 390  401     1  0.000000e+00  5.084570e-05
 399  389     1  0.000000e+00  6.708855e-05
 415  426     1  0.000000e+00  5.740580e-05
 415  420     1  0.000000e+00  2.188670e-05
 425  414     1  0.000000e+00  6.708855e-05
 425  434     1  0.000000e+00  8.481835e-06
 447  461     1  0.000000e+00  2.188670e-05
 447  462     1  0.000000e+00  9.850000e-06
 453  458     1  0.000000e+00  2.188670e-05
 470  485     1  0.000000e+00  9.850000e-06
 487  494     1  0.000000e+00  2.188670e-05
 487  496     1  0.000000e+00  2.188670e-05
 487  503     1  0.000000e+00  5.404949e-05
 501  508     1  0.000000e+00  5.740580e-05
 501  490     1  0.000000e+00  2.188670e-05
 501  516     1  0.000000e+00  9.850000e-06
 507  502     1  0.000000e+00  5.740580e-05
 507  503     1  0.000000e+00  5.404949e-05
 518  511     1  0.000000e+00  2.188670e-05
 518  523     1  0.000000e+00  2.188670e-05
 546  551     1  0.000000e+00  2.188670e-05
 546  568     1  0.000000e+00  9.850000e-06
 558  563     1  0.000000e+00  2.188670e-05
 558  573     1  0.000000e+00  5.084570e-05
 570  557     1  0.000000e+00  6.708855e-05
 570  584     1  0.000000e+00  9.850000e-06
 586  598     1  0.000000e+00  9.702250e-05
 586  599     1  0.000000e+00  5.404949e-05
 586  602     1  0.000000e+00  9.850000e-06
 597  587     1  0.000000e+00  5.740580e-05
 604  598     1  0.000000e+00  9.702250e-05
 604  600     1  0.000000e+00  5.084570e-05
 611  605     1  0.000000e+00  5.217545e-05
 611  619     1  0.000000e+00  5.740580e-05
 611  620     1  0.000000e+00  5.740580e-05
 618  622     1  0.000000e+00  8.481835e-06
 618  613     1  0.000000e+00  5.404949e-05
 627  619     1  0.000000e+00  5.740580e-05
 627  639     1  0.000000e+00  8.481835e-06
 653  668     1  0.000000e+00  9.850000e-06
 676  692     1  0.000000e+00  9.850000e-06
 687  697     1  0.000000e+00  9.850000e-06
 694  710     1  0.000000e+00  9.850000e-06
 702  707     1  0.000000e+00  2.188670e-05
 181  187     1  0.000000e+00  1.294982e-05
 192  189     1  0.000000e+00  5.828000e-06
 200  197     1  0.000000e+00  5.828000e-06
 208  205     1  0.000000e+00  5.828000e-06
 214  211     1  0.000000e+00  5.828000e-06
 214  230     1  0.000000e+00  5.828000e-06
 226  223     1  0.000000e+00  9.850000e-06
 226  236     1  0.000000e+00  9.850000e-06
 233  230     1  0.000000e+00  5.828000e-06
 243  249     1  0.000000e+00  1.294982e-05
 243  237     1  0.000000e+00  3.969463e-05
 243  240     1  0.000000e+00  5.828000e-06
 254  251     1  0.000000e+00  5.828000e-06
 264  261     1  0.000000e+00  5.297000e-06
 271  279     1  0.000000e+00  5.018491e-06
 271  268     1  0.000000e+00  5.828000e-06
 277  269     1  0.000000e+00  3.969463e-05
 285  282     1  0.000000e+00  9.850000e-06
 293  290     1  0.000000e+00  5.828000e-06
 302  299     1  0.000000e+00  9.850000e-06
 309  306     1  0.000000e+00  5.828000e-06
 309  322     1  0.000000e+00  5.828000e-06
 317  314     1  0.000000e+00  5.828000e-06
 325  322     1  0.000000e+00  5.828000e-06
 333  345     1  0.000000e+00  2.018878e-05
 333  330     1  0.000000e+00  5.828000e-06
 342  350     1  0.000000e+00  1.294982e-05
 342  339     1  0.000000e+00  5.828000e-06
 363  360     1  0.000000e+00  5.828000e-06
 374  371     1  0.000000e+00  9.850000e-06
 382  379     1  0.000000e+00  5.828000e-06
 391  383     1  0.000000e+00  3.396558e-05
 391  395     1  0.000000e+00  8.876044e-06
 391  388     1  0.000000e+00  5.828000e-06
 400  397     1  0.000000e+00  9.850000e-06
 407  404     1  0.000000e+00  5.828000e-06
 416  413     1  0.000000e+00  5.828000e-06
 426  414     1  0.000000e+00  3.969463e-05
 432  429     1  0.000000e+00  5.828000e-06
 440  437     1  0.000000e+00  5.828000e-06
 448  461     1  0.000000e+00  1.294982e-05
 448  445     1  0.000000e+00  5.828000e-06
 448  462     1  0.000000e+00  5.828000e-06
 454  460     1  0.000000e+00  1.294982e-05
 454  451     1  0.000000e+00  5.828000e-06
 465  462     1  0.000000e+00  5.828000e-06
 471  475     1  0.000000e+00  8.876044e-06
 471  468     1  0.000000e+00  5.828000e-06
 480  477     1  0.000000e+00  5.828000e-06
 480  499     1  0.000000e+00  5.828000e-06
 488  497     1  0.000000e+00  1.294982e-05
 488  495     1  0.000000e+00  1.294982e-05
 488  496     1  0.000000e+00  1.294982e-05
 488  503     1  0.000000e+00  3.197974e-05
 488  485     1  0.000000e+00  5.828000e-06
 488  505     1  0.000000e+00  5.828000e-06
 502  515     1  0.000000e+00  1.294982e-05
 502  499     1  0.000000e+00  5.828000e-06
 502  516     1  0.000000e+00  5.828000e-06
 508  503     1  0.000000e+00  3.197974e-05
 508  505     1  0.000000e+00  5.828000e-06
 519  525     1  0.000000e+00  1.294982e-05
 519  516     1  0.000000e+00  5.828000e-06
 531  528     1  0.000000e+00  5.828000e-06
 539  536     1  0.000000e+00  5.828000e-06
 547  553     1  0.000000e+00  1.294982e-05
 547  554     1  0.000000e+00  3.197974e-05
 547  544     1  0.000000e+00  5.828000e-06
 559  565     1  0.000000e+00  1.294982e-05
 559  566     1  0.000000e+00  3.197974e-05
 559  556     1  0.000000e+00  5.828000e-06
 571  557     1  0.000000e+00  6.708855e-05
 571  568     1  0.000000e+00  9.850000e-06
 578  575     1  0.000000e+00  5.828000e-06
 587  598     1  0.000000e+00  5.740580e-05
 587  601     1  0.000000e+00  1.294982e-05
 587  599     1  0.000000e+00  3.197974e-05
 587  584     1  0.000000e+00  5.828000e-06
 587  602     1  0.000000e+00  5.828000e-06
 598  605     1  0.000000e+00  5.217545e-05
 598  607     1  0.000000e+00  5.217545e-05
 598  606     1  0.000000e+00  5.217545e-05
 598  585     1  0.000000e+00  6.708855e-05
 598  595     1  0.000000e+00  9.850000e-06
 605  600     1  0.000000e+00  2.734311e-05
 605  615     1  0.000000e+00  1.176993e-05
 605  602     1  0.000000e+00  5.297000e-06
 612  609     1  0.000000e+00  9.850000e-06
 619  628     1  0.000000e+00  3.396558e-05
 619  610     1  0.000000e+00  3.969463e-05
 619  616     1  0.000000e+00  5.828000e-06
 628  639     1  0.000000e+00  5.018491e-06
 628  625     1  0.000000e+00  5.828000e-06
 637  634     1  0.000000e+00  5.828000e-06
 645  642     1  0.000000e+00  5.828000e-06
 654  660     1  0.000000e+00  1.294982e-05
 654  651     1  0.000000e+00  5.828000e-06
 666  663     1  0.000000e+00  5.162000e-06
 671  668     1  0.000000e+00  5.828000e-06
 677  674     1  0.000000e+00  5.828000e-06
 688  685     1  0.000000e+00  9.850000e-06
 695  692     1  0.000000e+00  5.828000e-06
 703  700     1  0.000000e+00  5.828000e-06
 713  710     1  0.000000e+00  9.850000e-06
 194  196     1  0.000000e+00  1.146996e-05
 194  198     1  0.000000e+00  3.515849e-05
 194  189     1  0.000000e+00  5.162000e-06
 194  205     1  0.000000e+00  5.162000e-06
 216  222     1  0.000000e+00  4.937284e-06
 216  223     1  0.000000e+00  2.222000e-06
 245  251     1  0.000000e+00  2.222000e-06
 319  314     1  0.000000e+00  5.162000e-06
 327  323     1  0.000000e+00  3.515849e-05
 442  444     1  0.000000e+00  1.146996e-05
 442  446     1  0.000000e+00  3.515849e-05
 442  445     1  0.000000e+00  5.162000e-06
 442  451     1  0.000000e+00  5.162000e-06
 456  452     1  0.000000e+00  1.513409e-05
 456  462     1  0.000000e+00  2.222000e-06
 490  497     1  0.000000e+00  4.937284e-06
 490  496     1  0.000000e+00  4.937284e-06
 490  498     1  0.000000e+00  4.937284e-06
 490  504     1  0.000000e+00  4.937284e-06
 490  500     1  0.000000e+00  1.513409e-05
 490  503     1  0.000000e+00  1.219269e-05
 490  505     1  0.000000e+00  2.222000e-06
 510  516     1  0.000000e+00  2.222000e-06
 521  515     1  0.000000e+00  4.937284e-06
 521  527     1  0.000000e+00  4.937284e-06
 521  517     1  0.000000e+00  1.513409e-05
 521  528     1  0.000000e+00  2.222000e-06
 533  535     1  0.000000e+00  1.146996e-05
 533  536     1  0.000000e+00  5.162000e-06
 541  536     1  0.000000e+00  5.162000e-06
 549  555     1  0.000000e+00  4.937284e-06
 549  545     1  0.000000e+00  1.513409e-05
 549  556     1  0.000000e+00  2.222000e-06
 561  550     1  0.000000e+00  4.937284e-06
 561  555     1  0.000000e+00  4.937284e-06
 561  567     1  0.000000e+00  4.937284e-06
 561  557     1  0.000000e+00  1.513409e-05
 561  556     1  0.000000e+00  2.222000e-06
 561  568     1  0.000000e+00  2.222000e-06
 589  585     1  0.000000e+00  1.513409e-05
 589  584     1  0.000000e+00  2.222000e-06
 656  662     1  0.000000e+00  4.937284e-06
 656  663     1  0.000000e+00  2.222000e-06
 184  190     1  0.000000e+00  1.513409e-05
 184  189     1  0.000000e+00  2.222000e-06
 184  197     1  0.000000e+00  2.222000e-06
 195  189     1  0.000000e+00  5.162000e-06
 217  222     1  0.000000e+00  4.937284e-06
 217  229     1  0.000000e+00  4.937284e-06
 217  224     1  0.000000e+00  1.513409e-05
 217  230     1  0.000000e+00  2.222000e-06
 246  250     1  0.000000e+00  4.937284e-06
 246  241     1  0.000000e+00  1.513409e-05
 246  251     1  0.000000e+00  2.222000e-06
 257  260     1  0.000000e+00  4.937284e-06
 257  252     1  0.000000e+00  1.513409e-05
 257  261     1  0.000000e+00  2.222000e-06
 320  321     1  0.000000e+00  1.146996e-05
 320  315     1  0.000000e+00  3.515849e-05
 320  322     1  0.000000e+00  5.162000e-06
 328  329     1  0.000000e+00  1.146996e-05
 328  330     1  0.000000e+00  5.162000e-06
 419  413     1  0.000000e+00  2.222000e-06
 419  423     1  0.000000e+00  2.222000e-06
 457  461     1  0.000000e+00  4.937284e-06
 457  466     1  0.000000e+00  1.219269e-05
 457  462     1  0.000000e+00  2.222000e-06
 491  498     1  0.000000e+00  4.937284e-06
 491  499     1  0.000000e+00  2.222000e-06
 511  515     1  0.000000e+00  4.937284e-06
 511  527     1  0.000000e+00  4.937284e-06
 511  517     1  0.000000e+00  1.513409e-05
 511  505     1  0.000000e+00  2.222000e-06
 511  528     1  0.000000e+00  2.222000e-06
 522  515     1  0.000000e+00  4.937284e-06
 522  516     1  0.000000e+00  2.222000e-06
 534  542     1  0.000000e+00  2.664624e-05
 534  535     1  0.000000e+00  1.146996e-05
 534  536     1  0.000000e+00  5.162000e-06
 542  537     1  0.000000e+00  3.515849e-05
 542  536     1  0.000000e+00  5.162000e-06
 542  544     1  0.000000e+00  5.162000e-06
 550  563     1  0.000000e+00  4.937284e-06
 550  565     1  0.000000e+00  4.937284e-06
 550  566     1  0.000000e+00  1.219269e-05
 562  567     1  0.000000e+00  4.937284e-06
 562  568     1  0.000000e+00  2.222000e-06
 590  596     1  0.000000e+00  1.513409e-05
 590  584     1  0.000000e+00  2.222000e-06
 590  602     1  0.000000e+00  2.222000e-06
 657  667     1  0.000000e+00  4.937284e-06
 657  664     1  0.000000e+00  1.513409e-05
 657  663     1  0.000000e+00  2.222000e-06
 657  668     1  0.000000e+00  2.222000e-06
 706  700     1  0.000000e+00  2.222000e-06
 266  252     1  0.000000e+00  3.607798e-05
 266  269     1  0.000000e+00  3.607798e-05
 288  283     1  0.000000e+00  3.515849e-05
 288  290     1  0.000000e+00  5.162000e-06
 335  338     1  0.000000e+00  1.294982e-05
 335  339     1  0.000000e+00  5.828000e-06
 356  360     1  0.000000e+00  2.222000e-06
 377  371     1  0.000000e+00  5.162000e-06
 384  388     1  0.000000e+00  2.222000e-06
 393  383     1  0.000000e+00  3.396558e-05
 393  386     1  0.000000e+00  5.018491e-06
 473  477     1  0.000000e+00  5.828000e-06
 607  600     1  0.000000e+00  2.734311e-05
 607  599     1  0.000000e+00  2.906601e-05
 607  609     1  0.000000e+00  5.297000e-06
 621  616     1  0.000000e+00  2.222000e-06
 630  634     1  0.000000e+00  5.828000e-06
 420  423     1  0.000000e+00  2.222000e-06
 523  515     1  0.000000e+00  4.937284e-06
 523  517     1  0.000000e+00  1.513409e-05
 551  555     1  0.000000e+00  4.937284e-06
 551  556     1  0.000000e+00  2.222000e-06
 563  552     1  0.000000e+00  4.937284e-06
 563  548     1  0.000000e+00  4.937284e-06
 563  555     1  0.000000e+00  4.937284e-06
 563  567     1  0.000000e+00  4.937284e-06
 563  557     1  0.000000e+00  1.513409e-05
 563  556     1  0.000000e+00  2.222000e-06
 563  568     1  0.000000e+00  2.222000e-06
 707  700     1  0.000000e+00  2.222000e-06
 707  710     1  0.000000e+00  2.222000e-06
 186  190     1  0.000000e+00  1.513409e-05
 186  197     1  0.000000e+00  2.222000e-06
 219  229     1  0.000000e+00  4.937284e-06
 219  230     1  0.000000e+00  2.222000e-06
 248  251     1  0.000000e+00  2.222000e-06
 459  462     1  0.000000e+00  2.222000e-06
 513  527     1  0.000000e+00  4.937284e-06
 513  517     1  0.000000e+00  1.513409e-05
 513  528     1  0.000000e+00  2.222000e-06
 524  516     1  0.000000e+00  2.222000e-06
 552  565     1  0.000000e+00  4.937284e-06
 552  566     1  0.000000e+00  1.219269e-05
 564  574     1  0.000000e+00  4.937284e-06
 564  569     1  0.000000e+00  1.513409e-05
 564  575     1  0.000000e+00  2.222000e-06
 659  668     1  0.000000e+00  2.222000e-06
 494  498     1  0.000000e+00  4.937284e-06
 494  499     1  0.000000e+00  2.222000e-06
 336  339     1  0.000000e+00  5.828000e-06
 227  231     1  0.000000e+00  3.515849e-05
 227  223     1  0.000000e+00  5.162000e-06
 227  230     1  0.000000e+00  5.162000e-06
 227  236     1  0.000000e+00  5.162000e-06
 286  281     1  0.000000e+00  1.294982e-05
 286  290     1  0.000000e+00  5.828000e-06
 303  307     1  0.000000e+00  3.515849e-05
 303  299     1  0.000000e+00  5.162000e-06
 303  306     1  0.000000e+00  5.162000e-06
 303  314     1  0.000000e+00  5.162000e-06
 375  371     1  0.000000e+00  5.828000e-06
 375  379     1  0.000000e+00  5.828000e-06
 401  396     1  0.000000e+00  1.146996e-05
 401  389     1  0.000000e+00  3.515849e-05
 401  404     1  0.000000e+00  5.162000e-06
 689  692     1  0.000000e+00  5.162000e-06
 228  222     1  0.000000e+00  1.146996e-05
 228  223     1  0.000000e+00  5.162000e-06
 287  291     1  0.000000e+00  3.515849e-05
 287  290     1  0.000000e+00  5.162000e-06
 304  298     1  0.000000e+00  1.146996e-05
 304  299     1  0.000000e+00  5.162000e-06
 304  306     1  0.000000e+00  5.162000e-06
 376  371     1  0.000000e+00  5.162000e-06
 376  379     1  0.000000e+00  5.162000e-06
 376  388     1  0.000000e+00  5.162000e-06
 402  405     1  0.000000e+00  3.515849e-05
 402  397     1  0.000000e+00  5.162000e-06
 402  404     1  0.000000e+00  5.162000e-06
 402  413     1  0.000000e+00  5.162000e-06
 573  567     1  0.000000e+00  1.146996e-05
 573  557     1  0.000000e+00  3.515849e-05
 573  575     1  0.000000e+00  5.162000e-06
 600  606     1  0.000000e+00  2.734311e-05
 600  594     1  0.000000e+00  1.146996e-05
 600  603     1  0.000000e+00  7.861677e-06
 600  595     1  0.000000e+00  5.162000e-06
 600  602     1  0.000000e+00  5.162000e-06
 614  609     1  0.000000e+00  5.162000e-06
 614  616     1  0.000000e+00  5.162000e-06
 690  685     1  0.000000e+00  5.162000e-06
 690  692     1  0.000000e+00  5.162000e-06
 715  709     1  0.000000e+00  1.146996e-05
 715  701     1  0.000000e+00  3.515849e-05
 182  189     1  0.000000e+00  2.222000e-06
 193  189     1  0.000000e+00  9.850000e-06
 193  197     1  0.000000e+00  9.850000e-06
 201  197     1  0.000000e+00  2.222000e-06
 201  205     1  0.000000e+00  2.222000e-06
 215  224     1  0.000000e+00  1.513409e-05
 215  223     1  0.000000e+00  2.222000e-06
 215  230     1  0.000000e+00  2.222000e-06
 244  251     1  0.000000e+00  2.222000e-06
 255  261     1  0.000000e+00  2.222000e-06
 265  269     1  0.000000e+00  3.607798e-05
 265  261     1  0.000000e+00  5.297000e-06
 278  273     1  0.000000e+00  4.937284e-06
 278  269     1  0.000000e+00  1.513409e-05
 278  283     1  0.000000e+00  1.513409e-05
 278  274     1  0.000000e+00  2.222000e-06
 278  282     1  0.000000e+00  2.222000e-06
 294  290     1  0.000000e+00  5.828000e-06
 294  299     1  0.000000e+00  5.828000e-06
 310  305     1  0.000000e+00  4.937284e-06
 310  306     1  0.000000e+00  2.222000e-06
 318  314     1  0.000000e+00  9.850000e-06
 318  322     1  0.000000e+00  9.850000e-06
 326  322     1  0.000000e+00  9.850000e-06
 326  330     1  0.000000e+00  9.850000e-06
 334  345     1  0.000000e+00  2.018878e-05
 334  339     1  0.000000e+00  5.828000e-06
 343  338     1  0.000000e+00  4.937284e-06
 343  348     1  0.000000e+00  1.513409e-05
 343  339     1  0.000000e+00  2.222000e-06
 343  347     1  0.000000e+00  2.222000e-06
 355  360     1  0.000000e+00  5.828000e-06
 364  368     1  0.000000e+00  8.876044e-06
 364  360     1  0.000000e+00  5.828000e-06
 364  371     1  0.000000e+00  5.828000e-06
 383  388     1  0.000000e+00  5.828000e-06
 392  388     1  0.000000e+00  5.828000e-06
 392  397     1  0.000000e+00  5.828000e-06
 408  404     1  0.000000e+00  5.828000e-06
 408  413     1  0.000000e+00  5.828000e-06
 417  413     1  0.000000e+00  2.222000e-06
 417  423     1  0.000000e+00  2.222000e-06
 433  428     1  0.000000e+00  4.937284e-06
 433  429     1  0.000000e+00  2.222000e-06
 433  437     1  0.000000e+00  2.222000e-06
 441  437     1  0.000000e+00  9.850000e-06
 441  445     1  0.000000e+00  9.850000e-06
 455  462     1  0.000000e+00  2.222000e-06
 472  468     1  0.000000e+00  5.828000e-06
 472  477     1  0.000000e+00  5.828000e-06
 481  477     1  0.000000e+00  2.222000e-06
 481  485     1  0.000000e+00  2.222000e-06
 481  499     1  0.000000e+00  2.222000e-06
 489  497     1  0.000000e+00  4.937284e-06
 489  500     1  0.000000e+00  1.513409e-05
 489  503     1  0.000000e+00  1.219269e-05
 489  485     1  0.000000e+00  2.222000e-06
 489  499     1  0.000000e+00  2.222000e-06
 489  505     1  0.000000e+00  2.222000e-06
 509  504     1  0.000000e+00  4.937284e-06
 509  517     1  0.000000e+00  1.513409e-05
 509  505     1  0.000000e+00  2.222000e-06
 509  516     1  0.000000e+00  2.222000e-06
 509  528     1  0.000000e+00  2.222000e-06
 520  526     1  0.000000e+00  1.219269e-05
 520  516     1  0.000000e+00  2.222000e-06
 520  528     1  0.000000e+00  2.222000e-06
 532  528     1  0.000000e+00  9.850000e-06
 532  536     1  0.000000e+00  9.850000e-06
 540  535     1  0.000000e+00  2.188670e-05
 540  536     1  0.000000e+00  9.850000e-06
 548  554     1  0.000000e+00  1.219269e-05
 548  544     1  0.000000e+00  2.222000e-06
 548  556     1  0.000000e+00  2.222000e-06
 560  566     1  0.000000e+00  1.219269e-05
 560  556     1  0.000000e+00  2.222000e-06
 560  568     1  0.000000e+00  2.222000e-06
 579  575     1  0.000000e+00  5.828000e-06
 579  584     1  0.000000e+00  5.828000e-06
 588  596     1  0.000000e+00  1.513409e-05
 588  584     1  0.000000e+00  2.222000e-06
 588  602     1  0.000000e+00  2.222000e-06
 606  609     1  0.000000e+00  5.297000e-06
 620  615     1  0.000000e+00  1.294982e-05
 620  610     1  0.000000e+00  3.969463e-05
 620  626     1  0.000000e+00  3.969463e-05
 620  616     1  0.000000e+00  5.828000e-06
 629  634     1  0.000000e+00  5.828000e-06
 638  634     1  0.000000e+00  2.222000e-06
 638  642     1  0.000000e+00  2.222000e-06
 646  642     1  0.000000e+00  5.828000e-06
 646  651     1  0.000000e+00  5.828000e-06
 655  664     1  0.000000e+00  1.513409e-05
 655  661     1  0.000000e+00  1.219269e-05
 655  651     1  0.000000e+00  2.222000e-06
 655  663     1  0.000000e+00  2.222000e-06
 655  668     1  0.000000e+00  2.222000e-06
 678  674     1  0.000000e+00  5.828000e-06
 678  685     1  0.000000e+00  5.828000e-06
 696  692     1  0.000000e+00  2.222000e-06
 696  700     1  0.000000e+00  2.222000e-06
 704  700     1  0.000000e+00  2.222000e-06
 704  710     1  0.000000e+00  2.222000e-06
 496  492     1  0.000000e+00  4.090702e-06
 220  230     1  0.000000e+00  2.222000e-06
 565  574     1  0.000000e+00  4.937284e-06
 565  575     1  0.000000e+00  2.222000e-06
 188  197     1  0.000000e+00  2.222000e-06
 196  202     1  0.000000e+00  2.222000e-06
 196  189     1  0.000000e+00  2.222000e-06
 196  205     1  0.000000e+00  2.222000e-06
 204  202     1  0.000000e+00  2.222000e-06
 204  197     1  0.000000e+00  2.222000e-06
 204  211     1  0.000000e+00  2.222000e-06
 210  205     1  0.000000e+00  2.222000e-06
 210  223     1  0.000000e+00  2.222000e-06
 222  211     1  0.000000e+00  2.222000e-06
 222  230     1  0.000000e+00  2.222000e-06
 229  223     1  0.000000e+00  2.222000e-06
 229  236     1  0.000000e+00  2.222000e-06
 235  230     1  0.000000e+00  2.222000e-06
 239  236     1  0.000000e+00  2.222000e-06
 250  261     1  0.000000e+00  2.222000e-06
 260  251     1  0.000000e+00  2.222000e-06
 260  268     1  0.000000e+00  2.222000e-06
 267  261     1  0.000000e+00  2.222000e-06
 273  279     1  0.000000e+00  1.913364e-06
 273  280     1  0.000000e+00  1.913364e-06
 273  268     1  0.000000e+00  2.222000e-06
 273  282     1  0.000000e+00  2.222000e-06
 281  279     1  0.000000e+00  1.913364e-06
 281  280     1  0.000000e+00  1.913364e-06
 281  274     1  0.000000e+00  2.222000e-06
 281  290     1  0.000000e+00  2.222000e-06
 289  282     1  0.000000e+00  2.222000e-06
 289  299     1  0.000000e+00  2.222000e-06
 298  290     1  0.000000e+00  2.222000e-06
 298  306     1  0.000000e+00  2.222000e-06
 305  311     1  0.000000e+00  1.913364e-06
 305  312     1  0.000000e+00  1.913364e-06
 305  299     1  0.000000e+00  2.222000e-06
 305  314     1  0.000000e+00  2.222000e-06
 313  311     1  0.000000e+00  1.913364e-06
 313  306     1  0.000000e+00  2.222000e-06
 313  322     1  0.000000e+00  2.222000e-06
 321  314     1  0.000000e+00  2.222000e-06
 321  330     1  0.000000e+00  2.222000e-06
 329  322     1  0.000000e+00  2.222000e-06
 329  339     1  0.000000e+00  2.222000e-06
 338  345     1  0.000000e+00  7.697234e-06
 338  344     1  0.000000e+00  2.222000e-06
 338  330     1  0.000000e+00  2.222000e-06
 346  345     1  0.000000e+00  7.697234e-06
 346  344     1  0.000000e+00  2.222000e-06
 346  339     1  0.000000e+00  2.222000e-06
 350  347     1  0.000000e+00  2.222000e-06
 350  360     1  0.000000e+00  2.222000e-06
 359  371     1  0.000000e+00  2.222000e-06
 370  360     1  0.000000e+00  2.222000e-06
 370  379     1  0.000000e+00  2.222000e-06
 378  371     1  0.000000e+00  2.222000e-06
 378  388     1  0.000000e+00  2.222000e-06
 387  379     1  0.000000e+00  2.222000e-06
 387  397     1  0.000000e+00  2.222000e-06
 396  388     1  0.000000e+00  2.222000e-06
 396  404     1  0.000000e+00  2.222000e-06
 403  397     1  0.000000e+00  2.222000e-06
 403  413     1  0.000000e+00  2.222000e-06
 412  404     1  0.000000e+00  2.222000e-06
 412  423     1  0.000000e+00  2.222000e-06
 422  418     1  0.000000e+00  4.090702e-06
 422  413     1  0.000000e+00  2.222000e-06
 422  429     1  0.000000e+00  2.222000e-06
 428  434     1  0.000000e+00  1.913364e-06
 428  423     1  0.000000e+00  2.222000e-06
 428  437     1  0.000000e+00  2.222000e-06
 436  434     1  0.000000e+00  1.913364e-06
 436  429     1  0.000000e+00  2.222000e-06
 436  445     1  0.000000e+00  2.222000e-06
 444  449     1  0.000000e+00  1.219269e-05
 444  437     1  0.000000e+00  2.222000e-06
 444  451     1  0.000000e+00  2.222000e-06
 450  445     1  0.000000e+00  2.222000e-06
 450  462     1  0.000000e+00  2.222000e-06
 461  466     1  0.000000e+00  1.219269e-05
 461  451     1  0.000000e+00  2.222000e-06
 461  468     1  0.000000e+00  2.222000e-06
 467  462     1  0.000000e+00  2.222000e-06
 467  477     1  0.000000e+00  2.222000e-06
 476  468     1  0.000000e+00  2.222000e-06
 476  485     1  0.000000e+00  2.222000e-06
 484  482     1  0.000000e+00  1.913364e-06
 484  477     1  0.000000e+00  2.222000e-06
 484  499     1  0.000000e+00  2.222000e-06
 498  503     1  0.000000e+00  1.219269e-05
 498  485     1  0.000000e+00  2.222000e-06
 498  505     1  0.000000e+00  2.222000e-06
 504  499     1  0.000000e+00  2.222000e-06
 504  516     1  0.000000e+00  2.222000e-06
 515  503     1  0.000000e+00  1.219269e-05
 515  505     1  0.000000e+00  2.222000e-06
 515  528     1  0.000000e+00  2.222000e-06
 527  516     1  0.000000e+00  2.222000e-06
 527  536     1  0.000000e+00  2.222000e-06
 535  528     1  0.000000e+00  2.222000e-06
 535  544     1  0.000000e+00  2.222000e-06
 543  536     1  0.000000e+00  2.222000e-06
 543  556     1  0.000000e+00  2.222000e-06
 555  544     1  0.000000e+00  2.222000e-06
 555  568     1  0.000000e+00  2.222000e-06
 567  556     1  0.000000e+00  2.222000e-06
 567  575     1  0.000000e+00  2.222000e-06
 574  566     1  0.000000e+00  1.219269e-05
 574  568     1  0.000000e+00  2.222000e-06
 574  584     1  0.000000e+00  2.222000e-06
 583  575     1  0.000000e+00  2.222000e-06
 583  595     1  0.000000e+00  2.222000e-06
 594  599     1  0.000000e+00  1.219269e-05
 594  584     1  0.000000e+00  2.222000e-06
 594  602     1  0.000000e+00  2.222000e-06
 601  595     1  0.000000e+00  2.222000e-06
 601  609     1  0.000000e+00  2.222000e-06
 608  613     1  0.000000e+00  1.219269e-05
 608  616     1  0.000000e+00  2.222000e-06
 615  609     1  0.000000e+00  2.222000e-06
 615  625     1  0.000000e+00  2.222000e-06
 624  616     1  0.000000e+00  2.222000e-06
 624  634     1  0.000000e+00  2.222000e-06
 633  639     1  0.000000e+00  1.913364e-06
 633  625     1  0.000000e+00  2.222000e-06
 633  642     1  0.000000e+00  2.222000e-06
 641  639     1  0.000000e+00  1.913364e-06
 641  634     1  0.000000e+00  2.222000e-06
 641  651     1  0.000000e+00  2.222000e-06
 650  642     1  0.000000e+00  2.222000e-06
 650  663     1  0.000000e+00  2.222000e-06
 662  651     1  0.000000e+00  2.222000e-06
 662  668     1  0.000000e+00  2.222000e-06
 667  663     1  0.000000e+00  2.222000e-06
 667  674     1  0.000000e+00  2.222000e-06
 673  668     1  0.000000e+00  2.222000e-06
 673  685     1  0.000000e+00  2.222000e-06
 684  674     1  0.000000e+00  2.222000e-06
 684  692     1  0.000000e+00  2.222000e-06
 691  697     1  0.000000e+00  2.222000e-06
 691  685     1  0.000000e+00  2.222000e-06
 691  700     1  0.000000e+00  2.222000e-06
 699  697     1  0.000000e+00  2.222000e-06
 699  692     1  0.000000e+00  2.222000e-06
 699  710     1  0.000000e+00  2.222000e-06
 709  705     1  0.000000e+00  4.090702e-06
 709  700     1  0.000000e+00  2.222000e-06
 716  710     1  0.000000e+00  2.222000e-06
 256  251     1  0.000000e+00  1.841000e-06
 256  261     1  0.000000e+00  1.841000e-06
 418  413     1  0.000000e+00  1.841000e-06
 418  423     1  0.000000e+00  1.841000e-06
 705  700     1  0.000000e+00  1.841000e-06
 705  710     1  0.000000e+00  1.841000e-06
 345  340     1  0.000000e+00  2.359407e-05
 345  348     1  0.000000e+00  2.359407e-05
 345  339     1  0.000000e+00  3.464102e-06
 345  347     1  0.000000e+00  3.464102e-06
 698  692     1  0.000000e+00  3.464102e-06
 492  503     1  0.000000e+00  1.010204e-05
 492  505     1  0.000000e+00  1.841000e-06
 259  252     1  0.000000e+00  1.253909e-05
 259  261     1  0.000000e+00  1.841000e-06
 421  413     1  0.000000e+00  1.841000e-06
 708  700     1  0.000000e+00  1.841000e-06
 395  386     1  0.000000e+00  1.311455e-06
 198  202     1  0.000000e+00  6.811020e-06
 237  234     1  0.000000e+00  3.737383e-05
 269  279     1  0.000000e+00  5.864970e-06
 269  280     1  0.000000e+00  5.864970e-06
 275  279     1  0.000000e+00  5.864970e-06
 275  280     1  0.000000e+00  5.864970e-06
 283  279     1  0.000000e+00  5.864970e-06
 307  311     1  0.000000e+00  5.864970e-06
 430  434     1  0.000000e+00  5.864970e-06
 452  449     1  0.000000e+00  3.737383e-05
 469  485     1  0.000000e+00  6.811020e-06
 486  482     1  0.000000e+00  5.864970e-06
 506  503     1  0.000000e+00  3.737383e-05
 576  572     1  0.000000e+00  3.737383e-05
 585  599     1  0.000000e+00  3.737383e-05
 603  599     1  0.000000e+00  8.357042e-06
 617  613     1  0.000000e+00  3.737383e-05
 626  639     1  0.000000e+00  5.864970e-06
 635  639     1  0.000000e+00  5.864970e-06
 693  697     1  0.000000e+00  6.811020e-06
 202  205     1  0.000000e+00  1.000000e-06
 279  272     1  0.000000e+00  4.725078e-06
 279  274     1  0.000000e+00  8.611000e-07
 279  282     1  0.000000e+00  8.611000e-07
 311  306     1  0.000000e+00  8.611000e-07
 311  314     1  0.000000e+00  8.611000e-07
 344  339     1  0.000000e+00  1.000000e-06
 344  347     1  0.000000e+00  1.000000e-06
 434  429     1  0.000000e+00  8.611000e-07
 434  437     1  0.000000e+00  8.611000e-07
 482  485     1  0.000000e+00  8.611000e-07
 482  499     1  0.000000e+00  8.611000e-07
 639  642     1  0.000000e+00  8.611000e-07
 697  700     1  0.000000e+00  1.000000e-06
 280  282     1  0.000000e+00  8.611000e-07
 312  306     1  0.000000e+00  8.611000e-07
 435  437     1  0.000000e+00  8.611000e-07
 357  360     1  0.000000e+00  8.611000e-07
 623  616     1  0.000000e+00  8.611000e-07
 572  568     1  0.000000e+00  5.487258e-06
 572  575     1  0.000000e+00  5.487258e-06
 572  584     1  0.000000e+00  5.487258e-06
 599  595     1  0.000000e+00  5.487258e-06
 613  609     1  0.000000e+00  5.487258e-06
 613  616     1  0.000000e+00  5.487258e-06
 613  625     1  0.000000e+00  5.487258e-06
 234  230     1  0.000000e+00  5.487258e-06
 272  268     1  0.000000e+00  5.487258e-06
 272  274     1  0.000000e+00  5.487258e-06
 427  429     1  0.000000e+00  5.487258e-06
 449  445     1  0.000000e+00  5.487258e-06
 449  451     1  0.000000e+00  5.487258e-06
 466  462     1  0.000000e+00  5.487258e-06
 466  468     1  0.000000e+00  5.487258e-06
 503  499     1  0.000000e+00  5.487258e-06
 503  505     1  0.000000e+00  5.487258e-06
 503  516     1  0.000000e+00  5.487258e-06
 566  575     1  0.000000e+00  5.487258e-06
 189  197     1  0.000000e+00  1.000000e-06
 197  205     1  0.000000e+00  1.000000e-06
 211  223     1  0.000000e+00  1.000000e-06
 211  209     1  0.000000e+00  3.616000e-06
 223  230     1  0.000000e+00  1.000000e-06
 230  236     1  0.000000e+00  1.000000e-06
 240  251     1  0.000000e+00  1.000000e-06
 251  261     1  0.000000e+00  1.000000e-06
 261  268     1  0.000000e+00  1.000000e-06
 274  282     1  0.000000e+00  1.000000e-06
 282  290     1  0.000000e+00  1.000000e-06
 290  299     1  0.000000e+00  1.000000e-06
 299  306     1  0.000000e+00  1.000000e-06
 306  314     1  0.000000e+00  1.000000e-06
 314  322     1  0.000000e+00  1.000000e-06
 322  330     1  0.000000e+00  1.000000e-06
 351  360     1  0.000000e+00  1.000000e-06
 360  371     1  0.000000e+00  1.000000e-06
 371  379     1  0.000000e+00  1.000000e-06
 379  388     1  0.000000e+00  1.000000e-06
 388  397     1  0.000000e+00  1.000000e-06
 397  404     1  0.000000e+00  1.000000e-06
 404  413     1  0.000000e+00  1.000000e-06
 423  429     1  0.000000e+00  1.000000e-06
 429  437     1  0.000000e+00  1.000000e-06
 437  445     1  0.000000e+00  1.000000e-06
 445  451     1  0.000000e+00  1.000000e-06
 462  468     1  0.000000e+00  1.000000e-06
 477  485     1  0.000000e+00  1.000000e-06
 485  499     1  0.000000e+00  1.000000e-06
 499  505     1  0.000000e+00  1.000000e-06
 505  516     1  0.000000e+00  1.000000e-06
 516  528     1  0.000000e+00  1.000000e-06
 536  544     1  0.000000e+00  1.000000e-06
 544  556     1  0.000000e+00  1.000000e-06
 556  568     1  0.000000e+00  1.000000e-06
 568  575     1  0.000000e+00  1.000000e-06
 575  584     1  0.000000e+00  1.000000e-06
 584  595     1  0.000000e+00  1.000000e-06
 595  602     1  0.000000e+00  1.000000e-06
 602  609     1  0.000000e+00  1.000000e-06
 609  616     1  0.000000e+00  1.000000e-06
 616  625     1  0.000000e+00  1.000000e-06
 625  634     1  0.000000e+00  1.000000e-06
 634  642     1  0.000000e+00  1.000000e-06
 642  651     1  0.000000e+00  1.000000e-06
 651  663     1  0.000000e+00  1.000000e-06
 663  668     1  0.000000e+00  1.000000e-06
 668  674     1  0.000000e+00  1.000000e-06
 674  685     1  0.000000e+00  1.000000e-06
 674  672     1  0.000000e+00  3.616000e-06
 685  692     1  0.000000e+00  1.000000e-06
 685  672     1  0.000000e+00  3.616000e-06
 692  700     1  0.000000e+00  1.000000e-06
 700  710     1  0.000000e+00  1.000000e-06

[ exclusions ]
; ai   aj
 180  192
 180  185
 180  186
 180  187
 191  181
 191  202
 199  211
 225  217
 238  233
 238  243
 238  244
 238  250
 238  234
 242  247
 242  237
 253  259
 270  277
 270  278
 270  279
 270  280
 276  286
 276  269
 284  277
 308  322
 316  325
 316  329
 316  330
 324  339
 332  336
 332  345
 332  323
 349  342
 349  354
 349  343
 349  345
 349  340
 381  397
 390  401
 399  389
 415  426
 415  420
 425  414
 425  434
 447  461
 447  462
 453  458
 470  485
 487  494
 487  496
 487  503
 501  508
 501  490
 501  516
 507  502
 507  503
 518  511
 518  523
 546  551
 546  568
 558  563
 558  573
 570  557
 570  584
 586  598
 586  599
 586  602
 597  587
 604  598
 604  600
 611  605
 611  619
 611  620
 618  622
 618  613
 627  619
 627  639
 653  668
 676  692
 687  697
 694  710
 702  707
 181  187
 192  189
 200  197
 208  205
 214  211
 214  230
 226  223
 226  236
 233  230
 243  249
 243  237
 243  240
 254  251
 264  261
 271  279
 271  268
 277  269
 285  282
 293  290
 302  299
 309  306
 309  322
 317  314
 325  322
 333  345
 333  330
 342  350
 342  339
 363  360
 374  371
 382  379
 391  383
 391  395
 391  388
 400  397
 407  404
 416  413
 426  414
 432  429
 440  437
 448  461
 448  445
 448  462
 454  460
 454  451
 465  462
 471  475
 471  468
 480  477
 480  499
 488  497
 488  495
 488  496
 488  503
 488  485
 488  505
 502  515
 502  499
 502  516
 508  503
 508  505
 519  525
 519  516
 531  528
 539  536
 547  553
 547  554
 547  544
 559  565
 559  566
 559  556
 571  557
 571  568
 578  575
 587  598
 587  601
 587  599
 587  584
 587  602
 598  605
 598  607
 598  606
 598  585
 598  595
 605  600
 605  615
 605  602
 612  609
 619  628
 619  610
 619  616
 628  639
 628  625
 637  634
 645  642
 654  660
 654  651
 666  663
 671  668
 677  674
 688  685
 695  692
 703  700
 713  710
 194  196
 194  198
 194  189
 194  205
 216  222
 216  223
 245  251
 319  314
 327  323
 442  444
 442  446
 442  445
 442  451
 456  452
 456  462
 490  497
 490  496
 490  498
 490  504
 490  500
 490  503
 490  505
 510  516
 521  515
 521  527
 521  517
 521  528
 533  535
 533  536
 541  536
 549  555
 549  545
 549  556
 561  550
 561  555
 561  567
 561  557
 561  556
 561  568
 589  585
 589  584
 656  662
 656  663
 184  190
 184  189
 184  197
 195  189
 217  222
 217  229
 217  224
 217  230
 246  250
 246  241
 246  251
 257  260
 257  252
 257  261
 320  321
 320  315
 320  322
 328  329
 328  330
 419  413
 419  423
 457  461
 457  466
 457  462
 491  498
 491  499
 511  515
 511  527
 511  517
 511  505
 511  528
 522  515
 522  516
 534  542
 534  535
 534  536
 542  537
 542  536
 542  544
 550  563
 550  565
 550  566
 562  567
 562  568
 590  596
 590  584
 590  602
 657  667
 657  664
 657  663
 657  668
 706  700
 266  252
 266  269
 288  283
 288  290
 335  338
 335  339
 356  360
 377  371
 384  388
 393  383
 393  386
 473  477
 607  600
 607  599
 607  609
 621  616
 630  634
 420  423
 523  515
 523  517
 551  555
 551  556
 563  552
 563  548
 563  555
 563  567
 563  557
 563  556
 563  568
 707  700
 707  710
 186  190
 186  197
 219  229
 219  230
 248  251
 459  462
 513  527
 513  517
 513  528
 524  516
 552  565
 552  566
 564  574
 564  569
 564  575
 659  668
 494  498
 494  499
 336  339
 227  231
 227  223
 227  230
 227  236
 286  281
 286  290
 303  307
 303  299
 303  306
 303  314
 375  371
 375  379
 401  396
 401  389
 401  404
 689  692
 228  222
 228  223
 287  291
 287  290
 304  298
 304  299
 304  306
 376  371
 376  379
 376  388
 402  405
 402  397
 402  404
 402  413
 573  567
 573  557
 573  575
 600  606
 600  594
 600  603
 600  595
 600  602
 614  609
 614  616
 690  685
 690  692
 715  709
 715  701
 182  189
 193  189
 193  197
 201  197
 201  205
 215  224
 215  223
 215  230
 244  251
 255  261
 265  269
 265  261
 278  273
 278  269
 278  283
 278  274
 278  282
 294  290
 294  299
 310  305
 310  306
 318  314
 318  322
 326  322
 326  330
 334  345
 334  339
 343  338
 343  348
 343  339
 343  347
 355  360
 364  368
 364  360
 364  371
 383  388
 392  388
 392  397
 408  404
 408  413
 417  413
 417  423
 433  428
 433  429
 433  437
 441  437
 441  445
 455  462
 472  468
 472  477
 481  477
 481  485
 481  499
 489  497
 489  500
 489  503
 489  485
 489  499
 489  505
 509  504
 509  517
 509  505
 509  516
 509  528
 520  526
 520  516
 520  528
 532  528
 532  536
 540  535
 540  536
 548  554
 548  544
 548  556
 560  566
 560  556
 560  568
 579  575
 579  584
 588  596
 588  584
 588  602
 606  609
 620  615
 620  610
 620  626
 620  616
 629  634
 638  634
 638  642
 646  642
 646  651
 655  664
 655  661
 655  651
 655  663
 655  668
 678  674
 678  685
 696  692
 696  700
 704  700
 704  710
 496  492
 220  230
 565  574
 565  575
 188  197
 196  202
 196  189
 196  205
 204  202
 204  197
 204  211
 210  205
 210  223
 222  211
 222  230
 229  223
 229  236
 235  230
 239  236
 250  261
 260  251
 260  268
 267  261
 273  279
 273  280
 273  268
 273  282
 281  279
 281  280
 281  274
 281  290
 289  282
 289  299
 298  290
 298  306
 305  311
 305  312
 305  299
 305  314
 313  311
 313  306
 313  322
 321  314
 321  330
 329  322
 329  339
 338  345
 338  344
 338  330
 346  345
 346  344
 346  339
 350  347
 350  360
 359  371
 370  360
 370  379
 378  371
 378  388
 387  379
 387  397
 396  388
 396  404
 403  397
 403  413
 412  404
 412  423
 422  418
 422  413
 422  429
 428  434
 428  423
 428  437
 436  434
 436  429
 436  445
 444  449
 444  437
 444  451
 450  445
 450  462
 461  466
 461  451
 461  468
 467  462
 467  477
 476  468
 476  485
 484  482
 484  477
 484  499
 498  503
 498  485
 498  505
 504  499
 504  516
 515  503
 515  505
 515  528
 527  516
 527  536
 535  528
 535  544
 543  536
 543  556
 555  544
 555  568
 567  556
 567  575
 574  566
 574  568
 574  584
 583  575
 583  595
 594  599
 594  584
 594  602
 601  595
 601  609
 608  613
 608  616
 615  609
 615  625
 624  616
 624  634
 633  639
 633  625
 633  642
 641  639
 641  634
 641  651
 650  642
 650  663
 662  651
 662  668
 667  663
 667  674
 673  668
 673  685
 684  674
 684  692
 691  697
 691  685
 691  700
 699  697
 699  692
 699  710
 709  705
 709  700
 716  710
 256  251
 256  261
 418  413
 418  423
 705  700
 705  710
 345  340
 345  348
 345  339
 345  347
 698  692
 492  503
 492  505
 259  252
 259  261
 421  413
 708  700
 395  386
 198  202
 237  234
 269  279
 269  280
 275  279
 275  280
 283  279
 307  311
 430  434
 452  449
 469  485
 486  482
 506  503
 576  572
 585  599
 603  599
 617  613
 626  639
 635  639
 693  697
 202  205
 279  272
 279  274
 279  282
 311  306
 311  314
 344  339
 344  347
 434  429
 434  437
 482  485
 482  499
 639  642
 697  700
 280  282
 312  306
 435  437
 357  360
 623  616
 572  568
 572  575
 572  584
 599  595
 613  609
 613  616
 613  625
 234  230
 272  268
 272  274
 427  429
 449  445
 449  451
 466  462
 466  468
 503  499
 503  505
 503  516
 566  575
 189  197
 197  205
 211  223
 211  209
 223  230
 230  236
 240  251
 251  261
 261  268
 274  282
 282  290
 290  299
 299  306
 306  314
 314  322
 322  330
 351  360
 360  371
 371  379
 379  388
 388  397
 397  404
 404  413
 423  429
 429  437
 437  445
 445  451
 462  468
 477  485
 485  499
 499  505
 505  516
 516  528
 536  544
 544  556
 556  568
 568  575
 575  584
 584  595
 595  602
 602  609
 609  616
 616  625
 625  634
 634  642
 642  651
 651  663
 663  668
 668  674
 674  685
 674  672
 685  692
 685  672
 692  700
 700  710