; Made using MAGROS.FF script by Emanuele Scalone at Camilloni Lab
; Distance cutoff: 5.5
; Residue cutoff: 2
; LJ_reduction: 0.15
; Protein: B2m
; 2021-10-01 16:31:02.203332

[ pairs ]
; ai  aj  func           c6          c12
   1   4     1 0.000000e+00 1.331407e-06
   1   8     1 0.000000e+00 2.284500e-07
   1   9     1 0.000000e+00 6.958587e-07
 101  96     1 0.000000e+00 2.284500e-07
 102 105     1 0.000000e+00 1.331407e-06
 102 112     1 0.000000e+00 2.284500e-07
 102 113     1 0.000000e+00 6.958587e-07
 102  96     1 0.000000e+00 6.958587e-07
 102  98     1 0.000000e+00 1.331407e-06
 104 113     1 0.000000e+00 1.331407e-06
  11  17     1 0.000000e+00 2.250232e-06
 113 116     1 0.000000e+00 5.076159e-07
 113 122     1 0.000000e+00 2.284500e-07
 113 123     1 0.000000e+00 6.958587e-07
 115 123     1 0.000000e+00 1.331407e-06
  12   9     1 0.000000e+00 1.331407e-06
 123 125     1 0.000000e+00 1.210100e-06
 123 126     1 0.000000e+00 1.210100e-06
 123 129     1 0.000000e+00 2.284500e-07
 123 130     1 0.000000e+00 6.958587e-07
 125 130     1 0.000000e+00 1.210100e-06
  13   9     1 0.000000e+00 1.179259e-06
 130 134     1 0.000000e+00 2.284500e-07
 130 135     1 0.000000e+00 6.958587e-07
 132 135     1 0.000000e+00 1.179259e-06
 135 138     1 0.000000e+00 1.331407e-06
 135 143     1 0.000000e+00 2.284500e-07
 135 144     1 0.000000e+00 6.958587e-07
 137 144     1 0.000000e+00 1.331407e-06
 144 147     1 0.000000e+00 5.076159e-07
 144 151     1 0.000000e+00 2.284500e-07
 144 152     1 0.000000e+00 6.958587e-07
 146 152     1 0.000000e+00 1.331407e-06
 152 155     1 0.000000e+00 2.284500e-07
 152 156     1 0.000000e+00 6.958587e-07
 156 159     1 0.000000e+00 1.331407e-06
 156 164     1 0.000000e+00 2.284500e-07
 156 165     1 0.000000e+00 6.958587e-07
 158 165     1 0.000000e+00 1.331407e-06
  16   9     1 0.000000e+00 2.284500e-07
 165 168     1 0.000000e+00 2.803082e-07
 165 170     1 0.000000e+00 2.284500e-07
 165 171     1 0.000000e+00 6.958587e-07
 167 171     1 0.000000e+00 1.331407e-06
  17  20     1 0.000000e+00 1.331407e-06
  17  25     1 0.000000e+00 2.284500e-07
  17  26     1 0.000000e+00 6.958587e-07
  17   9     1 0.000000e+00 6.958587e-07
 171 174     1 0.000000e+00 5.076159e-07
 171 178     1 0.000000e+00 2.284500e-07
 171 179     1 0.000000e+00 6.958587e-07
 173 179     1 0.000000e+00 1.331407e-06
 179 182     1 0.000000e+00 5.076159e-07
 179 189     1 0.000000e+00 2.284500e-07
 179 190     1 0.000000e+00 6.958587e-07
 180 185     1 0.000000e+00 2.188670e-05
 180 186     1 0.000000e+00 2.188670e-05
 180 187     1 0.000000e+00 2.188670e-05
 180 192     1 0.000000e+00 5.740580e-05
 181 187     1 0.000000e+00 1.294982e-05
 181 190     1 0.000000e+00 1.331407e-06
 181 191     1 0.000000e+00 5.740580e-05
 182 189     1 0.000000e+00 2.222000e-06
 184 189     1 0.000000e+00 2.222000e-06
 184 190     1 0.000000e+00 3.384106e-06
 184 197     1 0.000000e+00 2.222000e-06
 186 190     1 0.000000e+00 3.384106e-06
 186 197     1 0.000000e+00 2.222000e-06
 188 197     1 0.000000e+00 2.222000e-06
 189 192     1 0.000000e+00 5.828000e-06
 189 193     1 0.000000e+00 9.850000e-06
 189 194     1 0.000000e+00 5.162000e-06
 189 195     1 0.000000e+00 5.162000e-06
 189 196     1 0.000000e+00 2.222000e-06
 189 197     1 0.000000e+00 1.000000e-06
  19  26     1 0.000000e+00 1.331407e-06
 190 193     1 0.000000e+00 2.250232e-06
 190 197     1 0.000000e+00 2.284500e-07
 190 198     1 0.000000e+00 6.958587e-07
 191 202     1 0.000000e+00 9.850000e-06
 192 198     1 0.000000e+00 1.331407e-06
 193 197     1 0.000000e+00 9.850000e-06
 194 196     1 0.000000e+00 1.146996e-05
 194 198     1 0.000000e+00 7.861726e-06
 194 205     1 0.000000e+00 5.162000e-06
 196 202     1 0.000000e+00 2.222000e-06
 196 205     1 0.000000e+00 2.222000e-06
 197 200     1 0.000000e+00 5.828000e-06
 197 201     1 0.000000e+00 2.222000e-06
 197 204     1 0.000000e+00 2.222000e-06
 197 205     1 0.000000e+00 1.000000e-06
 198 201     1 0.000000e+00 5.076159e-07
 198 202     1 0.000000e+00 1.523000e-06
 198 205     1 0.000000e+00 2.284500e-07
 198 206     1 0.000000e+00 6.958587e-07
 199 211     1 0.000000e+00 9.850000e-06
 200 206     1 0.000000e+00 1.331407e-06
 201 205     1 0.000000e+00 2.222000e-06
 202 204     1 0.000000e+00 2.222000e-06
 202 205     1 0.000000e+00 1.000000e-06
 204 211     1 0.000000e+00 2.222000e-06
 205 208     1 0.000000e+00 5.828000e-06
 205 210     1 0.000000e+00 2.222000e-06
 206 209     1 0.000000e+00 8.260752e-07
 206 211     1 0.000000e+00 2.284500e-07
 206 212     1 0.000000e+00 6.958587e-07
 208 212     1 0.000000e+00 1.331407e-06
 209 211     1 0.000000e+00 3.616000e-06
 210 223     1 0.000000e+00 2.222000e-06
 211 214     1 0.000000e+00 5.828000e-06
 211 222     1 0.000000e+00 2.222000e-06
 211 223     1 0.000000e+00 1.000000e-06
 212 215     1 0.000000e+00 5.076159e-07
 212 223     1 0.000000e+00 2.284500e-07
 212 224     1 0.000000e+00 6.958587e-07
 214 224     1 0.000000e+00 1.331407e-06
 214 230     1 0.000000e+00 5.828000e-06
 215 223     1 0.000000e+00 2.222000e-06
 215 224     1 0.000000e+00 3.384106e-06
 215 230     1 0.000000e+00 2.222000e-06
 216 222     1 0.000000e+00 4.937284e-06
 216 223     1 0.000000e+00 2.222000e-06
 217 222     1 0.000000e+00 4.937284e-06
 217 224     1 0.000000e+00 3.384106e-06
 217 225     1 0.000000e+00 2.188670e-05
 217 229     1 0.000000e+00 4.937284e-06
 217 230     1 0.000000e+00 2.222000e-06
 219 229     1 0.000000e+00 4.937284e-06
 219 230     1 0.000000e+00 2.222000e-06
 220 230     1 0.000000e+00 2.222000e-06
 222 228     1 0.000000e+00 1.146996e-05
 222 230     1 0.000000e+00 2.222000e-06
 223 226     1 0.000000e+00 9.850000e-06
 223 227     1 0.000000e+00 5.162000e-06
 223 228     1 0.000000e+00 5.162000e-06
 223 229     1 0.000000e+00 2.222000e-06
 223 230     1 0.000000e+00 1.000000e-06
 224 227     1 0.000000e+00 1.179259e-06
 224 228     1 0.000000e+00 1.179259e-06
 224 230     1 0.000000e+00 2.284500e-07
 224 231     1 0.000000e+00 6.958587e-07
 226 231     1 0.000000e+00 2.250232e-06
 226 236     1 0.000000e+00 9.850000e-06
 227 230     1 0.000000e+00 5.162000e-06
 227 231     1 0.000000e+00 7.861726e-06
 227 236     1 0.000000e+00 5.162000e-06
 229 236     1 0.000000e+00 2.222000e-06
 230 233     1 0.000000e+00 5.828000e-06
 230 234     1 0.000000e+00 1.227000e-06
 230 235     1 0.000000e+00 2.222000e-06
 230 236     1 0.000000e+00 1.000000e-06
 231 234     1 0.000000e+00 2.803082e-07
 231 236     1 0.000000e+00 2.284500e-07
 231 237     1 0.000000e+00 6.958587e-07
 233 237     1 0.000000e+00 1.331407e-06
 233 238     1 0.000000e+00 3.396558e-05
 234 237     1 0.000000e+00 1.868721e-06
 234 238     1 0.000000e+00 7.150956e-06
 236 239     1 0.000000e+00 2.222000e-06
 237 240     1 0.000000e+00 2.284500e-07
 237 241     1 0.000000e+00 6.958587e-07
 237 242     1 0.000000e+00 1.500155e-05
 237 243     1 0.000000e+00 8.876044e-06
 238 243     1 0.000000e+00 3.396558e-05
 238 244     1 0.000000e+00 1.294982e-05
 238 250     1 0.000000e+00 1.294982e-05
 240 243     1 0.000000e+00 5.828000e-06
 240 251     1 0.000000e+00 1.000000e-06
 241 244     1 0.000000e+00 5.076159e-07
 241 246     1 0.000000e+00 3.384106e-06
 241 251     1 0.000000e+00 2.284500e-07
 241 252     1 0.000000e+00 6.958587e-07
 242 247     1 0.000000e+00 2.188670e-05
 243 249     1 0.000000e+00 1.294982e-05
 243 252     1 0.000000e+00 1.331407e-06
 244 251     1 0.000000e+00 2.222000e-06
 245 251     1 0.000000e+00 2.222000e-06
 246 250     1 0.000000e+00 4.937284e-06
 246 251     1 0.000000e+00 2.222000e-06
 248 251     1 0.000000e+00 2.222000e-06
 250 261     1 0.000000e+00 2.222000e-06
 251 254     1 0.000000e+00 5.828000e-06
 251 256     1 0.000000e+00 1.841000e-06
 251 260     1 0.000000e+00 2.222000e-06
 251 261     1 0.000000e+00 1.000000e-06
 252 255     1 0.000000e+00 5.076159e-07
 252 257     1 0.000000e+00 3.384106e-06
 252 259     1 0.000000e+00 2.803843e-06
 252 261     1 0.000000e+00 2.284500e-07
 252 262     1 0.000000e+00 6.958587e-07
 252 266     1 0.000000e+00 8.067331e-06
 253 259     1 0.000000e+00 1.813385e-05
 254 262     1 0.000000e+00 1.331407e-06
 255 261     1 0.000000e+00 2.222000e-06
 256 261     1 0.000000e+00 1.841000e-06
 257 260     1 0.000000e+00 4.937284e-06
 257 261     1 0.000000e+00 2.222000e-06
 259 261     1 0.000000e+00 1.841000e-06
  26  29     1 0.000000e+00 1.331407e-06
  26  36     1 0.000000e+00 2.284500e-07
  26  37     1 0.000000e+00 6.958587e-07
 260 268     1 0.000000e+00 2.222000e-06
 261 264     1 0.000000e+00 5.297000e-06
 261 265     1 0.000000e+00 5.297000e-06
 261 267     1 0.000000e+00 2.222000e-06
 261 268     1 0.000000e+00 1.000000e-06
 262 264     1 0.000000e+00 1.210100e-06
 262 265     1 0.000000e+00 1.210100e-06
 262 268     1 0.000000e+00 2.284500e-07
 262 269     1 0.000000e+00 6.958587e-07
 264 269     1 0.000000e+00 1.210100e-06
 265 269     1 0.000000e+00 8.067331e-06
 266 269     1 0.000000e+00 8.067331e-06
 268 271     1 0.000000e+00 5.828000e-06
 268 272     1 0.000000e+00 1.227000e-06
 268 273     1 0.000000e+00 2.222000e-06
 269 272     1 0.000000e+00 2.803082e-07
 269 274     1 0.000000e+00 2.284500e-07
 269 275     1 0.000000e+00 6.958587e-07
 269 276     1 0.000000e+00 1.500155e-05
 269 277     1 0.000000e+00 8.876044e-06
 269 278     1 0.000000e+00 3.384106e-06
 269 279     1 0.000000e+00 1.311455e-06
 269 280     1 0.000000e+00 1.311455e-06
 270 277     1 0.000000e+00 5.740580e-05
 270 278     1 0.000000e+00 2.188670e-05
 270 279     1 0.000000e+00 8.481835e-06
 270 280     1 0.000000e+00 8.481835e-06
 271 275     1 0.000000e+00 1.331407e-06
 271 279     1 0.000000e+00 5.018491e-06
 272 274     1 0.000000e+00 1.227000e-06
 272 279     1 0.000000e+00 1.056570e-06
 273 278     1 0.000000e+00 4.937284e-06
 273 279     1 0.000000e+00 1.913364e-06
 273 280     1 0.000000e+00 1.913364e-06
 273 282     1 0.000000e+00 2.222000e-06
 274 278     1 0.000000e+00 2.222000e-06
 274 279     1 0.000000e+00 8.611000e-07
 274 281     1 0.000000e+00 2.222000e-06
 274 282     1 0.000000e+00 1.000000e-06
 275 278     1 0.000000e+00 5.076159e-07
 275 279     1 0.000000e+00 1.311455e-06
 275 280     1 0.000000e+00 1.311455e-06
 275 282     1 0.000000e+00 2.284500e-07
 275 283     1 0.000000e+00 6.958587e-07
 276 286     1 0.000000e+00 5.740580e-05
 277 283     1 0.000000e+00 1.331407e-06
 277 284     1 0.000000e+00 5.740580e-05
 278 282     1 0.000000e+00 2.222000e-06
 278 283     1 0.000000e+00 3.384106e-06
 279 281     1 0.000000e+00 1.913364e-06
 279 282     1 0.000000e+00 8.611000e-07
 279 283     1 0.000000e+00 1.311455e-06
  28  37     1 0.000000e+00 1.331407e-06
 280 281     1 0.000000e+00 1.913364e-06
 280 282     1 0.000000e+00 8.611000e-07
 281 286     1 0.000000e+00 1.294982e-05
 281 290     1 0.000000e+00 2.222000e-06
 282 285     1 0.000000e+00 9.850000e-06
 282 289     1 0.000000e+00 2.222000e-06
 282 290     1 0.000000e+00 1.000000e-06
 283 286     1 0.000000e+00 1.331407e-06
 283 287     1 0.000000e+00 1.179259e-06
 283 288     1 0.000000e+00 7.861726e-06
 283 290     1 0.000000e+00 2.284500e-07
 283 291     1 0.000000e+00 6.958587e-07
 285 291     1 0.000000e+00 2.250232e-06
 286 290     1 0.000000e+00 5.828000e-06
 287 290     1 0.000000e+00 5.162000e-06
 287 291     1 0.000000e+00 7.861726e-06
 288 290     1 0.000000e+00 5.162000e-06
 289 299     1 0.000000e+00 2.222000e-06
 290 293     1 0.000000e+00 5.828000e-06
 290 294     1 0.000000e+00 5.828000e-06
 290 298     1 0.000000e+00 2.222000e-06
 290 299     1 0.000000e+00 1.000000e-06
 291 294     1 0.000000e+00 1.331407e-06
 291 299     1 0.000000e+00 2.284500e-07
 291 300     1 0.000000e+00 6.958587e-07
 293 300     1 0.000000e+00 1.331407e-06
 294 299     1 0.000000e+00 5.828000e-06
 298 304     1 0.000000e+00 1.146996e-05
 298 306     1 0.000000e+00 2.222000e-06
 299 302     1 0.000000e+00 9.850000e-06
 299 303     1 0.000000e+00 5.162000e-06
 299 304     1 0.000000e+00 5.162000e-06
 299 305     1 0.000000e+00 2.222000e-06
 299 306     1 0.000000e+00 1.000000e-06
   3   9     1 0.000000e+00 1.331407e-06
 300 303     1 0.000000e+00 1.179259e-06
 300 304     1 0.000000e+00 1.179259e-06
 300 306     1 0.000000e+00 2.284500e-07
 300 307     1 0.000000e+00 6.958587e-07
 302 307     1 0.000000e+00 2.250232e-06
 303 306     1 0.000000e+00 5.162000e-06
 303 307     1 0.000000e+00 7.861726e-06
 303 314     1 0.000000e+00 5.162000e-06
 304 306     1 0.000000e+00 5.162000e-06
 305 310     1 0.000000e+00 4.937284e-06
 305 311     1 0.000000e+00 1.913364e-06
 305 312     1 0.000000e+00 1.913364e-06
 305 314     1 0.000000e+00 2.222000e-06
 306 309     1 0.000000e+00 5.828000e-06
 306 310     1 0.000000e+00 2.222000e-06
 306 311     1 0.000000e+00 8.611000e-07
 306 312     1 0.000000e+00 8.611000e-07
 306 313     1 0.000000e+00 2.222000e-06
 306 314     1 0.000000e+00 1.000000e-06
 307 310     1 0.000000e+00 5.076159e-07
 307 311     1 0.000000e+00 1.311455e-06
 307 314     1 0.000000e+00 2.284500e-07
 307 315     1 0.000000e+00 6.958587e-07
 308 322     1 0.000000e+00 9.850000e-06
 309 315     1 0.000000e+00 1.331407e-06
 309 322     1 0.000000e+00 5.828000e-06
 311 313     1 0.000000e+00 1.913364e-06
 311 314     1 0.000000e+00 8.611000e-07
 313 322     1 0.000000e+00 2.222000e-06
 314 317     1 0.000000e+00 5.828000e-06
 314 318     1 0.000000e+00 9.850000e-06
 314 319     1 0.000000e+00 5.162000e-06
 314 321     1 0.000000e+00 2.222000e-06
 314 322     1 0.000000e+00 1.000000e-06
 315 318     1 0.000000e+00 2.250232e-06
 315 320     1 0.000000e+00 7.861726e-06
 315 322     1 0.000000e+00 2.284500e-07
 315 323     1 0.000000e+00 6.958587e-07
 316 325     1 0.000000e+00 5.740580e-05
 316 329     1 0.000000e+00 2.188670e-05
 316 330     1 0.000000e+00 9.850000e-06
 317 323     1 0.000000e+00 1.331407e-06
 318 322     1 0.000000e+00 9.850000e-06
 320 321     1 0.000000e+00 1.146996e-05
 320 322     1 0.000000e+00 5.162000e-06
 321 330     1 0.000000e+00 2.222000e-06
 322 325     1 0.000000e+00 5.828000e-06
 322 326     1 0.000000e+00 9.850000e-06
 322 329     1 0.000000e+00 2.222000e-06
 322 330     1 0.000000e+00 1.000000e-06
 323 326     1 0.000000e+00 2.250232e-06
 323 327     1 0.000000e+00 7.861726e-06
 323 330     1 0.000000e+00 2.284500e-07
 323 331     1 0.000000e+00 6.958587e-07
 323 332     1 0.000000e+00 1.500155e-05
 324 339     1 0.000000e+00 9.850000e-06
 325 331     1 0.000000e+00 1.331407e-06
 326 330     1 0.000000e+00 9.850000e-06
 328 329     1 0.000000e+00 1.146996e-05
 328 330     1 0.000000e+00 5.162000e-06
 329 339     1 0.000000e+00 2.222000e-06
 330 333     1 0.000000e+00 5.828000e-06
 330 338     1 0.000000e+00 2.222000e-06
 331 334     1 0.000000e+00 1.331407e-06
 331 339     1 0.000000e+00 2.284500e-07
 331 340     1 0.000000e+00 6.958587e-07
 332 336     1 0.000000e+00 5.740580e-05
 332 345     1 0.000000e+00 2.216250e-05
 333 340     1 0.000000e+00 1.331407e-06
 333 345     1 0.000000e+00 1.311300e-05
 334 339     1 0.000000e+00 5.828000e-06
 334 345     1 0.000000e+00 1.311300e-05
 335 338     1 0.000000e+00 1.294982e-05
 335 339     1 0.000000e+00 5.828000e-06
 336 339     1 0.000000e+00 5.828000e-06
 338 343     1 0.000000e+00 4.937284e-06
 338 344     1 0.000000e+00 2.222000e-06
 338 345     1 0.000000e+00 4.999500e-06
 339 342     1 0.000000e+00 5.828000e-06
 339 343     1 0.000000e+00 2.222000e-06
 339 344     1 0.000000e+00 1.000000e-06
 339 345     1 0.000000e+00 2.250000e-06
 339 346     1 0.000000e+00 2.222000e-06
 340 343     1 0.000000e+00 5.076159e-07
 340 345     1 0.000000e+00 3.426750e-06
 340 347     1 0.000000e+00 2.284500e-07
 340 348     1 0.000000e+00 6.958587e-07
 340 349     1 0.000000e+00 8.876044e-06
 342 348     1 0.000000e+00 1.331407e-06
 342 349     1 0.000000e+00 3.396558e-05
 342 350     1 0.000000e+00 1.294982e-05
 343 347     1 0.000000e+00 2.222000e-06
 343 348     1 0.000000e+00 3.384106e-06
 343 349     1 0.000000e+00 1.294982e-05
 344 346     1 0.000000e+00 2.222000e-06
 344 347     1 0.000000e+00 1.000000e-06
 345 346     1 0.000000e+00 4.999500e-06
 345 347     1 0.000000e+00 2.250000e-06
 345 348     1 0.000000e+00 3.426750e-06
 345 349     1 0.000000e+00 1.311300e-05
 347 350     1 0.000000e+00 2.222000e-06
 348 351     1 0.000000e+00 2.284500e-07
 348 352     1 0.000000e+00 6.958587e-07
 349 354     1 0.000000e+00 3.396558e-05
 350 360     1 0.000000e+00 2.222000e-06
 351 360     1 0.000000e+00 1.000000e-06
 352 355     1 0.000000e+00 1.331407e-06
 352 360     1 0.000000e+00 2.284500e-07
 352 361     1 0.000000e+00 6.958587e-07
 354 361     1 0.000000e+00 1.331407e-06
 355 360     1 0.000000e+00 5.828000e-06
 356 360     1 0.000000e+00 2.222000e-06
 357 360     1 0.000000e+00 8.611000e-07
 359 371     1 0.000000e+00 2.222000e-06
 360 363     1 0.000000e+00 5.828000e-06
 360 364     1 0.000000e+00 5.828000e-06
 360 370     1 0.000000e+00 2.222000e-06
 360 371     1 0.000000e+00 1.000000e-06
 361 364     1 0.000000e+00 1.331407e-06
 361 371     1 0.000000e+00 2.284500e-07
 361 372     1 0.000000e+00 6.958587e-07
 363 372     1 0.000000e+00 1.331407e-06
 364 368     1 0.000000e+00 8.876044e-06
 364 371     1 0.000000e+00 5.828000e-06
  37  40     1 0.000000e+00 2.803082e-07
  37  41     1 0.000000e+00 1.179259e-06
  37  43     1 0.000000e+00 2.284500e-07
  37  44     1 0.000000e+00 6.958587e-07
 370 379     1 0.000000e+00 2.222000e-06
 371 374     1 0.000000e+00 9.850000e-06
 371 375     1 0.000000e+00 5.828000e-06
 371 376     1 0.000000e+00 5.162000e-06
 371 377     1 0.000000e+00 5.162000e-06
 371 378     1 0.000000e+00 2.222000e-06
 371 379     1 0.000000e+00 1.000000e-06
 372 375     1 0.000000e+00 1.331407e-06
 372 376     1 0.000000e+00 1.179259e-06
 372 379     1 0.000000e+00 2.284500e-07
 372 380     1 0.000000e+00 6.958587e-07
 374 380     1 0.000000e+00 2.250232e-06
 375 379     1 0.000000e+00 5.828000e-06
 376 379     1 0.000000e+00 5.162000e-06
 376 388     1 0.000000e+00 5.162000e-06
 378 388     1 0.000000e+00 2.222000e-06
 379 382     1 0.000000e+00 5.828000e-06
 379 387     1 0.000000e+00 2.222000e-06
 379 388     1 0.000000e+00 1.000000e-06
 380 383     1 0.000000e+00 1.331407e-06
 380 388     1 0.000000e+00 2.284500e-07
 380 389     1 0.000000e+00 6.958587e-07
 381 397     1 0.000000e+00 9.850000e-06
 382 389     1 0.000000e+00 1.331407e-06
 383 388     1 0.000000e+00 5.828000e-06
 383 391     1 0.000000e+00 3.396558e-05
 383 393     1 0.000000e+00 3.396558e-05
 384 388     1 0.000000e+00 2.222000e-06
 386 393     1 0.000000e+00 5.018491e-06
 386 395     1 0.000000e+00 1.311455e-06
 387 397     1 0.000000e+00 2.222000e-06
 388 391     1 0.000000e+00 5.828000e-06
 388 392     1 0.000000e+00 5.828000e-06
 388 396     1 0.000000e+00 2.222000e-06
 388 397     1 0.000000e+00 1.000000e-06
 389 392     1 0.000000e+00 1.331407e-06
 389 397     1 0.000000e+00 2.284500e-07
 389 398     1 0.000000e+00 6.958587e-07
 389 399     1 0.000000e+00 1.500155e-05
 389 401     1 0.000000e+00 7.861726e-06
  39  44     1 0.000000e+00 2.250232e-06
 390 401     1 0.000000e+00 5.084570e-05
 391 395     1 0.000000e+00 8.876044e-06
 391 398     1 0.000000e+00 1.331407e-06
 392 397     1 0.000000e+00 5.828000e-06
 396 401     1 0.000000e+00 1.146996e-05
 396 404     1 0.000000e+00 2.222000e-06
 397 400     1 0.000000e+00 9.850000e-06
 397 402     1 0.000000e+00 5.162000e-06
 397 403     1 0.000000e+00 2.222000e-06
 397 404     1 0.000000e+00 1.000000e-06
 398 401     1 0.000000e+00 1.179259e-06
 398 402     1 0.000000e+00 1.179259e-06
 398 404     1 0.000000e+00 2.284500e-07
 398 405     1 0.000000e+00 6.958587e-07
 400 405     1 0.000000e+00 2.250232e-06
 401 404     1 0.000000e+00 5.162000e-06
 402 404     1 0.000000e+00 5.162000e-06
 402 405     1 0.000000e+00 7.861726e-06
 402 413     1 0.000000e+00 5.162000e-06
 403 413     1 0.000000e+00 2.222000e-06
 404 407     1 0.000000e+00 5.828000e-06
 404 408     1 0.000000e+00 5.828000e-06
 404 412     1 0.000000e+00 2.222000e-06
 404 413     1 0.000000e+00 1.000000e-06
 405 408     1 0.000000e+00 1.331407e-06
 405 413     1 0.000000e+00 2.284500e-07
 405 414     1 0.000000e+00 6.958587e-07
 407 414     1 0.000000e+00 1.331407e-06
 408 413     1 0.000000e+00 5.828000e-06
 412 423     1 0.000000e+00 2.222000e-06
 413 416     1 0.000000e+00 5.828000e-06
 413 417     1 0.000000e+00 2.222000e-06
 413 418     1 0.000000e+00 1.841000e-06
 413 419     1 0.000000e+00 2.222000e-06
 413 421     1 0.000000e+00 1.841000e-06
 413 422     1 0.000000e+00 2.222000e-06
 414 417     1 0.000000e+00 5.076159e-07
 414 423     1 0.000000e+00 2.284500e-07
 414 424     1 0.000000e+00 6.958587e-07
 414 425     1 0.000000e+00 1.500155e-05
 414 426     1 0.000000e+00 8.876044e-06
 415 420     1 0.000000e+00 2.188670e-05
 415 426     1 0.000000e+00 5.740580e-05
 416 424     1 0.000000e+00 1.331407e-06
 417 423     1 0.000000e+00 2.222000e-06
 418 422     1 0.000000e+00 4.090702e-06
 418 423     1 0.000000e+00 1.841000e-06
 419 423     1 0.000000e+00 2.222000e-06
 420 423     1 0.000000e+00 2.222000e-06
 422 429     1 0.000000e+00 2.222000e-06
 423 428     1 0.000000e+00 2.222000e-06
 423 429     1 0.000000e+00 1.000000e-06
 424 427     1 0.000000e+00 2.803082e-07
 424 429     1 0.000000e+00 2.284500e-07
 424 430     1 0.000000e+00 6.958587e-07
 425 434     1 0.000000e+00 8.481835e-06
 426 430     1 0.000000e+00 1.331407e-06
 427 429     1 0.000000e+00 1.227000e-06
 428 433     1 0.000000e+00 4.937284e-06
 428 434     1 0.000000e+00 1.913364e-06
 428 437     1 0.000000e+00 2.222000e-06
 429 432     1 0.000000e+00 5.828000e-06
 429 433     1 0.000000e+00 2.222000e-06
 429 434     1 0.000000e+00 8.611000e-07
 429 436     1 0.000000e+00 2.222000e-06
 429 437     1 0.000000e+00 1.000000e-06
 430 433     1 0.000000e+00 5.076159e-07
 430 434     1 0.000000e+00 1.311455e-06
 430 437     1 0.000000e+00 2.284500e-07
 430 438     1 0.000000e+00 6.958587e-07
 432 438     1 0.000000e+00 1.331407e-06
 433 437     1 0.000000e+00 2.222000e-06
 434 436     1 0.000000e+00 1.913364e-06
 434 437     1 0.000000e+00 8.611000e-07
 435 437     1 0.000000e+00 8.611000e-07
 436 445     1 0.000000e+00 2.222000e-06
 437 440     1 0.000000e+00 5.828000e-06
 437 441     1 0.000000e+00 9.850000e-06
 437 444     1 0.000000e+00 2.222000e-06
 437 445     1 0.000000e+00 1.000000e-06
 438 441     1 0.000000e+00 2.250232e-06
 438 445     1 0.000000e+00 2.284500e-07
 438 446     1 0.000000e+00 6.958587e-07
  44  46     1 0.000000e+00 1.210100e-06
  44  47     1 0.000000e+00 1.210100e-06
  44  50     1 0.000000e+00 2.284500e-07
  44  51     1 0.000000e+00 6.958587e-07
 440 446     1 0.000000e+00 1.331407e-06
 441 445     1 0.000000e+00 9.850000e-06
 442 444     1 0.000000e+00 1.146996e-05
 442 445     1 0.000000e+00 5.162000e-06
 442 446     1 0.000000e+00 7.861726e-06
 442 451     1 0.000000e+00 5.162000e-06
 444 449     1 0.000000e+00 2.726394e-06
 444 451     1 0.000000e+00 2.222000e-06
 445 448     1 0.000000e+00 5.828000e-06
 445 449     1 0.000000e+00 1.227000e-06
 445 450     1 0.000000e+00 2.222000e-06
 445 451     1 0.000000e+00 1.000000e-06
 446 449     1 0.000000e+00 2.803082e-07
 446 451     1 0.000000e+00 2.284500e-07
 446 452     1 0.000000e+00 6.958587e-07
 447 461     1 0.000000e+00 2.188670e-05
 447 462     1 0.000000e+00 9.850000e-06
 448 452     1 0.000000e+00 1.331407e-06
 448 461     1 0.000000e+00 1.294982e-05
 448 462     1 0.000000e+00 5.828000e-06
 449 451     1 0.000000e+00 1.227000e-06
 449 452     1 0.000000e+00 1.868721e-06
 450 462     1 0.000000e+00 2.222000e-06
 451 454     1 0.000000e+00 5.828000e-06
 451 461     1 0.000000e+00 2.222000e-06
 452 455     1 0.000000e+00 5.076159e-07
 452 456     1 0.000000e+00 3.384106e-06
 452 462     1 0.000000e+00 2.284500e-07
 452 463     1 0.000000e+00 6.958587e-07
 453 458     1 0.000000e+00 2.188670e-05
 454 460     1 0.000000e+00 1.294982e-05
 454 463     1 0.000000e+00 1.331407e-06
 455 462     1 0.000000e+00 2.222000e-06
 456 462     1 0.000000e+00 2.222000e-06
 457 461     1 0.000000e+00 4.937284e-06
 457 462     1 0.000000e+00 2.222000e-06
 457 466     1 0.000000e+00 2.726394e-06
 459 462     1 0.000000e+00 2.222000e-06
  46  51     1 0.000000e+00 1.210100e-06
 461 466     1 0.000000e+00 2.726394e-06
 461 468     1 0.000000e+00 2.222000e-06
 462 465     1 0.000000e+00 5.828000e-06
 462 466     1 0.000000e+00 1.227000e-06
 462 467     1 0.000000e+00 2.222000e-06
 462 468     1 0.000000e+00 1.000000e-06
 463 466     1 0.000000e+00 2.803082e-07
 463 468     1 0.000000e+00 2.284500e-07
 463 469     1 0.000000e+00 6.958587e-07
 465 469     1 0.000000e+00 1.331407e-06
 466 468     1 0.000000e+00 1.227000e-06
 467 477     1 0.000000e+00 2.222000e-06
 468 471     1 0.000000e+00 5.828000e-06
 468 472     1 0.000000e+00 5.828000e-06
 468 476     1 0.000000e+00 2.222000e-06
 469 472     1 0.000000e+00 1.331407e-06
 469 477     1 0.000000e+00 2.284500e-07
 469 478     1 0.000000e+00 6.958587e-07
 469 485     1 0.000000e+00 1.523000e-06
 470 485     1 0.000000e+00 9.850000e-06
 471 475     1 0.000000e+00 8.876044e-06
 471 478     1 0.000000e+00 1.331407e-06
 472 477     1 0.000000e+00 5.828000e-06
 473 477     1 0.000000e+00 5.828000e-06
 476 485     1 0.000000e+00 2.222000e-06
 477 480     1 0.000000e+00 5.828000e-06
 477 481     1 0.000000e+00 2.222000e-06
 477 484     1 0.000000e+00 2.222000e-06
 477 485     1 0.000000e+00 1.000000e-06
 478 481     1 0.000000e+00 5.076159e-07
 478 485     1 0.000000e+00 2.284500e-07
 478 486     1 0.000000e+00 6.958587e-07
 480 486     1 0.000000e+00 1.331407e-06
 480 499     1 0.000000e+00 5.828000e-06
 481 485     1 0.000000e+00 2.222000e-06
 481 499     1 0.000000e+00 2.222000e-06
 482 484     1 0.000000e+00 1.913364e-06
 482 485     1 0.000000e+00 8.611000e-07
 482 486     1 0.000000e+00 1.311455e-06
 482 499     1 0.000000e+00 8.611000e-07
 484 499     1 0.000000e+00 2.222000e-06
 485 488     1 0.000000e+00 5.828000e-06
 485 489     1 0.000000e+00 2.222000e-06
 485 498     1 0.000000e+00 2.222000e-06
 485 499     1 0.000000e+00 1.000000e-06
 486 489     1 0.000000e+00 5.076159e-07
 486 499     1 0.000000e+00 2.284500e-07
 486 500     1 0.000000e+00 6.958587e-07
 487 494     1 0.000000e+00 2.188670e-05
 487 496     1 0.000000e+00 2.188670e-05
 487 503     1 0.000000e+00 1.208595e-05
 488 495     1 0.000000e+00 1.294982e-05
 488 496     1 0.000000e+00 1.294982e-05
 488 497     1 0.000000e+00 1.294982e-05
 488 500     1 0.000000e+00 1.331407e-06
 488 503     1 0.000000e+00 7.150956e-06
 488 505     1 0.000000e+00 5.828000e-06
 489 497     1 0.000000e+00 4.937284e-06
 489 499     1 0.000000e+00 2.222000e-06
 489 500     1 0.000000e+00 3.384106e-06
 489 503     1 0.000000e+00 2.726394e-06
 489 505     1 0.000000e+00 2.222000e-06
 490 496     1 0.000000e+00 4.937284e-06
 490 497     1 0.000000e+00 4.937284e-06
 490 498     1 0.000000e+00 4.937284e-06
 490 500     1 0.000000e+00 3.384106e-06
 490 501     1 0.000000e+00 2.188670e-05
 490 503     1 0.000000e+00 2.726394e-06
 490 504     1 0.000000e+00 4.937284e-06
 490 505     1 0.000000e+00 2.222000e-06
 491 498     1 0.000000e+00 4.937284e-06
 491 499     1 0.000000e+00 2.222000e-06
 492 496     1 0.000000e+00 4.090702e-06
 492 503     1 0.000000e+00 2.258907e-06
 492 505     1 0.000000e+00 1.841000e-06
 494 498     1 0.000000e+00 4.937284e-06
 494 499     1 0.000000e+00 2.222000e-06
 498 503     1 0.000000e+00 2.726394e-06
 498 505     1 0.000000e+00 2.222000e-06
 499 502     1 0.000000e+00 5.828000e-06
 499 503     1 0.000000e+00 1.227000e-06
 499 504     1 0.000000e+00 2.222000e-06
 499 505     1 0.000000e+00 1.000000e-06
 500 503     1 0.000000e+00 2.803082e-07
 500 505     1 0.000000e+00 2.284500e-07
 500 506     1 0.000000e+00 6.958587e-07
 501 508     1 0.000000e+00 5.740580e-05
 501 516     1 0.000000e+00 9.850000e-06
 502 506     1 0.000000e+00 1.331407e-06
 502 507     1 0.000000e+00 5.740580e-05
 502 515     1 0.000000e+00 1.294982e-05
 502 516     1 0.000000e+00 5.828000e-06
 503 505     1 0.000000e+00 1.227000e-06
 503 506     1 0.000000e+00 1.868721e-06
 503 507     1 0.000000e+00 1.208595e-05
 503 508     1 0.000000e+00 7.150956e-06
 503 515     1 0.000000e+00 2.726394e-06
 503 516     1 0.000000e+00 1.227000e-06
 504 509     1 0.000000e+00 4.937284e-06
 504 516     1 0.000000e+00 2.222000e-06
 505 508     1 0.000000e+00 5.828000e-06
 505 509     1 0.000000e+00 2.222000e-06
 505 511     1 0.000000e+00 2.222000e-06
 505 515     1 0.000000e+00 2.222000e-06
 505 516     1 0.000000e+00 1.000000e-06
 506 509     1 0.000000e+00 5.076159e-07
 506 516     1 0.000000e+00 2.284500e-07
 506 517     1 0.000000e+00 6.958587e-07
 508 517     1 0.000000e+00 1.331407e-06
 509 516     1 0.000000e+00 2.222000e-06
 509 517     1 0.000000e+00 3.384106e-06
 509 528     1 0.000000e+00 2.222000e-06
  51  54     1 0.000000e+00 1.331407e-06
  51  59     1 0.000000e+00 2.284500e-07
  51  60     1 0.000000e+00 6.958587e-07
 510 516     1 0.000000e+00 2.222000e-06
 511 515     1 0.000000e+00 4.937284e-06
 511 517     1 0.000000e+00 3.384106e-06
 511 518     1 0.000000e+00 2.188670e-05
 511 527     1 0.000000e+00 4.937284e-06
 511 528     1 0.000000e+00 2.222000e-06
 513 517     1 0.000000e+00 3.384106e-06
 513 527     1 0.000000e+00 4.937284e-06
 513 528     1 0.000000e+00 2.222000e-06
 515 521     1 0.000000e+00 4.937284e-06
 515 522     1 0.000000e+00 4.937284e-06
 515 523     1 0.000000e+00 4.937284e-06
 515 528     1 0.000000e+00 2.222000e-06
 516 519     1 0.000000e+00 5.828000e-06
 516 520     1 0.000000e+00 2.222000e-06
 516 522     1 0.000000e+00 2.222000e-06
 516 524     1 0.000000e+00 2.222000e-06
 516 527     1 0.000000e+00 2.222000e-06
 516 528     1 0.000000e+00 1.000000e-06
 517 520     1 0.000000e+00 5.076159e-07
 517 521     1 0.000000e+00 3.384106e-06
 517 523     1 0.000000e+00 3.384106e-06
 517 528     1 0.000000e+00 2.284500e-07
 517 529     1 0.000000e+00 6.958587e-07
 518 523     1 0.000000e+00 2.188670e-05
 519 525     1 0.000000e+00 1.294982e-05
 519 529     1 0.000000e+00 1.331407e-06
 520 526     1 0.000000e+00 2.726394e-06
 520 528     1 0.000000e+00 2.222000e-06
 521 527     1 0.000000e+00 4.937284e-06
 521 528     1 0.000000e+00 2.222000e-06
 527 536     1 0.000000e+00 2.222000e-06
 528 531     1 0.000000e+00 5.828000e-06
 528 532     1 0.000000e+00 9.850000e-06
 528 535     1 0.000000e+00 2.222000e-06
 529 532     1 0.000000e+00 2.250232e-06
 529 536     1 0.000000e+00 2.284500e-07
 529 537     1 0.000000e+00 6.958587e-07
  53  60     1 0.000000e+00 1.331407e-06
 531 537     1 0.000000e+00 1.331407e-06
 532 536     1 0.000000e+00 9.850000e-06
 533 535     1 0.000000e+00 1.146996e-05
 533 536     1 0.000000e+00 5.162000e-06
 534 535     1 0.000000e+00 1.146996e-05
 534 536     1 0.000000e+00 5.162000e-06
 534 542     1 0.000000e+00 2.664624e-05
 535 540     1 0.000000e+00 2.188670e-05
 535 544     1 0.000000e+00 2.222000e-06
 536 539     1 0.000000e+00 5.828000e-06
 536 540     1 0.000000e+00 9.850000e-06
 536 541     1 0.000000e+00 5.162000e-06
 536 542     1 0.000000e+00 5.162000e-06
 536 543     1 0.000000e+00 2.222000e-06
 536 544     1 0.000000e+00 1.000000e-06
 537 540     1 0.000000e+00 2.250232e-06
 537 542     1 0.000000e+00 7.861726e-06
 537 544     1 0.000000e+00 2.284500e-07
 537 545     1 0.000000e+00 6.958587e-07
 539 545     1 0.000000e+00 1.331407e-06
 542 544     1 0.000000e+00 5.162000e-06
 543 556     1 0.000000e+00 2.222000e-06
 544 547     1 0.000000e+00 5.828000e-06
 544 548     1 0.000000e+00 2.222000e-06
 544 555     1 0.000000e+00 2.222000e-06
 544 556     1 0.000000e+00 1.000000e-06
 545 548     1 0.000000e+00 5.076159e-07
 545 549     1 0.000000e+00 3.384106e-06
 545 556     1 0.000000e+00 2.284500e-07
 545 557     1 0.000000e+00 6.958587e-07
 546 551     1 0.000000e+00 2.188670e-05
 546 568     1 0.000000e+00 9.850000e-06
 547 553     1 0.000000e+00 1.294982e-05
 547 554     1 0.000000e+00 7.150956e-06
 547 557     1 0.000000e+00 1.331407e-06
 548 554     1 0.000000e+00 2.726394e-06
 548 556     1 0.000000e+00 2.222000e-06
 548 563     1 0.000000e+00 4.937284e-06
 549 555     1 0.000000e+00 4.937284e-06
 549 556     1 0.000000e+00 2.222000e-06
 550 561     1 0.000000e+00 4.937284e-06
 550 563     1 0.000000e+00 4.937284e-06
 550 565     1 0.000000e+00 4.937284e-06
 550 566     1 0.000000e+00 2.726394e-06
 551 555     1 0.000000e+00 4.937284e-06
 551 556     1 0.000000e+00 2.222000e-06
 552 563     1 0.000000e+00 4.937284e-06
 552 565     1 0.000000e+00 4.937284e-06
 552 566     1 0.000000e+00 2.726394e-06
 555 561     1 0.000000e+00 4.937284e-06
 555 563     1 0.000000e+00 4.937284e-06
 555 568     1 0.000000e+00 2.222000e-06
 556 559     1 0.000000e+00 5.828000e-06
 556 560     1 0.000000e+00 2.222000e-06
 556 561     1 0.000000e+00 2.222000e-06
 556 563     1 0.000000e+00 2.222000e-06
 556 567     1 0.000000e+00 2.222000e-06
 556 568     1 0.000000e+00 1.000000e-06
 557 560     1 0.000000e+00 5.076159e-07
 557 561     1 0.000000e+00 3.384106e-06
 557 563     1 0.000000e+00 3.384106e-06
 557 568     1 0.000000e+00 2.284500e-07
 557 569     1 0.000000e+00 6.958587e-07
 557 570     1 0.000000e+00 1.500155e-05
 557 571     1 0.000000e+00 1.500155e-05
 557 573     1 0.000000e+00 7.861726e-06
 558 563     1 0.000000e+00 2.188670e-05
 558 573     1 0.000000e+00 5.084570e-05
 559 565     1 0.000000e+00 1.294982e-05
 559 566     1 0.000000e+00 7.150956e-06
 559 569     1 0.000000e+00 1.331407e-06
 560 566     1 0.000000e+00 2.726394e-06
 560 568     1 0.000000e+00 2.222000e-06
 561 567     1 0.000000e+00 4.937284e-06
 561 568     1 0.000000e+00 2.222000e-06
 562 567     1 0.000000e+00 4.937284e-06
 562 568     1 0.000000e+00 2.222000e-06
 563 567     1 0.000000e+00 4.937284e-06
 563 568     1 0.000000e+00 2.222000e-06
 564 569     1 0.000000e+00 3.384106e-06
 564 574     1 0.000000e+00 4.937284e-06
 564 575     1 0.000000e+00 2.222000e-06
 565 574     1 0.000000e+00 4.937284e-06
 565 575     1 0.000000e+00 2.222000e-06
 566 574     1 0.000000e+00 2.726394e-06
 566 575     1 0.000000e+00 1.227000e-06
 567 573     1 0.000000e+00 1.146996e-05
 567 575     1 0.000000e+00 2.222000e-06
 568 571     1 0.000000e+00 9.850000e-06
 568 572     1 0.000000e+00 1.227000e-06
 568 574     1 0.000000e+00 2.222000e-06
 568 575     1 0.000000e+00 1.000000e-06
 569 572     1 0.000000e+00 2.803082e-07
 569 573     1 0.000000e+00 1.179259e-06
 569 575     1 0.000000e+00 2.284500e-07
 569 576     1 0.000000e+00 6.958587e-07
 570 584     1 0.000000e+00 9.850000e-06
 571 576     1 0.000000e+00 2.250232e-06
 572 575     1 0.000000e+00 1.227000e-06
 572 576     1 0.000000e+00 1.868721e-06
 572 584     1 0.000000e+00 1.227000e-06
 573 575     1 0.000000e+00 5.162000e-06
 574 584     1 0.000000e+00 2.222000e-06
 575 578     1 0.000000e+00 5.828000e-06
 575 579     1 0.000000e+00 5.828000e-06
 575 583     1 0.000000e+00 2.222000e-06
 575 584     1 0.000000e+00 1.000000e-06
 576 579     1 0.000000e+00 1.331407e-06
 576 584     1 0.000000e+00 2.284500e-07
 576 585     1 0.000000e+00 6.958587e-07
 578 585     1 0.000000e+00 1.331407e-06
 579 584     1 0.000000e+00 5.828000e-06
 583 595     1 0.000000e+00 2.222000e-06
 584 587     1 0.000000e+00 5.828000e-06
 584 588     1 0.000000e+00 2.222000e-06
 584 589     1 0.000000e+00 2.222000e-06
 584 590     1 0.000000e+00 2.222000e-06
 584 594     1 0.000000e+00 2.222000e-06
 584 595     1 0.000000e+00 1.000000e-06
 585 588     1 0.000000e+00 5.076159e-07
 585 589     1 0.000000e+00 3.384106e-06
 585 595     1 0.000000e+00 2.284500e-07
 585 596     1 0.000000e+00 6.958587e-07
 585 598     1 0.000000e+00 1.500155e-05
 585 599     1 0.000000e+00 1.868721e-06
 586 598     1 0.000000e+00 9.702250e-05
 586 599     1 0.000000e+00 1.208595e-05
 586 602     1 0.000000e+00 9.850000e-06
 587 596     1 0.000000e+00 1.331407e-06
 587 597     1 0.000000e+00 5.740580e-05
 587 598     1 0.000000e+00 5.740580e-05
 587 599     1 0.000000e+00 7.150956e-06
 587 601     1 0.000000e+00 1.294982e-05
 587 602     1 0.000000e+00 5.828000e-06
 588 596     1 0.000000e+00 3.384106e-06
 588 602     1 0.000000e+00 2.222000e-06
 590 596     1 0.000000e+00 3.384106e-06
 590 602     1 0.000000e+00 2.222000e-06
 594 599     1 0.000000e+00 2.726394e-06
 594 600     1 0.000000e+00 1.146996e-05
 594 602     1 0.000000e+00 2.222000e-06
 595 598     1 0.000000e+00 9.850000e-06
 595 599     1 0.000000e+00 1.227000e-06
 595 600     1 0.000000e+00 5.162000e-06
 595 601     1 0.000000e+00 2.222000e-06
 595 602     1 0.000000e+00 1.000000e-06
 596 599     1 0.000000e+00 2.803082e-07
 596 600     1 0.000000e+00 1.179259e-06
 596 602     1 0.000000e+00 2.284500e-07
 596 603     1 0.000000e+00 6.958587e-07
 598 603     1 0.000000e+00 2.250232e-06
 598 604     1 0.000000e+00 9.702250e-05
 598 605     1 0.000000e+00 5.217545e-05
 598 606     1 0.000000e+00 5.217545e-05
 598 607     1 0.000000e+00 5.217545e-05
 599 603     1 0.000000e+00 1.868721e-06
 599 607     1 0.000000e+00 6.499419e-06
  60  63     1 0.000000e+00 1.331407e-06
  60  64     1 0.000000e+00 1.179259e-06
  60  67     1 0.000000e+00 2.284500e-07
  60  68     1 0.000000e+00 6.958587e-07
 600 602     1 0.000000e+00 5.162000e-06
 600 603     1 0.000000e+00 7.861726e-06
 600 604     1 0.000000e+00 5.084570e-05
 600 605     1 0.000000e+00 2.734311e-05
 600 606     1 0.000000e+00 2.734311e-05
 600 607     1 0.000000e+00 2.734311e-05
 601 609     1 0.000000e+00 2.222000e-06
 602 605     1 0.000000e+00 5.297000e-06
 602 609     1 0.000000e+00 1.000000e-06
 603 605     1 0.000000e+00 1.210100e-06
 603 606     1 0.000000e+00 1.210100e-06
 603 609     1 0.000000e+00 2.284500e-07
 603 610     1 0.000000e+00 6.958587e-07
 605 610     1 0.000000e+00 1.210100e-06
 605 611     1 0.000000e+00 5.217545e-05
 605 615     1 0.000000e+00 1.176993e-05
 606 609     1 0.000000e+00 5.297000e-06
 607 609     1 0.000000e+00 5.297000e-06
 608 613     1 0.000000e+00 2.726394e-06
 608 616     1 0.000000e+00 2.222000e-06
 609 612     1 0.000000e+00 9.850000e-06
 609 613     1 0.000000e+00 1.227000e-06
 609 614     1 0.000000e+00 5.162000e-06
 609 615     1 0.000000e+00 2.222000e-06
 609 616     1 0.000000e+00 1.000000e-06
 610 613     1 0.000000e+00 2.803082e-07
 610 614     1 0.000000e+00 1.179259e-06
 610 616     1 0.000000e+00 2.284500e-07
 610 617     1 0.000000e+00 6.958587e-07
 610 619     1 0.000000e+00 8.876044e-06
 610 620     1 0.000000e+00 8.876044e-06
 611 619     1 0.000000e+00 5.740580e-05
 611 620     1 0.000000e+00 5.740580e-05
 612 617     1 0.000000e+00 2.250232e-06
 613 616     1 0.000000e+00 1.227000e-06
 613 617     1 0.000000e+00 1.868721e-06
 613 618     1 0.000000e+00 1.208595e-05
 613 625     1 0.000000e+00 1.227000e-06
 614 616     1 0.000000e+00 5.162000e-06
 615 620     1 0.000000e+00 1.294982e-05
 615 625     1 0.000000e+00 2.222000e-06
 616 619     1 0.000000e+00 5.828000e-06
 616 620     1 0.000000e+00 5.828000e-06
 616 621     1 0.000000e+00 2.222000e-06
 616 623     1 0.000000e+00 8.611000e-07
 616 624     1 0.000000e+00 2.222000e-06
 616 625     1 0.000000e+00 1.000000e-06
 617 620     1 0.000000e+00 1.331407e-06
 617 625     1 0.000000e+00 2.284500e-07
 617 626     1 0.000000e+00 6.958587e-07
 618 622     1 0.000000e+00 8.481835e-06
 619 626     1 0.000000e+00 1.331407e-06
 619 627     1 0.000000e+00 5.740580e-05
 619 628     1 0.000000e+00 3.396558e-05
  62  68     1 0.000000e+00 2.250232e-06
 620 626     1 0.000000e+00 8.876044e-06
 624 634     1 0.000000e+00 2.222000e-06
 625 628     1 0.000000e+00 5.828000e-06
 625 633     1 0.000000e+00 2.222000e-06
 625 634     1 0.000000e+00 1.000000e-06
 626 629     1 0.000000e+00 1.331407e-06
 626 634     1 0.000000e+00 2.284500e-07
 626 635     1 0.000000e+00 6.958587e-07
 626 639     1 0.000000e+00 1.311455e-06
 627 639     1 0.000000e+00 8.481835e-06
 628 635     1 0.000000e+00 1.331407e-06
 628 639     1 0.000000e+00 5.018491e-06
 629 634     1 0.000000e+00 5.828000e-06
 630 634     1 0.000000e+00 5.828000e-06
 633 639     1 0.000000e+00 1.913364e-06
 633 642     1 0.000000e+00 2.222000e-06
 634 637     1 0.000000e+00 5.828000e-06
 634 638     1 0.000000e+00 2.222000e-06
 634 641     1 0.000000e+00 2.222000e-06
 634 642     1 0.000000e+00 1.000000e-06
 635 638     1 0.000000e+00 5.076159e-07
 635 639     1 0.000000e+00 1.311455e-06
 635 642     1 0.000000e+00 2.284500e-07
 635 643     1 0.000000e+00 6.958587e-07
 637 643     1 0.000000e+00 1.331407e-06
 638 642     1 0.000000e+00 2.222000e-06
 639 641     1 0.000000e+00 1.913364e-06
 639 642     1 0.000000e+00 8.611000e-07
 641 651     1 0.000000e+00 2.222000e-06
 642 645     1 0.000000e+00 5.828000e-06
 642 646     1 0.000000e+00 5.828000e-06
 642 650     1 0.000000e+00 2.222000e-06
 642 651     1 0.000000e+00 1.000000e-06
 643 646     1 0.000000e+00 1.331407e-06
 643 651     1 0.000000e+00 2.284500e-07
 643 652     1 0.000000e+00 6.958587e-07
 645 652     1 0.000000e+00 1.331407e-06
 646 651     1 0.000000e+00 5.828000e-06
 650 663     1 0.000000e+00 2.222000e-06
 651 654     1 0.000000e+00 5.828000e-06
 651 655     1 0.000000e+00 2.222000e-06
 651 662     1 0.000000e+00 2.222000e-06
 651 663     1 0.000000e+00 1.000000e-06
 652 655     1 0.000000e+00 5.076159e-07
 652 663     1 0.000000e+00 2.284500e-07
 652 664     1 0.000000e+00 6.958587e-07
 653 668     1 0.000000e+00 9.850000e-06
 654 660     1 0.000000e+00 1.294982e-05
 654 664     1 0.000000e+00 1.331407e-06
 655 661     1 0.000000e+00 2.726394e-06
 655 663     1 0.000000e+00 2.222000e-06
 655 664     1 0.000000e+00 3.384106e-06
 655 668     1 0.000000e+00 2.222000e-06
 656 662     1 0.000000e+00 4.937284e-06
 656 663     1 0.000000e+00 2.222000e-06
 657 663     1 0.000000e+00 2.222000e-06
 657 664     1 0.000000e+00 3.384106e-06
 657 667     1 0.000000e+00 4.937284e-06
 657 668     1 0.000000e+00 2.222000e-06
 659 668     1 0.000000e+00 2.222000e-06
 662 668     1 0.000000e+00 2.222000e-06
 663 666     1 0.000000e+00 5.162000e-06
 663 667     1 0.000000e+00 2.222000e-06
 663 668     1 0.000000e+00 1.000000e-06
 664 668     1 0.000000e+00 2.284500e-07
 664 669     1 0.000000e+00 6.958587e-07
 666 669     1 0.000000e+00 1.179259e-06
 667 674     1 0.000000e+00 2.222000e-06
 668 671     1 0.000000e+00 5.828000e-06
 668 673     1 0.000000e+00 2.222000e-06
 668 674     1 0.000000e+00 1.000000e-06
 669 672     1 0.000000e+00 8.260752e-07
 669 674     1 0.000000e+00 2.284500e-07
 669 675     1 0.000000e+00 6.958587e-07
 671 675     1 0.000000e+00 1.331407e-06
 672 674     1 0.000000e+00 3.616000e-06
 672 685     1 0.000000e+00 3.616000e-06
 673 685     1 0.000000e+00 2.222000e-06
 674 677     1 0.000000e+00 5.828000e-06
 674 678     1 0.000000e+00 5.828000e-06
 674 684     1 0.000000e+00 2.222000e-06
 674 685     1 0.000000e+00 1.000000e-06
 675 678     1 0.000000e+00 1.331407e-06
 675 685     1 0.000000e+00 2.284500e-07
 675 686     1 0.000000e+00 6.958587e-07
 676 692     1 0.000000e+00 9.850000e-06
 677 686     1 0.000000e+00 1.331407e-06
 678 685     1 0.000000e+00 5.828000e-06
  68  71     1 0.000000e+00 1.331407e-06
  68  76     1 0.000000e+00 2.284500e-07
  68  77     1 0.000000e+00 6.958587e-07
 684 692     1 0.000000e+00 2.222000e-06
 685 688     1 0.000000e+00 9.850000e-06
 685 690     1 0.000000e+00 5.162000e-06
 685 691     1 0.000000e+00 2.222000e-06
 685 692     1 0.000000e+00 1.000000e-06
 686 689     1 0.000000e+00 1.179259e-06
 686 690     1 0.000000e+00 1.179259e-06
 686 692     1 0.000000e+00 2.284500e-07
 686 693     1 0.000000e+00 6.958587e-07
 687 697     1 0.000000e+00 9.850000e-06
 688 693     1 0.000000e+00 2.250232e-06
 689 692     1 0.000000e+00 5.162000e-06
 690 692     1 0.000000e+00 5.162000e-06
 691 697     1 0.000000e+00 2.222000e-06
 691 700     1 0.000000e+00 2.222000e-06
 692 695     1 0.000000e+00 5.828000e-06
 692 696     1 0.000000e+00 2.222000e-06
 692 698     1 0.000000e+00 2.250000e-06
 692 699     1 0.000000e+00 2.222000e-06
 692 700     1 0.000000e+00 1.000000e-06
 693 696     1 0.000000e+00 5.076159e-07
 693 697     1 0.000000e+00 1.523000e-06
 693 700     1 0.000000e+00 2.284500e-07
 693 701     1 0.000000e+00 6.958587e-07
 694 710     1 0.000000e+00 9.850000e-06
 695 701     1 0.000000e+00 1.331407e-06
 696 700     1 0.000000e+00 2.222000e-06
 697 699     1 0.000000e+00 2.222000e-06
 697 700     1 0.000000e+00 1.000000e-06
 699 710     1 0.000000e+00 2.222000e-06
  70  77     1 0.000000e+00 1.331407e-06
 700 703     1 0.000000e+00 5.828000e-06
 700 704     1 0.000000e+00 2.222000e-06
 700 705     1 0.000000e+00 1.841000e-06
 700 706     1 0.000000e+00 2.222000e-06
 700 707     1 0.000000e+00 2.222000e-06
 700 708     1 0.000000e+00 1.841000e-06
 700 709     1 0.000000e+00 2.222000e-06
 700 710     1 0.000000e+00 1.000000e-06
 701 704     1 0.000000e+00 5.076159e-07
 701 710     1 0.000000e+00 2.284500e-07
 701 711     1 0.000000e+00 6.958587e-07
 701 715     1 0.000000e+00 7.861726e-06
 702 707     1 0.000000e+00 2.188670e-05
 703 711     1 0.000000e+00 1.331407e-06
 704 710     1 0.000000e+00 2.222000e-06
 705 709     1 0.000000e+00 4.090702e-06
 705 710     1 0.000000e+00 1.841000e-06
 707 710     1 0.000000e+00 2.222000e-06
 709 715     1 0.000000e+00 1.146996e-05
 710 713     1 0.000000e+00 9.850000e-06
 710 716     1 0.000000e+00 2.222000e-06
 711 714     1 0.000000e+00 1.179259e-06
 711 715     1 0.000000e+00 1.179259e-06
 711 717     1 0.000000e+00 2.284500e-07
 711 718     1 0.000000e+00 6.958587e-07
 713 718     1 0.000000e+00 2.250232e-06
 718 721     1 0.000000e+00 2.803082e-07
 718 722     1 0.000000e+00 1.179259e-06
 718 724     1 0.000000e+00 2.284500e-07
 718 725     1 0.000000e+00 6.958587e-07
 720 725     1 0.000000e+00 2.250232e-06
 725 728     1 0.000000e+00 2.250232e-06
 725 732     1 0.000000e+00 2.284500e-07
 725 733     1 0.000000e+00 6.958587e-07
 727 733     1 0.000000e+00 1.331407e-06
 733 736     1 0.000000e+00 2.803082e-07
 733 738     1 0.000000e+00 2.284500e-07
 733 739     1 0.000000e+00 6.958587e-07
 735 739     1 0.000000e+00 1.331407e-06
 739 742     1 0.000000e+00 1.331407e-06
 739 747     1 0.000000e+00 2.284500e-07
 739 748     1 0.000000e+00 6.958587e-07
 741 748     1 0.000000e+00 1.331407e-06
 748 750     1 0.000000e+00 1.210100e-06
 748 751     1 0.000000e+00 1.210100e-06
 748 754     1 0.000000e+00 2.284500e-07
 748 755     1 0.000000e+00 6.958587e-07
 750 755     1 0.000000e+00 1.210100e-06
 755 758     1 0.000000e+00 1.331407e-06
 755 763     1 0.000000e+00 2.284500e-07
 755 764     1 0.000000e+00 6.958587e-07
 757 764     1 0.000000e+00 1.331407e-06
 764 767     1 0.000000e+00 1.331407e-06
 764 768     1 0.000000e+00 1.179259e-06
 764 771     1 0.000000e+00 2.284500e-07
 764 772     1 0.000000e+00 6.958587e-07
 766 772     1 0.000000e+00 2.250232e-06
  77  80     1 0.000000e+00 1.179259e-06
  77  81     1 0.000000e+00 1.179259e-06
  77  83     1 0.000000e+00 2.284500e-07
  77  84     1 0.000000e+00 6.958587e-07
 772 775     1 0.000000e+00 1.179259e-06
 772 776     1 0.000000e+00 1.179259e-06
 772 778     1 0.000000e+00 2.284500e-07
 772 779     1 0.000000e+00 6.958587e-07
 774 779     1 0.000000e+00 2.250232e-06
 779 782     1 0.000000e+00 1.331407e-06
 779 787     1 0.000000e+00 2.284500e-07
 779 788     1 0.000000e+00 6.958587e-07
 781 788     1 0.000000e+00 1.331407e-06
 788 791     1 0.000000e+00 5.076159e-07
 788 801     1 0.000000e+00 2.284500e-07
 788 802     1 0.000000e+00 6.958587e-07
  79  84     1 0.000000e+00 2.250232e-06
 790 802     1 0.000000e+00 1.331407e-06
 802 805     1 0.000000e+00 5.076159e-07
 802 809     1 0.000000e+00 2.284500e-07
 802 810     1 0.000000e+00 6.958587e-07
 804 810     1 0.000000e+00 1.331407e-06
 810 813     1 0.000000e+00 1.331407e-06
 810 820     1 0.000000e+00 2.284500e-07
 810 821     1 0.000000e+00 6.958587e-07
 812 821     1 0.000000e+00 1.331407e-06
 821 824     1 0.000000e+00 5.076159e-07
 821 828     1 0.000000e+00 1.967183e-07
 821 829     1 0.000000e+00 1.967183e-07
  84  87     1 0.000000e+00 5.076159e-07
  84  95     1 0.000000e+00 2.284500e-07
  84  96     1 0.000000e+00 6.958587e-07
  86  96     1 0.000000e+00 1.331407e-06
  96  99     1 0.000000e+00 2.803082e-07

[ exclusions ]
; ai  aj
   1   4
   1   8
   1   9
 101  96
 102 105
 102 112
 102 113
 102  96
 102  98
 104 113
  11  17
 113 116
 113 122
 113 123
 115 123
  12   9
 123 125
 123 126
 123 129
 123 130
 125 130
  13   9
 130 134
 130 135
 132 135
 135 138
 135 143
 135 144
 137 144
 144 147
 144 151
 144 152
 146 152
 152 155
 152 156
 156 159
 156 164
 156 165
 158 165
  16   9
 165 168
 165 170
 165 171
 167 171
  17  20
  17  25
  17  26
  17   9
 171 174
 171 178
 171 179
 173 179
 179 182
 179 189
 179 190
 180 185
 180 186
 180 187
 180 192
 181 187
 181 190
 181 191
 182 189
 184 189
 184 190
 184 197
 186 190
 186 197
 188 197
 189 192
 189 193
 189 194
 189 195
 189 196
 189 197
  19  26
 190 193
 190 197
 190 198
 191 202
 192 198
 193 197
 194 196
 194 198
 194 205
 196 202
 196 205
 197 200
 197 201
 197 204
 197 205
 198 201
 198 202
 198 205
 198 206
 199 211
 200 206
 201 205
 202 204
 202 205
 204 211
 205 208
 205 210
 206 209
 206 211
 206 212
 208 212
 209 211
 210 223
 211 214
 211 222
 211 223
 212 215
 212 223
 212 224
 214 224
 214 230
 215 223
 215 224
 215 230
 216 222
 216 223
 217 222
 217 224
 217 225
 217 229
 217 230
 219 229
 219 230
 220 230
 222 228
 222 230
 223 226
 223 227
 223 228
 223 229
 223 230
 224 227
 224 228
 224 230
 224 231
 226 231
 226 236
 227 230
 227 231
 227 236
 229 236
 230 233
 230 234
 230 235
 230 236
 231 234
 231 236
 231 237
 233 237
 233 238
 234 237
 234 238
 236 239
 237 240
 237 241
 237 242
 237 243
 238 243
 238 244
 238 250
 240 243
 240 251
 241 244
 241 246
 241 251
 241 252
 242 247
 243 249
 243 252
 244 251
 245 251
 246 250
 246 251
 248 251
 250 261
 251 254
 251 256
 251 260
 251 261
 252 255
 252 257
 252 259
 252 261
 252 262
 252 266
 253 259
 254 262
 255 261
 256 261
 257 260
 257 261
 259 261
  26  29
  26  36
  26  37
 260 268
 261 264
 261 265
 261 267
 261 268
 262 264
 262 265
 262 268
 262 269
 264 269
 265 269
 266 269
 268 271
 268 272
 268 273
 269 272
 269 274
 269 275
 269 276
 269 277
 269 278
 269 279
 269 280
 270 277
 270 278
 270 279
 270 280
 271 275
 271 279
 272 274
 272 279
 273 278
 273 279
 273 280
 273 282
 274 278
 274 279
 274 281
 274 282
 275 278
 275 279
 275 280
 275 282
 275 283
 276 286
 277 283
 277 284
 278 282
 278 283
 279 281
 279 282
 279 283
  28  37
 280 281
 280 282
 281 286
 281 290
 282 285
 282 289
 282 290
 283 286
 283 287
 283 288
 283 290
 283 291
 285 291
 286 290
 287 290
 287 291
 288 290
 289 299
 290 293
 290 294
 290 298
 290 299
 291 294
 291 299
 291 300
 293 300
 294 299
 298 304
 298 306
 299 302
 299 303
 299 304
 299 305
 299 306
   3   9
 300 303
 300 304
 300 306
 300 307
 302 307
 303 306
 303 307
 303 314
 304 306
 305 310
 305 311
 305 312
 305 314
 306 309
 306 310
 306 311
 306 312
 306 313
 306 314
 307 310
 307 311
 307 314
 307 315
 308 322
 309 315
 309 322
 311 313
 311 314
 313 322
 314 317
 314 318
 314 319
 314 321
 314 322
 315 318
 315 320
 315 322
 315 323
 316 325
 316 329
 316 330
 317 323
 318 322
 320 321
 320 322
 321 330
 322 325
 322 326
 322 329
 322 330
 323 326
 323 327
 323 330
 323 331
 323 332
 324 339
 325 331
 326 330
 328 329
 328 330
 329 339
 330 333
 330 338
 331 334
 331 339
 331 340
 332 336
 332 345
 333 340
 333 345
 334 339
 334 345
 335 338
 335 339
 336 339
 338 343
 338 344
 338 345
 339 342
 339 343
 339 344
 339 345
 339 346
 340 343
 340 345
 340 347
 340 348
 340 349
 342 348
 342 349
 342 350
 343 347
 343 348
 343 349
 344 346
 344 347
 345 346
 345 347
 345 348
 345 349
 347 350
 348 351
 348 352
 349 354
 350 360
 351 360
 352 355
 352 360
 352 361
 354 361
 355 360
 356 360
 357 360
 359 371
 360 363
 360 364
 360 370
 360 371
 361 364
 361 371
 361 372
 363 372
 364 368
 364 371
  37  40
  37  41
  37  43
  37  44
 370 379
 371 374
 371 375
 371 376
 371 377
 371 378
 371 379
 372 375
 372 376
 372 379
 372 380
 374 380
 375 379
 376 379
 376 388
 378 388
 379 382
 379 387
 379 388
 380 383
 380 388
 380 389
 381 397
 382 389
 383 388
 383 391
 383 393
 384 388
 386 393
 386 395
 387 397
 388 391
 388 392
 388 396
 388 397
 389 392
 389 397
 389 398
 389 399
 389 401
  39  44
 390 401
 391 395
 391 398
 392 397
 396 401
 396 404
 397 400
 397 402
 397 403
 397 404
 398 401
 398 402
 398 404
 398 405
 400 405
 401 404
 402 404
 402 405
 402 413
 403 413
 404 407
 404 408
 404 412
 404 413
 405 408
 405 413
 405 414
 407 414
 408 413
 412 423
 413 416
 413 417
 413 418
 413 419
 413 421
 413 422
 414 417
 414 423
 414 424
 414 425
 414 426
 415 420
 415 426
 416 424
 417 423
 418 422
 418 423
 419 423
 420 423
 422 429
 423 428
 423 429
 424 427
 424 429
 424 430
 425 434
 426 430
 427 429
 428 433
 428 434
 428 437
 429 432
 429 433
 429 434
 429 436
 429 437
 430 433
 430 434
 430 437
 430 438
 432 438
 433 437
 434 436
 434 437
 435 437
 436 445
 437 440
 437 441
 437 444
 437 445
 438 441
 438 445
 438 446
  44  46
  44  47
  44  50
  44  51
 440 446
 441 445
 442 444
 442 445
 442 446
 442 451
 444 449
 444 451
 445 448
 445 449
 445 450
 445 451
 446 449
 446 451
 446 452
 447 461
 447 462
 448 452
 448 461
 448 462
 449 451
 449 452
 450 462
 451 454
 451 461
 452 455
 452 456
 452 462
 452 463
 453 458
 454 460
 454 463
 455 462
 456 462
 457 461
 457 462
 457 466
 459 462
  46  51
 461 466
 461 468
 462 465
 462 466
 462 467
 462 468
 463 466
 463 468
 463 469
 465 469
 466 468
 467 477
 468 471
 468 472
 468 476
 469 472
 469 477
 469 478
 469 485
 470 485
 471 475
 471 478
 472 477
 473 477
 476 485
 477 480
 477 481
 477 484
 477 485
 478 481
 478 485
 478 486
 480 486
 480 499
 481 485
 481 499
 482 484
 482 485
 482 486
 482 499
 484 499
 485 488
 485 489
 485 498
 485 499
 486 489
 486 499
 486 500
 487 494
 487 496
 487 503
 488 495
 488 496
 488 497
 488 500
 488 503
 488 505
 489 497
 489 499
 489 500
 489 503
 489 505
 490 496
 490 497
 490 498
 490 500
 490 501
 490 503
 490 504
 490 505
 491 498
 491 499
 492 496
 492 503
 492 505
 494 498
 494 499
 498 503
 498 505
 499 502
 499 503
 499 504
 499 505
 500 503
 500 505
 500 506
 501 508
 501 516
 502 506
 502 507
 502 515
 502 516
 503 505
 503 506
 503 507
 503 508
 503 515
 503 516
 504 509
 504 516
 505 508
 505 509
 505 511
 505 515
 505 516
 506 509
 506 516
 506 517
 508 517
 509 516
 509 517
 509 528
  51  54
  51  59
  51  60
 510 516
 511 515
 511 517
 511 518
 511 527
 511 528
 513 517
 513 527
 513 528
 515 521
 515 522
 515 523
 515 528
 516 519
 516 520
 516 522
 516 524
 516 527
 516 528
 517 520
 517 521
 517 523
 517 528
 517 529
 518 523
 519 525
 519 529
 520 526
 520 528
 521 527
 521 528
 527 536
 528 531
 528 532
 528 535
 529 532
 529 536
 529 537
  53  60
 531 537
 532 536
 533 535
 533 536
 534 535
 534 536
 534 542
 535 540
 535 544
 536 539
 536 540
 536 541
 536 542
 536 543
 536 544
 537 540
 537 542
 537 544
 537 545
 539 545
 542 544
 543 556
 544 547
 544 548
 544 555
 544 556
 545 548
 545 549
 545 556
 545 557
 546 551
 546 568
 547 553
 547 554
 547 557
 548 554
 548 556
 548 563
 549 555
 549 556
 550 561
 550 563
 550 565
 550 566
 551 555
 551 556
 552 563
 552 565
 552 566
 555 561
 555 563
 555 568
 556 559
 556 560
 556 561
 556 563
 556 567
 556 568
 557 560
 557 561
 557 563
 557 568
 557 569
 557 570
 557 571
 557 573
 558 563
 558 573
 559 565
 559 566
 559 569
 560 566
 560 568
 561 567
 561 568
 562 567
 562 568
 563 567
 563 568
 564 569
 564 574
 564 575
 565 574
 565 575
 566 574
 566 575
 567 573
 567 575
 568 571
 568 572
 568 574
 568 575
 569 572
 569 573
 569 575
 569 576
 570 584
 571 576
 572 575
 572 576
 572 584
 573 575
 574 584
 575 578
 575 579
 575 583
 575 584
 576 579
 576 584
 576 585
 578 585
 579 584
 583 595
 584 587
 584 588
 584 589
 584 590
 584 594
 584 595
 585 588
 585 589
 585 595
 585 596
 585 598
 585 599
 586 598
 586 599
 586 602
 587 596
 587 597
 587 598
 587 599
 587 601
 587 602
 588 596
 588 602
 590 596
 590 602
 594 599
 594 600
 594 602
 595 598
 595 599
 595 600
 595 601
 595 602
 596 599
 596 600
 596 602
 596 603
 598 603
 598 604
 598 605
 598 606
 598 607
 599 603
 599 607
  60  63
  60  64
  60  67
  60  68
 600 602
 600 603
 600 604
 600 605
 600 606
 600 607
 601 609
 602 605
 602 609
 603 605
 603 606
 603 609
 603 610
 605 610
 605 611
 605 615
 606 609
 607 609
 608 613
 608 616
 609 612
 609 613
 609 614
 609 615
 609 616
 610 613
 610 614
 610 616
 610 617
 610 619
 610 620
 611 619
 611 620
 612 617
 613 616
 613 617
 613 618
 613 625
 614 616
 615 620
 615 625
 616 619
 616 620
 616 621
 616 623
 616 624
 616 625
 617 620
 617 625
 617 626
 618 622
 619 626
 619 627
 619 628
  62  68
 620 626
 624 634
 625 628
 625 633
 625 634
 626 629
 626 634
 626 635
 626 639
 627 639
 628 635
 628 639
 629 634
 630 634
 633 639
 633 642
 634 637
 634 638
 634 641
 634 642
 635 638
 635 639
 635 642
 635 643
 637 643
 638 642
 639 641
 639 642
 641 651
 642 645
 642 646
 642 650
 642 651
 643 646
 643 651
 643 652
 645 652
 646 651
 650 663
 651 654
 651 655
 651 662
 651 663
 652 655
 652 663
 652 664
 653 668
 654 660
 654 664
 655 661
 655 663
 655 664
 655 668
 656 662
 656 663
 657 663
 657 664
 657 667
 657 668
 659 668
 662 668
 663 666
 663 667
 663 668
 664 668
 664 669
 666 669
 667 674
 668 671
 668 673
 668 674
 669 672
 669 674
 669 675
 671 675
 672 674
 672 685
 673 685
 674 677
 674 678
 674 684
 674 685
 675 678
 675 685
 675 686
 676 692
 677 686
 678 685
  68  71
  68  76
  68  77
 684 692
 685 688
 685 690
 685 691
 685 692
 686 689
 686 690
 686 692
 686 693
 687 697
 688 693
 689 692
 690 692
 691 697
 691 700
 692 695
 692 696
 692 698
 692 699
 692 700
 693 696
 693 697
 693 700
 693 701
 694 710
 695 701
 696 700
 697 699
 697 700
 699 710
  70  77
 700 703
 700 704
 700 705
 700 706
 700 707
 700 708
 700 709
 700 710
 701 704
 701 710
 701 711
 701 715
 702 707
 703 711
 704 710
 705 709
 705 710
 707 710
 709 715
 710 713
 710 716
 711 714
 711 715
 711 717
 711 718
 713 718
 718 721
 718 722
 718 724
 718 725
 720 725
 725 728
 725 732
 725 733
 727 733
 733 736
 733 738
 733 739
 735 739
 739 742
 739 747
 739 748
 741 748
 748 750
 748 751
 748 754
 748 755
 750 755
 755 758
 755 763
 755 764
 757 764
 764 767
 764 768
 764 771
 764 772
 766 772
  77  80
  77  81
  77  83
  77  84
 772 775
 772 776
 772 778
 772 779
 774 779
 779 782
 779 787
 779 788
 781 788
 788 791
 788 801
 788 802
  79  84
 790 802
 802 805
 802 809
 802 810
 804 810
 810 813
 810 820
 810 821
 812 821
 821 824
 821 828
 821 829
  84  87
  84  95
  84  96
  86  96
  96  99