         0    0.925206    0.664158    0.912983    0.661338
        50    0.972746    0.760523    0.911455    0.695215
       100    0.947267    0.658031    0.711723    0.924702
       150    0.961474    0.873998    0.758812    0.713578
       200    0.911123     0.58188    0.838255    0.786786
       250    0.786801    0.658865    0.642978     0.62497
       300     1.00984    0.909337    0.454501     1.00303
       350      1.0433    0.824284    0.988268    0.721684
       400     1.02239    0.803178    0.705413    0.973575
       450     1.05169     1.02787    0.757564    0.762673
       500     1.05159    0.901438     1.02589    0.588762
       550     1.05065    0.502965     1.03536    0.939557
       600     1.01272    0.964999    0.771374    0.724533
       650     1.08627     0.91023    0.995223    0.735523
       700     1.02513      1.0129     0.59828    0.847277
       750    0.995653     0.95683    0.458287    0.925796
       800     1.01505      1.0009    0.968339     0.34813
       850     1.01609     0.98784    0.947295    0.437834
       900     1.04537     1.04246    0.130466     1.04013
       950     1.05042    0.980064    0.724657    0.849174
      1000     1.10558    0.653931     0.99026     1.01802
      1050     1.03004     1.00873    0.875285    0.581651
      1100    0.986897    0.470621    0.914932    0.943051
      1150     1.03076      1.0248     1.01567    0.207707
      1200    0.890606    0.840039    0.851697    0.394089
      1250    0.935912    0.642213    0.783695    0.851615
      1300    0.995517    0.940665    0.965056    0.407337
      1350    0.770832    0.602972    0.689932    0.590577
      1400    0.949495    0.592446    0.868871    0.834957
      1450    0.917621     0.52747    0.811039    0.864898
      1500    0.813359    0.800351    0.442325    0.697776
      1550    0.936238    0.886479    0.900777    0.394764
      1600    0.896754    0.866468    0.746663    0.547781
      1650     0.77076    0.422494    0.690566    0.729903
      1700    0.769239    0.694661    0.437081    0.714047
      1750    0.669528    0.546208    0.586822    0.503817
      1800    0.851341    0.600644    0.759654    0.715343
      1850      1.0776     1.00999    0.488211     1.03152
      1900    0.989671    0.892137     0.48819    0.961592
      1950     1.01006    0.988855    0.831201    0.609692
      2000     1.03569     1.03007    0.444792    0.941498
      2050    0.972418    0.946693    0.908053    0.412801
      2100    0.978407    0.819538    0.627644    0.921402
      2150    0.873724    0.828569    0.356831    0.844354
      2200    0.800245     0.64356    0.677485    0.638456
      2250    0.889825     0.84698    0.340753    0.866077
      2300    0.995435    0.980817    0.842463    0.556806
      2350    0.986582    0.790377    0.755025    0.867138
      2400     0.96564    0.794674    0.912781     0.63265
      2450    0.962823    0.822391    0.519705      0.9527
      2500    0.921713    0.674871    0.674162     0.88835
      2550    0.712066    0.555905    0.479621     0.68921
      2600    0.862503    0.778781    0.557478    0.755341
      2650    0.913436    0.795171    0.554119    0.854041
      2700    0.930388    0.828659    0.657776    0.782239
      2750     0.85436    0.772491    0.598317    0.710729
      2800    0.887109    0.671342     0.85337    0.628478
      2850    0.804402    0.793288    0.652453    0.489002
      2900    0.988657      0.9726    0.861794     0.51599
      2950    0.990729    0.280299     0.96409    0.977267
      3000    0.905768    0.544199    0.795441    0.843772
      3050    0.842869    0.501249    0.774546    0.754773
      3100     1.06856     1.06216     1.01043     0.36674
      3150     1.05323     1.03869     0.99808      0.3789
      3200     1.01194    0.962932    0.825871    0.662381
      3250      1.0291    0.942471    0.996204    0.487266
      3300     1.07554     1.05513    0.245981     1.06761
      3350     1.01793    0.868064      1.0086    0.549119
      3400     1.02951     1.00769     1.01864    0.258276
      3450    0.958092    0.936789    0.301931    0.931207
      3500     1.08201    0.814613    0.788741     1.02751
      3550     1.04205    0.749904    0.856199    0.936114
      3600     1.02887     1.01814    0.430765    0.946027
      3650     1.03968    0.642396     0.85557     1.00856
      3700     1.05594    0.893607    0.907686    0.779476
      3750     1.05905    0.543676    0.970237     1.00312
      3800     1.09223     1.08152     1.08526    0.196056
      3850     1.05772    0.674468     1.04601    0.829753
      3900    0.918446     0.81933    0.848771    0.543482
      3950    0.875628     0.66657    0.779939    0.693417
      4000    0.881469    0.868649    0.476437    0.756592
      4050    0.785742    0.733513    0.593636    0.586802
      4100    0.914677    0.851469    0.538065    0.811636
      4150    0.889934    0.825128    0.526816    0.790944
      4200    0.777305    0.450505    0.640932     0.77114
      4250    0.985756    0.968366    0.730334    0.687246
      4300    0.952437    0.940101    0.606978    0.749707
      4350    0.906575     0.87002    0.832826    0.439571
      4400    0.937303    0.874422    0.564391    0.820929
      4450    0.871008     0.51621    0.756379    0.823849
      4500    0.816836    0.519581    0.655615    0.796647
      4550      1.0475    0.992327    0.578733    0.935349
      4600     1.03281    0.767798     0.91814    0.837192
      4650     1.02157     0.58497    0.937636    0.930512
      4700     1.01845    0.989749    0.455058    0.942227
      4750      1.0593    0.891148    0.874552    0.827789
      4800    0.991185    0.935371    0.740515    0.735943
      4850     1.01139    0.868283    0.951891    0.621117
      4900    0.847841    0.757414    0.775747    0.512063
      4950     0.82205    0.496176    0.685112    0.797473
      5000    0.973401    0.643333    0.775651    0.937822
      5050     1.02933     1.00149     1.01112    0.306089
      5100     0.81613    0.702441    0.592641    0.698205
      5150    0.891506     0.79803    0.823251    0.524379
      5200     1.01961     0.90836     1.01328    0.476813
      5250    0.955926    0.600527    0.854921    0.857943
      5300    0.976868    0.944769    0.543142    0.849088
      5350     0.92996    0.477202    0.868224    0.864938
      5400    0.930948     0.38299    0.900852    0.880406
      5450     1.00527    0.265751     0.97627    0.998712
      5500     1.02015    0.820813    0.999805     0.63879
      5550    0.988919    0.690548    0.767218    0.943631
      5600     1.03904    0.946391    0.676516    0.897709
      5650     1.00789    0.872347    0.563347    0.976381
      5700     1.04458    0.937417     1.02801    0.496704
      5750     1.05496       1.049    0.911495    0.542806
      5800     1.03406    0.907065    0.938545    0.659494
      5850     1.06565     1.05883     0.86253     0.63729
      5900    0.907931    0.900784    0.860581    0.310909
      5950     1.07542     1.04608    0.897935    0.642253
      6000    0.926575    0.892354    0.623272    0.729602
      6050     1.02999     1.02078    0.872931     0.56371
      6100     1.07285    0.728446     1.02973    0.843234
      6150     1.00471    0.500429    0.904895    0.974487
      6200     1.04072     1.01562      1.0214    0.302394
      6250     1.01962    0.914245    0.717001    0.854005
      6300    0.933288     0.29444    0.916777    0.902706
      6350    0.741019    0.463536    0.705037    0.621511
      6400    0.875375    0.787308    0.484093    0.823628
      6450     0.77319    0.527981     0.74426    0.602461
      6500     1.06489     1.02704    0.511139    0.975648
      6550     1.11356     1.10496    0.220728     1.10017
      6600     1.05968    0.915984     1.03846    0.573082
      6650    0.855851    0.716498    0.807637    0.547097
      6700    0.931471     0.90572    0.872701    0.391589
      6750    0.976297    0.939128    0.365633     0.94375
      6800    0.996598     0.46634    0.909992    0.969978
      6850    0.977193    0.283556     0.96712    0.945562
      6900    0.959749    0.857578    0.693629    0.790997
      6950     1.00761    0.986931    0.993372    0.264055
      7000     1.02493     1.02113    0.206448      1.0078
      7050    0.967914    0.471249    0.868306    0.947463
      7100     1.06378    0.672044    0.839355     1.05219
      7150     1.02168     0.95858    0.494972    0.961144
      7200     1.03688    0.592786    0.879722     1.01238
      7250     1.09598    0.662168    0.947897     1.03217
      7300     1.07462    0.883214     1.07222     0.61636
      7350     1.01985     0.95845    0.910547    0.576582
      7400    0.785787    0.471384    0.750928    0.669947
      7450     1.03564    0.788777     1.02188    0.691878
      7500     1.02448     0.80865    0.749815    0.939667
      7550    0.998183    0.861253    0.628066    0.925481
      7600    0.996099    0.526493    0.888431    0.958083
      7650     1.01549      1.0034    0.457254    0.920092
      7700    0.934679    0.760765    0.619203    0.886045
      7750     1.00593     0.89396    0.610925    0.922704
      7800    0.971176    0.638254    0.898397    0.819682
      7850     1.06425    0.769025     1.05081    0.754763
      7900     1.07085    0.511246    0.957444      1.0561
      7950     1.06002    0.522133    0.952242     1.03338
      8000     1.09105     0.99043     1.02131    0.597297
      8050     1.02905    0.404787     1.00417    0.972461
      8100     1.05877     1.04099    0.997871    0.403215
      8150    0.995963    0.693045    0.863255    0.870841
      8200     1.08808     1.08157     1.06259    0.262574
      8250     1.01377    0.994828    0.969377    0.355074
      8300    0.956836    0.929748    0.277683    0.943151
      8350    0.934716    0.915831    0.476186    0.825764
      8400    0.853847    0.793108    0.826482    0.382121
      8450     0.87656    0.845654    0.746335    0.514363
      8500    0.994252    0.816142    0.622671    0.960868
      8550    0.979997     0.77892    0.685209    0.918999
      8600     1.02231     0.96932    0.830237    0.679227
      8650     1.01659    0.649239    0.990994    0.814453
      8700     1.04808    0.541898     0.99754    0.952988
      8750     1.03938    0.591609     1.02278    0.874377
      8800     1.02088    0.855997    0.930161    0.697482
      8850     0.86304    0.647364    0.695916      0.7657
      8900    0.888679    0.793751    0.449556    0.864499
      8950     1.04385    0.845136     1.03683      0.6245
      9000     1.04285    0.764006    0.852055    0.930247
      9050     1.06146    0.771343    0.844611    0.972145
      9100      1.0423    0.984174    0.536926    0.957027
      9150     1.07702    0.731141     1.05366    0.821704
      9200     1.08436     1.05254    0.424028     1.03153
      9250     1.08597    0.798031    0.749414     1.07713
      9300    0.988148    0.418417    0.982232    0.901677
      9350     1.01482    0.274837    0.997125    0.994945
      9400     1.03518     1.01386    0.739201    0.754224
      9450    0.988329    0.744692    0.831129    0.841575
      9500     1.05996    0.724243      1.0513    0.785657
      9550     1.03811     1.01098    0.342248     1.00802
      9600    0.877108    0.543409    0.704879    0.863995
      9650      1.0765    0.948579    0.651865     0.99648
      9700    0.999388     0.89813    0.895342    0.623922
      9750     1.02907    0.928904    0.703396    0.871965
      9800     1.01541    0.756019    0.992513    0.710972
      9850    0.995535    0.805744    0.694598    0.922221
      9900    0.764125    0.640744    0.611017     0.61958
      9950    0.796369    0.572978    0.629007     0.73787
     10000    0.849391    0.477692    0.825282    0.730514
     10050     1.01176    0.898221    0.757653    0.816376
     10100     1.01266    0.801579    0.996683    0.644255
     10150     1.01419    0.746972    0.760242    0.959816
     10200      1.0186    0.717689    0.940945     0.82136
     10250     1.07296    0.546792    0.950949     1.04843
     10300     1.04401    0.766265    0.936205    0.846318
     10350     1.02882    0.880749    0.900417    0.728342
     10400     1.05507    0.286089       1.021     1.04978
     10450     1.05687    0.989831     1.04604    0.399967
     10500     1.05774    0.918141    0.858154    0.811318
     10550     1.02609    0.451256     1.00673    0.942648
     10600     1.02804    0.739376     1.00275    0.749377
     10650    0.934375    0.873268    0.923269    0.362065
     10700     1.06055      1.0263    0.307753     1.04953
     10750     1.05211     1.02423    0.915978     0.57079
     10800     1.02017    0.678242    0.771707      1.0129
     10850     1.01558     1.00303    0.622168    0.818322
     10900     1.03394     1.00637    0.444918    0.962981
     10950     1.08549     1.06577    0.841488    0.715959
     11000    0.933469    0.766407    0.879616    0.617758
     11050    0.934918    0.851161     0.60446    0.811355
     11100    0.843752    0.734513    0.511687    0.788988
     11150    0.872518    0.790136    0.626862    0.710847
     11200     1.04743    0.957952    0.767747    0.828925
     11250     1.05155      1.0079     1.01273    0.412353
     11300     1.11549    0.847981    0.836102     1.03465
     11350      1.0606    0.196196     1.04931     1.05367
     11400    0.811729    0.783686    0.722952    0.425423
     11450    0.952581    0.795378    0.682201    0.846639
     11500    0.967496     0.93926    0.934602    0.341181
     11550    0.955388    0.434309    0.899541    0.909799
     11600    0.918601    0.730371    0.591268    0.897004
     11650    0.963281    0.913091    0.393295    0.931346
     11700    0.935026    0.819433    0.549633    0.880329
     11750    0.920552     0.85873    0.790017    0.577311
     11800     0.85294     0.45084    0.778179    0.803861
     11850    0.940433    0.912366    0.382452    0.888903
     11900    0.952501    0.940425    0.899562    0.347714
     11950    0.950783    0.857195    0.446019    0.935019
     12000    0.993263    0.650865    0.883632    0.876763
     12050     0.87684    0.846275    0.334407     0.84243
     12100     0.93495    0.677741     0.90226    0.689099
     12150    0.884981    0.821169    0.811071    0.483971
     12200    0.878448    0.858122    0.735181    0.516212
     12250     0.75976     0.73436    0.581567    0.526276
     12300     0.74692    0.637099    0.532173    0.653204
     12350     1.08967     1.08339     1.07433    0.216408
     12400     1.02312    0.454132    0.998499    0.943556
     12450    0.997207    0.857679    0.971862     0.55562
     12500    0.873116    0.792949    0.475914    0.818169
     12550     1.00842    0.959673    0.476219    0.941305
     12600     1.07141    0.721247    0.897348      0.9851
     12650     1.08992      1.0793    0.432245     1.01199
     12700     1.04624    0.848421    0.630614     1.03525
     12750     1.05858     1.03213    0.806161    0.725274
     12800    0.987918    0.868795    0.983951    0.478542
     12850     1.05482    0.919201     1.00063    0.615718
     12900     1.02977    0.747212    0.812653    0.949798
     12950    0.946499    0.910388    0.605451    0.772232
     13000    0.909174    0.689831    0.846162    0.679218
     13050    0.811676    0.590992    0.655093    0.734316
     13100    0.966794    0.836418    0.947876     0.52088
     13150     0.87368    0.739788    0.684625    0.714587
     13200    0.867039    0.555909    0.713182    0.828161
     13250    0.912336    0.858774    0.662845     0.69847
     13300     0.97744    0.952336    0.634533    0.775371
     13350    0.909865    0.882986    0.802141      0.4823
     13400    0.914852    0.797694    0.887784     0.49943
     13450    0.706522    0.522324    0.613184    0.591211
     13500     0.81827    0.724486     0.47274    0.768615
     13550    0.965479    0.872535    0.692609    0.789478
     13600    0.933366    0.889858    0.542576    0.810004
     13650    0.943173    0.896219    0.815678    0.557326
     13700    0.935173    0.792863    0.541043    0.909801
     13750    0.816302    0.769527    0.729833    0.455928
     13800    0.647721    0.527313     0.55636    0.501489
     13850     1.01565    0.942438     0.86207    0.657058
     13900    0.936437     0.91341    0.316222    0.905271
     13950    0.907118    0.751902    0.531878    0.893016
     14000     1.06764     1.04182     0.39284      1.0198
     14050      1.0452     1.03782    0.216205     1.03008
     14100     1.03531    0.658326    0.902992    0.946016
     14150     1.01073    0.735905    0.970764    0.747799
     14200     1.06597      0.4314    0.999482     1.04285
     14250    0.921264     0.50788    0.895419    0.798585
     14300     1.01138    0.931739     1.00305    0.414164
     14350    0.962603    0.476043    0.861356    0.940563
     14400    0.902531    0.853139    0.373452    0.872819
     14450    0.926218    0.864688    0.469048    0.864909
     14500    0.952476    0.874531    0.698009    0.749934
     14550      1.0153    0.673598    0.841072    0.948972
     14600    0.994816    0.982142    0.905254    0.441847
     14650    0.959613    0.892929      0.4991    0.891792
     14700    0.983722    0.956802     0.31158    0.960659
     14750    0.967771    0.832504    0.958181    0.511846
     14800     1.01028    0.973801    0.349473    0.985353
     14850    0.919018    0.494931    0.800289     0.89653
     14900    0.993847    0.923448    0.594658    0.876976
     14950    0.754165    0.724077    0.492795      0.6086
     15000    0.970973    0.960709    0.866342    0.460507
     15050    0.942542    0.883411     0.87017     0.48904
     15100    0.931268    0.777431    0.837742    0.654453
     15150      0.9242    0.570296    0.809946    0.852667
     15200    0.850275    0.564012    0.825072    0.668642
     15250    0.881292     0.85203    0.703354    0.576791
     15300    0.924604     0.29083    0.903186      0.8997
     15350    0.837034    0.706325     0.51987    0.795041
     15400    0.823954    0.715841    0.487879    0.779324
     15450    0.738097    0.669609    0.641635    0.479066
     15500    0.701553    0.461464    0.652274    0.588168
     15550    0.981673    0.899184    0.973912    0.412704
     15600    0.976521    0.779362    0.604676    0.966514
     15650     1.09929     1.00487    0.777081     0.89624
     15700      1.0445     1.01148    0.380469     1.00704
     15750     1.06555    0.922609     1.03325    0.593274
     15800      1.0636     1.03568     1.04575    0.310272
     15850      1.0454    0.882634      0.5717     1.03915
     15900     1.05066     1.04516    0.348787    0.996876
     15950     1.03415    0.951922    0.812458    0.756764
     16000    0.871668    0.535698    0.865714     0.69511
     16050    0.866515    0.659387    0.799286    0.654253
     16100     1.03552     0.26083     1.01292     1.02497
     16150     1.01264     0.93369    0.918657    0.578945
     16200    0.955498    0.619258    0.802337    0.893716
     16250     1.01683    0.844735    0.783722     0.86029
     16300     1.03254    0.899829     1.00978     0.55041
     16350     1.01252    0.334767     0.96764       1.001
     16400    0.981132    0.472147    0.863919    0.977733
     16450    0.938452    0.588353    0.869175    0.812256
     16500    0.877818    0.649564    0.773819    0.721386
     16550     1.03114    0.792645    0.886646     0.84384
     16600    0.875813    0.569565    0.821656    0.731145
     16650    0.944433    0.918033    0.506857    0.827176
     16700    0.981284    0.928013    0.796838    0.655498
     16750    0.864454    0.756382     0.83413    0.476104
     16800    0.797873       0.713    0.541464    0.686768
     16850     0.91049     0.83474    0.849739    0.489018
     16900    0.940025    0.881951     0.80774    0.580529
     16950     1.03975    0.354102      1.0298    0.988063
     17000    0.876143    0.489952    0.783162    0.825745
     17050     1.01068    0.971337    0.454191    0.945079
     17100     1.07299    0.975206     1.05235    0.494112
     17150    0.965453    0.844399    0.861193    0.639951
     17200    0.934348    0.696513    0.683119    0.891197
     17250    0.830867    0.701332    0.824178    0.457762
     17300     0.97031    0.926283    0.882003    0.497066
     17350    0.867275    0.702981    0.801169    0.606859
     17400    0.961063    0.923143    0.917183    0.392259
     17450    0.936472    0.831783    0.513867    0.893329
     17500    0.985952    0.870081     0.49343    0.971436
     17550    0.927518    0.837146    0.552317    0.845407
     17600    0.946942    0.788252      0.8523    0.667564
     17650    0.697134     0.65084    0.497263    0.548753
     17700      1.0471    0.754167    0.847833    0.951437
     17750     1.05578    0.501888    0.937278     1.04831
     17800     1.02589     1.00494    0.784999    0.691946
     17850     1.07555     1.06309     1.03919    0.321753
     17900     1.05551    0.707234     1.04713    0.794696
     17950      1.0819    0.272155     1.05368     1.07549
     18000     1.03907     1.01223    0.977727    0.422817
     18050     1.00213    0.282053    0.981927    0.982243
     18100      1.0303    0.631279    0.952696    0.903816
     18150     1.06623    0.984747    0.939144    0.649593
     18200     0.99825    0.959852    0.696495    0.765889
     18250    0.899063    0.889723    0.514442    0.748579
     18300    0.894678     0.87853    0.428605    0.803356
     18350     1.06977    0.497543    0.985568     1.03436
     18400    0.928904    0.873586    0.745181    0.638182
     18450     1.02416    0.926399     1.02226    0.441116
     18500    0.979473    0.921561    0.970165    0.358106
     18550     1.00151    0.413708     0.98697    0.927773
     18600     1.02256    0.299002    0.994633     1.00627
     18650    0.990609    0.775457    0.940463    0.690513
     18700    0.974257     0.94148    0.332579    0.949399
     18750    0.965041    0.634982    0.929145    0.772072
     18800    0.929836    0.836649    0.674124    0.758133
     18850     1.02675    0.732125     1.01016    0.742966
     18900    0.812744    0.464388    0.774175    0.711408
     18950    0.903368    0.686275    0.824696    0.693577
     19000    0.875061    0.668644     0.66937    0.797698
     19050    0.903174    0.758766    0.615128    0.823005
     19100    0.863049    0.476426    0.768378    0.819951
     19150    0.853672    0.841833      0.7739    0.387179
     19200    0.877329    0.831189    0.559574    0.731719
     19250    0.959846    0.950299    0.815007    0.524692
     19300    0.964167    0.610316    0.956693    0.755968
     19350    0.975096    0.868163    0.623755    0.871119
     19400     0.96534    0.589702    0.795336    0.939924
     19450    0.954595    0.818484     0.52917    0.934112
     19500    0.993186    0.848046    0.613192    0.936831
     19550    0.976734    0.818435     0.70334    0.862262
     19600    0.964782    0.735156    0.796604    0.828599
     19650    0.957988    0.930321    0.333026    0.926865
     19700    0.968209    0.730395    0.679035    0.938238
     19750      1.0735    0.895355     0.89979    0.832792
     19800     1.07294    0.815165    0.850819    0.956037
     19850     1.07743    0.308216     1.06424       1.046
     19900    0.826762    0.683776    0.792269    0.521375
     19950     1.06833    0.458545      1.0182     1.01768
     20000     1.01808    0.983869      1.0009    0.321217
     20050    0.993419    0.625213    0.859222    0.919025
     20100     1.05047    0.596722    0.922475    0.999959
     20150     1.06788    0.941228    0.936217    0.719941
     20200     1.04104    0.844369    0.696633    0.984526
     20250     1.07088     1.01739    0.376309     1.05682
     20300     1.03279    0.913127    0.531321     1.00857
     20350     1.01468    0.867248    0.549425     1.00259
     20400     1.01876    0.756693    0.996153    0.714716
     20450     1.02848    0.837668    0.606258     1.02288
     20500     1.02381     1.01102    0.325432    0.984022
     20550     1.05285      1.0404    0.954817    0.472085
     20600     1.04264    0.714442    0.782777     1.02519
     20650    0.937157    0.887719    0.400397     0.89898
     20700     1.05737     1.03632    0.999075    0.404904
     20750      1.0437    0.965207    0.816955    0.761311
     20800     1.05166     0.85107    0.725367    0.980554
     20850    0.989296    0.439269    0.910132     0.96753
     20900     1.07686     1.07053    0.989007    0.441701
     20950     1.05713    0.999052    0.950173    0.578031
     21000     1.01117    0.752662    0.901061    0.816408
     21050    0.977678    0.934727    0.950796    0.366036
     21100     1.09274     1.04701    0.386585     1.06886
     21150     1.07881    0.900589    0.608346     1.07075
     21200     1.00752    0.977962    0.430824    0.942427
     21250    0.979735    0.559195    0.834658    0.954153
     21300    0.965756    0.949352    0.769049    0.610462
     21350    0.933259    0.855469    0.419594    0.913267
     21400    0.959524    0.623198    0.945886    0.747191
     21450    0.972015    0.560238    0.801704    0.965935
     21500     1.04408     0.74525     1.02959    0.751516
     21550     1.04653     1.03714     1.03149    0.225435
     21600     1.09623     1.09012     1.07208    0.256416
     21650     1.05004    0.993864    0.842266    0.712742
     21700     1.08018     1.03348    0.333536     1.07435
     21750     1.00488    0.954407    0.893207    0.557541
     21800    0.914126    0.785275     0.81737    0.621693
     21850    0.833575    0.562485    0.645638     0.81022
     21900     1.03522     1.02853     0.84337    0.611751
     21950     1.07015     1.06556     0.97787    0.445873
     22000     1.05851    0.920311    0.930908    0.726166
     22050    0.828392     0.57757    0.706989    0.734197
     22100    0.891554    0.817859    0.865817    0.413771
     22150     1.05384      1.0036    0.709804    0.842678
     22200     1.00134    0.887421    0.781908    0.778766
     22250     1.02417    0.948282     1.01771    0.403558
     22300     1.03352    0.837105     1.02307    0.623626
     22350     1.04386       0.763     1.03663    0.722853
     22400     1.01791     1.00439    0.938649    0.427099
     22450    0.983794    0.960029    0.259607    0.972959
     22500    0.925211     0.73652    0.892969    0.610062
     22550     1.03921      0.9659    0.536897    0.968863
     22600     1.02009     1.00608    0.954328    0.397771
     22650    0.996322    0.646485    0.924414    0.844294
     22700     0.74889    0.640532    0.600277    0.592502
     22750    0.973151    0.921858    0.946917    0.384153
     22800     1.03048    0.977034     1.02202     0.35308
     22850    0.996371    0.938217    0.973492    0.396955
     22900    0.857289    0.523531    0.687432    0.850436
     22950    0.946424    0.692275    0.689535     0.91473
     23000    0.697213    0.656338    0.601162    0.424308
     23050    0.811295    0.608526    0.798121    0.555967
     23100     0.84379    0.467883      0.7768    0.775649
     23150    0.905348    0.890612    0.876818    0.278048
     23200      1.0199     0.98517    0.413622    0.968899
     23250    0.974315    0.809163    0.775317    0.801696
     23300     1.00641    0.759702    0.986795    0.689075
     23350    0.972757    0.888765    0.817667     0.65881
     23400     1.00324    0.904769    0.974235    0.495232
     23450    0.931208    0.819152    0.480523    0.912352
     23500    0.933617    0.603716    0.827915    0.832685
     23550    0.987958    0.533151    0.948616    0.876357
     23600    0.969226    0.931151    0.637073    0.778393
     23650    0.964654     0.76143    0.837157    0.761911
     23700    0.951521     0.92313    0.766043    0.609748
     23750    0.909764    0.820003    0.896482    0.423388
     23800    0.925482    0.841865    0.765315    0.646984
     23850    0.904949    0.455404    0.888873    0.800236
     23900    0.821773    0.467544    0.696885    0.803974
     23950    0.900245    0.510044    0.816386    0.833218
     24000    0.782814    0.736393     0.36736    0.740519
     24050    0.793619    0.713727    0.742655     0.44578
     24100    0.851735    0.831327    0.390058    0.779521
     24150    0.984554    0.591441    0.961188     0.81548
     24200     1.03499    0.547093    0.997436    0.920998
     24250     1.07244     1.06078    0.409928     1.00347
     24300      1.0282    0.772407    0.757305    0.971738
     24350      1.0441     1.03318    0.941367    0.476062
     24400     1.02038    0.981491     0.45567    0.954678
     24450    0.922516    0.771383    0.872564    0.587941
     24500     0.90145     0.76831    0.588682    0.829685
     24550      1.0499     1.00024    0.501623     0.97595
     24600     1.06131    0.971345     1.03237    0.493424
     24650     1.06616     0.98254    0.763456    0.851561
     24700    0.995872    0.941901    0.458442     0.94137
     24750     1.06248    0.853674      1.0564    0.642664
     24800      1.0587    0.661145     1.01747    0.877124
     24850    0.924755    0.872246    0.364014    0.903893
     24900     1.05371    0.902307    0.929223     0.73688
     24950      1.0615      1.0431    0.365195     1.01594
     25000    0.994545    0.919127    0.517672    0.930302
     25050     1.06187    0.632266     0.99283    0.932564
     25100     1.06602     1.02309     1.06201    0.313438
     25150     1.05252    0.859196    0.628625     1.04029
     25200      1.0843     1.02329    0.382228      1.0762
     25250    0.933784     0.70863    0.928296    0.616455
     25300    0.894601    0.525093    0.834674    0.792601
     25350      1.0156    0.995847    0.958216     0.39115
     25400    0.939618    0.551329    0.916729    0.788294
     25450    0.880513    0.528577    0.857643    0.731889
     25500    0.907768    0.813385    0.846329    0.519826
     25550    0.901545    0.777901     0.75132    0.675244
     25600    0.939226    0.898984     0.68003    0.702622
     25650     1.03453    0.934377    0.869068    0.715646
     25700    0.910973    0.696903    0.890982    0.616621
     25750    0.974149    0.782278     0.86027    0.738855
     25800    0.988782    0.968311    0.930979    0.388628
     25850    0.879598    0.738075     0.85346    0.523677
     25900     0.91064    0.843286    0.464872    0.855157
     25950    0.901196    0.825173    0.564943    0.790087
     26000     1.04476       1.041    0.720178    0.762051
     26050     1.00831    0.941757    0.972449    0.448133
     26100     1.02559    0.911646    0.945288    0.615628
     26150     1.01968    0.876529    0.916466    0.686498
     26200     1.02071    0.898009    0.839133    0.757061
     26250     1.04609    0.471273    0.983324    0.999785
     26300    0.987845    0.892696    0.968638    0.465307
     26350     1.01898    0.992724    0.804084    0.666789
     26400     1.09072    0.840402     1.01595    0.800557
     26450     1.03433    0.909612    0.964362     0.61829
     26500     1.05432    0.819722    0.967599    0.784212
     26550    0.997874    0.626568    0.873314    0.914463
     26600      1.0291    0.713056     1.00361    0.776135
     26650     1.04947    0.334172      1.0385     1.00629
     26700     1.04294    0.690684     1.03694    0.789396
     26750     1.08899    0.729824    0.912284     1.00344
     26800    0.963998    0.701518    0.946548    0.685931
     26850     1.03145    0.246847     1.00807       1.025
     26900     1.04266     1.02231     1.02165    0.292199
     26950     1.06193    0.872061     0.63491     1.04489
     27000     1.06743     1.02334    0.784884    0.784566
     27050      1.0528    0.655546     1.01528    0.869632
     27100     1.02106    0.644387    0.941226    0.885426
     27150    0.994295    0.879539    0.980627    0.491961
     27200     1.01289    0.919791    0.877412    0.660315
     27250    0.800655    0.759006    0.571346    0.616094
     27300    0.965712    0.352931    0.917768    0.947808
     27350    0.801757    0.715977    0.462071    0.747993
     27400    0.906931    0.836811    0.733112    0.638233
     27450    0.757316    0.631052    0.623278    0.600294
     27500      1.0595    0.381761     1.02909     1.01997
     27550     1.06777    0.467942     1.06131    0.966908
     27600    0.986161    0.965959    0.968191    0.273046
     27650    0.847611    0.775837    0.425842    0.808472
     27700    0.729711    0.612686    0.582136     0.59219
     27750    0.874997    0.457828    0.825144    0.800482
     27800     1.02134    0.896677    0.975359    0.575236
     27850    0.953725    0.822374    0.622929    0.868817
     27900    0.947838    0.314346    0.898947    0.943332
     27950     1.07857    0.301872     1.05607      1.0584
     28000     1.03773    0.545894    0.994662    0.930819
     28050     1.00836    0.983191    0.293877    0.990223
     28100     1.06518    0.517292    0.945461     1.05248
     28150    0.909882    0.853577    0.485957    0.831278
     28200    0.960819    0.547769    0.821334    0.933653
     28250     1.08967     1.02038    0.718425    0.904146
     28300    0.869427     0.63812    0.701736    0.782416
     28350    0.944977     0.82401    0.601963    0.862908
     28400    0.899294    0.756527    0.578129    0.843145
     28450    0.757696    0.562407    0.663715    0.625609
     28500    0.863951    0.570635    0.718607    0.806723
     28550    0.981668    0.864083    0.658694    0.864192
     28600    0.883835    0.872986    0.222678    0.866394
     28650    0.849386    0.834377    0.395376    0.768379
     28700    0.884185    0.844119     0.33828    0.858252
     28750    0.892232    0.862195    0.561977    0.730038
     28800    0.948849    0.903313    0.738337    0.662956
     28850    0.862008     0.83872    0.777286    0.422481
     28900    0.948259    0.804177    0.715939    0.799449
     28950    0.904667     0.86546    0.391315    0.857145
     29000     1.06568     1.05856    0.855751    0.646902
     29050    0.925428    0.862328    0.879064    0.443252
     29100    0.871873    0.805372    0.721586    0.592464
     29150    0.944012    0.529538     0.90622    0.825029
     29200     1.02192    0.962188     0.74742    0.777304
     29250    0.944824    0.697154    0.938349    0.647196
     29300     1.03604    0.703673    0.980055    0.831327
