         0    0.908471    0.652179    0.897559    0.647834
        50    0.922398    0.434373    0.849568    0.889488
       100    0.839338    0.748655    0.569728    0.723811
       150    0.939563    0.881614    0.919717    0.377403
       200    0.961239    0.914678    0.385645    0.928764
       250      1.0436    0.607994      1.0341    0.859747
       300     1.04729    0.264585      1.0235     1.03733
       350    0.745418    0.479529    0.711475    0.612496
       400    0.631811    0.457799     0.56093    0.523592
       450    0.702502     0.56591    0.535621    0.616339
       500    0.900894    0.857975    0.890585    0.306522
       550    0.690868    0.585495    0.551274    0.554878
       600    0.834782    0.719293    0.540983    0.763988
       650     0.86108    0.260326    0.837552    0.844782
       700    0.863738    0.826727    0.848984     0.29637
       750    0.710413    0.446104    0.583475    0.685509
       800    0.867032    0.741562    0.722827    0.656579
       850    0.859366    0.810108    0.687592    0.589885
       900    0.804024    0.687386    0.534883    0.730964
       950    0.776154    0.759921    0.339473    0.715617
      1000    0.965093    0.922295    0.362652    0.938438
      1050    0.921991    0.565374    0.849997    0.811166
      1100    0.773018    0.622574    0.666019     0.60327
      1150    0.842759    0.719743    0.767361    0.560011
      1200    0.813372    0.809762    0.608836     0.54475
      1250    0.887728    0.403109    0.833186     0.84819
      1300    0.891715    0.685446     0.76651    0.730026
      1350    0.987821    0.948972    0.288085    0.983891
      1400    0.908964     0.82019    0.838075     0.52664
      1450    0.925128    0.779369    0.887695    0.562411
      1500     1.06504    0.934952    0.545039     1.04758
      1550    0.952592    0.940178    0.761331    0.592708
      1600      0.8635    0.757587    0.536213      0.7936
      1650    0.752854    0.663583    0.551353    0.623897
      1700      0.9123    0.786985    0.734287    0.711378
      1750    0.695726    0.543812    0.513592    0.639187
      1800       1.024    0.859499    0.868269    0.777498
      1850    0.874378    0.636999    0.802341    0.692499
      1900     1.02051     0.79942    0.674359    0.994506
      1950     1.04808    0.883452    0.943507    0.725422
      2000     1.01378    0.448807    0.916039     1.00745
      2050    0.886729     0.78367    0.877966    0.433142
      2100    0.882083    0.864841    0.693384    0.572197
      2150    0.926675    0.736639    0.814499    0.715128
      2200    0.802478    0.699401    0.617014    0.646586
      2250    0.801584     0.69537    0.653689    0.611738
      2300    0.857154     0.84486    0.797227    0.346507
      2350    0.931822    0.788328    0.914249    0.528463
      2400     1.01389    0.956314    0.382899    0.997403
      2450    0.991522    0.298905    0.969792    0.967672
      2500    0.974341    0.542549    0.921868    0.868609
      2550    0.856609    0.641455    0.644892    0.800129
      2600    0.858537    0.799785    0.473074    0.781483
      2650    0.913805    0.415755    0.822419    0.906009
      2700     1.02311    0.883353    0.842246    0.777061
      2750    0.977213    0.941874     0.65941    0.766775
      2800    0.868007    0.831035    0.422212    0.798742
      2850     1.01166    0.448289    0.987195    0.933491
      2900     1.01575     1.00127    0.948379    0.401941
      2950     1.00381    0.958384    0.332217    0.993177
      3000     1.05766    0.882078    0.961725    0.730971
      3050    0.862249    0.516479    0.716793    0.840478
      3100    0.841885    0.812022    0.691314    0.529382
      3150    0.830525     0.61832      0.6052    0.794327
      3200    0.755428    0.739971    0.450185    0.625395
      3250    0.688533    0.618121    0.438778    0.611192
      3300    0.744694    0.717485    0.555824    0.534239
      3350     1.03646      1.0251    0.177522     1.03255
      3400    0.913569    0.891279    0.507648    0.785578
      3450    0.754153    0.578208    0.691454     0.57014
      3500     0.97248    0.790776    0.741354    0.846465
      3550      0.8796    0.829892    0.773133     0.51082
      3600     1.06657    0.502319     1.02249    0.988603
      3650    0.886463    0.843081    0.537282    0.756423
      3700    0.879447    0.461839    0.849738    0.781987
      3750    0.951472     0.86544     0.86206    0.564326
      3800    0.956489    0.618706    0.793547    0.904007
      3850    0.937485    0.751674    0.768344    0.776138
      3900    0.893556    0.839853    0.842923    0.425454
      3950    0.875814    0.833869    0.775211    0.487656
      4000    0.789742    0.707344    0.408401    0.761746
      4050    0.714285    0.523202    0.690011    0.520144
      4100    0.833744    0.440049    0.826039    0.717128
      4150    0.771135    0.703271    0.476844    0.683614
      4200    0.686183    0.508501    0.480369    0.672582
      4250    0.760451    0.645602    0.469434    0.720696
      4300     1.02512    0.292368    0.989286     1.01862
      4350    0.953209    0.367326    0.926269    0.907917
      4400     1.03052    0.378837     1.00965    0.980325
      4450     1.06894     1.00852    0.639861    0.926682
      4500    0.929154    0.897031    0.810791    0.514401
      4550     1.00102    0.871784    0.953625    0.578499
      4600    0.970076    0.934361    0.846766    0.540418
      4650    0.889539    0.713813    0.869464    0.563085
      4700    0.865129    0.540284    0.745405    0.805829
      4750     1.00419    0.627527    0.955267    0.842884
      4800    0.766401    0.559175    0.723168    0.582315
      4850    0.872905    0.473303    0.816793    0.795463
      4900    0.722155    0.429889    0.658382    0.651724
      4950    0.844764    0.367295    0.802235    0.805459
      5000    0.950846    0.442449    0.872286    0.922807
      5050    0.661793    0.467799     0.64561    0.490194
      5100     0.72978    0.613793    0.606013    0.566713
      5150    0.860347    0.808276    0.826833    0.378721
      5200    0.964514    0.672168    0.826753    0.851612
      5250     0.87683    0.634233    0.694799    0.807878
      5300    0.858342    0.525126    0.801992    0.744684
      5350    0.682616    0.613851    0.346335    0.659674
      5400    0.899136    0.868091    0.393035    0.841922
      5450    0.898284    0.339982    0.889571    0.840776
      5500     1.05725     1.00737    0.408372     1.02663
      5550     1.03847     1.02783    0.169926     1.03515
      5600     1.03208    0.984444    0.991748    0.421523
      5650    0.785532    0.406653    0.700747    0.760071
      5700    0.716678     0.60846    0.668074    0.459031
      5750    0.835525    0.640679    0.751463    0.648875
      5800    0.975782    0.969082    0.193269    0.963237
      5850    0.735776     0.63112    0.451172    0.693444
      5900     0.89055    0.538537    0.853631    0.753294
      5950     0.97799    0.864434    0.471563    0.971242
      6000    0.813608    0.671963    0.771517    0.526443
      6050    0.993826    0.442579    0.968697    0.917132
      6100    0.998246    0.958111    0.983089    0.329466
      6150     1.01324    0.988738    0.294566    0.994447
      6200     1.00035    0.479343    0.895451    0.984775
      6250    0.951445    0.822798    0.722964    0.781551
      6300    0.945997    0.900531    0.430645    0.890736
      6350    0.859514    0.795921     0.84914    0.350713
      6400    0.911131    0.877319    0.502516    0.798818
      6450     1.00755    0.789883     0.87222     0.80351
      6500     1.01441     1.00601    0.647932    0.791334
      6550     1.01094    0.988349    0.897216    0.512044
      6600    0.984959    0.815615    0.943565    0.620278
      6650     1.04031    0.899455     1.01664     0.56737
      6700    0.963434    0.702854    0.946886    0.682505
      6750    0.938472    0.872291    0.910604    0.413966
      6800    0.977146    0.933091    0.973866    0.300923
      6850    0.998475    0.983587    0.911375    0.442557
      6900     1.01821    0.683056    0.995047     0.78537
      6950     1.02134    0.960333    0.763002    0.762786
      7000    0.969796     0.92176    0.881496    0.504314
      7050    0.841675    0.719865    0.453961    0.832194
      7100    0.798188     0.62823     0.59686    0.723391
      7150    0.896798    0.793735    0.447603    0.882117
      7200     1.00099    0.358279    0.962312    0.974459
      7250    0.823055    0.453683    0.774857    0.740679
      7300    0.814963    0.682274    0.797259    0.476665
      7350      1.0493     1.04668    0.321251     1.00166
      7400    0.945356     0.45193    0.911785    0.867065
      7450    0.908234    0.312407      0.8799    0.882018
      7500    0.894353    0.840703    0.786436    0.523899
      7550    0.941171    0.793147     0.72845    0.782231
      7600     1.02017    0.973962    0.823591    0.674228
      7650    0.771867    0.598489    0.634617    0.656224
      7700    0.892383     0.84011    0.694712    0.635835
      7750     0.81114    0.696206    0.764766    0.496314
      7800     0.84517    0.776641    0.806187    0.418945
      7850     1.06432     1.05951     1.04184    0.239912
      7900     1.02668    0.954315    0.437069      1.0032
      7950    0.976431    0.964601    0.973511    0.169284
      8000    0.902659     0.48881    0.775019    0.888817
      8050    0.917858    0.411014    0.844879    0.895642
      8100    0.891888    0.830554    0.455194     0.83301
      8150    0.815858    0.687006    0.677091    0.633102
      8200    0.849607    0.816059    0.825226    0.310989
      8250    0.756188    0.559078    0.579564    0.703689
      8300       0.896    0.624102     0.70795    0.845538
      8350    0.913796    0.682898    0.752768    0.798146
      8400     1.05191     1.04664    0.572438    0.888756
      8450     1.00925    0.794381    0.740397    0.926252
      8500    0.898347    0.732742    0.782328    0.681986
      8550    0.948873    0.847542    0.467348    0.929504
      8600    0.917136    0.834417    0.528316    0.840778
      8650    0.814309    0.717184    0.406657    0.804038
      8700    0.786123    0.545876    0.709822    0.658901
      8750    0.777082    0.499154    0.724387    0.658651
      8800    0.882629    0.763805    0.632258    0.758236
      8850    0.899464    0.715125    0.645447    0.830703
      8900    0.901279    0.637958    0.878464    0.667772
      8950    0.799163    0.513428    0.653283    0.766116
      9000    0.811395    0.647852      0.5371    0.780086
      9050    0.776602    0.556653    0.587434    0.742482
      9100    0.939744    0.881917    0.887004    0.449093
      9150    0.958153    0.655297    0.934722    0.730063
      9200    0.875827    0.636509    0.762755    0.739734
      9250    0.879227    0.718013    0.710247    0.725316
      9300     1.03602    0.315679     1.01726     1.00608
      9350     0.83573    0.759426    0.395892    0.814512
      9400     1.00496    0.975213    0.547926    0.876718
      9450     1.00825    0.485218    0.927085    0.968607
      9500    0.895205    0.666356    0.786272    0.735208
      9550     0.89393    0.813635    0.420759    0.871309
      9600    0.850472    0.840294    0.309236    0.803047
      9650    0.758464    0.464051    0.625474    0.737545
      9700    0.937216    0.678277    0.839774     0.76907
      9750    0.630148    0.504526    0.472656    0.562338
      9800    0.706572    0.383445    0.628732    0.675392
      9850    0.644089    0.429024    0.533612    0.600747
      9900    0.630812    0.458328    0.532132    0.550109
      9950    0.752665     0.69906    0.410642    0.689709
     10000    0.961179    0.908078    0.743093    0.686248
     10050      0.9364    0.804973    0.698278    0.786204
     10100    0.879573    0.415129    0.834649    0.823605
     10150     0.96471    0.859781    0.687837    0.805598
     10200    0.941538    0.912817      0.3174    0.915975
     10250    0.949121    0.264764    0.925618    0.935303
     10300    0.998743    0.961107    0.583928    0.854562
     10350     1.02842    0.974478    0.663815    0.851496
     10400    0.863989    0.807128    0.467257     0.78941
     10450    0.861811    0.571527    0.763832    0.758522
     10500    0.932099    0.920205    0.553585    0.764451
     10550    0.841988    0.602253    0.684529    0.765898
     10600    0.970478    0.380866    0.942571    0.922039
     10650    0.887954    0.849906    0.429228    0.818747
     10700    0.726693    0.639655    0.668674     0.44708
     10750    0.801598    0.683032    0.772864    0.470391
     10800    0.762573    0.585607    0.572286    0.701847
     10850    0.967662    0.827455    0.508076    0.964323
     10900    0.806185    0.501305    0.668475    0.775695
     10950    0.901071    0.853684    0.432671    0.841355
     11000     0.97514     0.96265    0.206086    0.965728
     11050    0.908525    0.838203     0.42736    0.874995
     11100    0.958344    0.926606     0.68592    0.712572
     11150    0.860561    0.542504    0.814564    0.723399
     11200    0.915542    0.823745    0.878705    0.475137
     11250    0.877517    0.831627    0.427275     0.81603
     11300    0.925226    0.394381    0.916724    0.846267
     11350     0.92667    0.787145    0.808596    0.666342
     11400     1.05563     0.97597    0.934598    0.634618
     11450    0.914413    0.844095    0.737429    0.644984
     11500    0.967022    0.209008    0.961986    0.949296
     11550     1.01705    0.934219     0.78244    0.764083
     11600    0.991085    0.780618    0.785856    0.858817
     11650    0.982622    0.754253    0.952988    0.673803
     11700    0.760301    0.716217    0.676341     0.43094
     11750    0.830353    0.774786    0.430775    0.770138
     11800     1.00147    0.987849    0.724108    0.711129
     11850    0.961277    0.925488    0.567625    0.818156
     11900     1.06116     1.05366    0.930231    0.525922
     11950    0.738666    0.632384    0.703072    0.443886
     12000     1.04711    0.297297     1.02967     1.02189
     12050     0.89167    0.602594    0.721973    0.840111
     12100    0.926929    0.711708    0.705085    0.845411
     12150    0.991148      0.8054     0.70026    0.908689
     12200    0.937863    0.919607     0.90926    0.294521
     12250    0.932875    0.479376    0.918364    0.816895
     12300    0.784772    0.709611     0.74739    0.411816
     12350    0.870703    0.526386      0.7038    0.862455
     12400    0.934053    0.897044    0.919145     0.30886
     12450    0.974402    0.940566    0.833541    0.565209
     12500     1.02031    0.458762     1.00969    0.923115
     12550     0.95563    0.780296    0.559965    0.950807
     12600    0.932139     0.49004    0.801477    0.924804
     12650    0.889018    0.839745    0.776238    0.522485
     12700    0.858851    0.825817     0.50598    0.732979
     12750    0.806789    0.697456    0.562919    0.706041
     12800     1.01192    0.957116    0.728757    0.775127
     12850     1.06863    0.774097    0.750538     1.05896
     12900    0.949541     0.84901    0.820031    0.640302
     12950    0.735774    0.591961      0.4692    0.715655
     13000    0.974639     0.96385    0.344157     0.92325
     13050      0.7064    0.540807    0.555616    0.629936
     13100    0.757636    0.543566    0.599134    0.702567
     13150    0.839087    0.764729    0.606257    0.675113
     13200    0.898731     0.55192    0.839803    0.778171
     13250    0.762986    0.671625    0.750296    0.387648
     13300    0.804657    0.793794     0.48721    0.653807
     13350    0.852809    0.703906    0.515129    0.832901
     13400    0.993874    0.382874    0.967416    0.945031
     13450    0.987171    0.954331    0.466627    0.905828
     13500    0.971466    0.963974    0.939153    0.276109
     13550     1.03465    0.468895     1.01322    0.945801
     13600    0.686347    0.574151    0.588317    0.516119
     13650     1.01302     0.82444    0.618163     0.99529
     13700    0.866009    0.768381    0.529144    0.793435
     13750     0.87708    0.655801    0.687096    0.797723
     13800    0.981264    0.859789    0.537241    0.947572
     13850     1.04709    0.873837    0.615003     1.02518
     13900    0.846045    0.716428    0.802334    0.523999
     13950     0.94473    0.728328    0.886306    0.684857
     14000    0.866396    0.823919    0.615336    0.666187
     14050     1.00567    0.939009    0.522638    0.931599
     14100    0.986514     0.97117    0.421732    0.908509
     14150    0.924187    0.862638    0.640761    0.743992
     14200    0.788197    0.499185    0.698905    0.710532
     14250     1.01785    0.764131    0.977439    0.729896
     14300     0.78707    0.664689    0.680185    0.578356
     14350    0.948435    0.642928     0.93959    0.709137
     14400     1.00618     0.48116    0.984189    0.908104
     14450     1.00167    0.635935    0.969845    0.813441
     14500     0.83046    0.446614    0.749775     0.78594
     14550    0.931616    0.813716    0.672387    0.788402
     14600    0.739938    0.650882    0.395902    0.717376
     14650    0.920554    0.729941    0.803057    0.719113
     14700    0.965477     0.35349    0.913688    0.951059
     14750     0.98554    0.932961    0.507797    0.902387
     14800     1.05438     1.01422    0.998472    0.444813
     14850    0.841579    0.768059    0.601981    0.681331
     14900    0.819624    0.723256    0.783803    0.454004
     14950    0.826516    0.773754    0.796375    0.365169
     15000    0.669176    0.504279     0.64381     0.47624
     15050    0.726839    0.405811    0.662668    0.672889
     15100    0.833277    0.792975    0.766097    0.415917
     15150    0.769303    0.551453    0.643229    0.682503
     15200    0.897413    0.782516    0.543831    0.838222
     15250    0.760023      0.7091    0.612227    0.526902
     15300    0.992873    0.789023     0.64267    0.967478
     15350    0.970006    0.487337    0.911291    0.902149
     15400     1.01407    0.407133    0.950046    0.994155
     15450    0.907326    0.772969    0.882759     0.51936
     15500    0.886172    0.813746      0.7188    0.625895
     15550    0.775852    0.602684    0.665779    0.630399
     15600    0.884044    0.850679    0.348312    0.847404
     15650    0.963778    0.728256    0.844936    0.783238
     15700    0.940354     0.55125    0.889038    0.821137
     15750    0.933005    0.525101    0.918442    0.788499
     15800     1.01948     1.00465    0.785578    0.672472
     15850    0.961238    0.905796    0.356481      0.9489
     15900     0.97124    0.844386    0.960034    0.501959
     15950    0.945705    0.864573    0.394976    0.940864
     16000    0.917639    0.300946    0.892596    0.892651
     16050     1.01769    0.524934    0.923209    0.971358
     16100    0.929558    0.907183    0.278654    0.909685
     16150    0.864229    0.787471    0.556005    0.751354
     16200     0.86857    0.850812    0.765529    0.445995
     16250    0.960506    0.896433     0.53814    0.867155
     16300    0.936944    0.561194    0.870985     0.82594
     16350    0.829776    0.634055    0.631858    0.758805
     16400    0.902795    0.675569    0.672321    0.849511
     16450    0.841042    0.792575    0.340596    0.818853
     16500      0.8087    0.758309    0.456412    0.724325
     16550    0.722584    0.553225    0.517197    0.686079
     16600    0.930651    0.424785    0.853933    0.906961
     16650    0.893703    0.851695    0.422449    0.832805
     16700     0.85353    0.436153    0.830595    0.759544
     16750    0.919456    0.596373    0.878812    0.750219
     16800    0.755241    0.615066    0.466225    0.738313
     16850     0.92811    0.688412     0.72916    0.846871
     16900    0.917802     0.86696       0.849    0.460758
     16950    0.911469    0.532357    0.781985    0.875583
     17000    0.861808    0.822161    0.293951    0.850336
     17050     1.01309    0.476179    0.908995    0.999834
     17100    0.998825    0.816882    0.986663    0.595399
     17150    0.966987    0.602814    0.830715    0.903689
     17200    0.986771    0.553375    0.968064    0.839084
     17250     1.05207     1.04881    0.169486     1.04163
     17300    0.770938    0.675363    0.462503    0.720184
     17350    0.750063    0.583983    0.688984    0.556287
     17400    0.663339    0.640607    0.515433     0.45165
     17450    0.902326     0.84901    0.876344    0.373615
     17500    0.896614    0.700336    0.849391    0.629203
     17550    0.956799    0.944342    0.583555    0.773699
     17600    0.834338    0.818323     0.52388     0.66943
     17650    0.799664     0.68666     0.74015    0.509509
     17700    0.765882    0.565072    0.608669    0.695246
     17750    0.667575    0.612094    0.588211     0.41311
     17800    0.860585    0.823647    0.800034    0.403438
     17850    0.944494    0.935713    0.793694    0.527852
     17900    0.914365    0.805438    0.448657      0.9067
     17950    0.912605    0.551196     0.82056    0.829796
     18000    0.719305    0.601879    0.577105    0.582657
     18050    0.858936     0.82047    0.845044    0.297103
     18100     0.91905    0.840028    0.907401    0.400351
     18150    0.898313    0.768976    0.550052    0.848559
     18200    0.884689     0.80267    0.584089    0.761518
     18250    0.854247    0.785179    0.439497    0.806109
     18300    0.822226    0.747743    0.573829    0.680964
     18350    0.797262    0.768029    0.514461    0.645535
     18400    0.836264     0.77406    0.658944      0.6044
     18450    0.860495    0.792046    0.778969    0.496762
     18500    0.992661     0.61011    0.798363    0.980374
     18550    0.905428    0.869797    0.512363    0.787741
     18600    0.896744    0.720241    0.799745    0.670791
     18650    0.902021    0.868671    0.616356    0.701997
     18700    0.771792    0.664096     0.70731    0.500014
     18750     1.01969    0.936569     1.01099    0.424597
     18800     1.02969     0.68095     1.02533    0.778166
     18850     1.03654    0.437204    0.950912     1.02638
     18900    0.905684    0.790498    0.871253    0.506515
     18950    0.913395    0.872997    0.629981     0.71385
     19000     1.02889    0.168924     1.02059     1.02327
     19050    0.993597    0.602616    0.953274    0.838207
     19100      0.9092    0.870895    0.742859    0.585654
     19150     0.90382    0.353492     0.86139    0.875688
     19200    0.778321    0.718672    0.422047    0.718994
     19250    0.733414    0.388595    0.704241    0.654852
     19300     0.83421      0.6549    0.544921    0.816077
     19350    0.946975    0.803735    0.604211    0.884568
     19400    0.896394    0.721608    0.729382    0.744533
     19450    0.830758     0.71137    0.521248    0.776255
     19500     1.01956    0.994318    0.808186    0.661185
     19550    0.782129     0.39234    0.725279    0.737218
     19600     0.66214    0.518891    0.620122    0.472293
     19650    0.802832    0.554023    0.775337    0.617243
     19700    0.921206    0.805854    0.884053    0.516036
     19750    0.972771    0.912868    0.961714    0.366532
     19800     1.00552    0.952725    0.577556    0.883675
     19850    0.964496    0.587645    0.813121    0.924129
     19900     0.78571    0.526485    0.745208     0.63416
     19950    0.999823    0.733024    0.988829    0.695835
     20000    0.953334    0.893764     0.93704    0.375279
     20050     1.03304     1.02796    0.683637    0.781205
     20100    0.975844    0.757245    0.896591    0.726119
     20150    0.889174    0.866291    0.867542    0.279595
     20200    0.692974     0.58833     0.49031    0.611467
     20250    0.875573    0.850141    0.443214    0.783631
     20300    0.876603    0.447008    0.858403    0.774721
     20350    0.936165    0.758552    0.898694    0.608077
     20400    0.793017    0.603006    0.533095     0.78099
     20450    0.812796    0.437539    0.776911    0.725425
     20500    0.621888     0.44595    0.572202    0.497194
     20550    0.850865    0.592735    0.747653    0.733228
     20600    0.864865    0.822192    0.518225    0.742581
     20650    0.713581    0.450483    0.695803    0.575603
     20700    0.773207    0.611328    0.665213    0.616011
     20750    0.794374    0.713984    0.603099    0.623345
     20800     0.90712    0.266682    0.885382     0.88922
     20850    0.825311    0.698114    0.812442     0.46352
     20900    0.946267    0.888338    0.932485    0.363552
     20950     1.00249    0.966887    0.297765      0.9932
     21000    0.919837    0.779621     0.79248    0.675551
     21050    0.907699    0.395096    0.885737    0.840955
     21100      1.0292    0.923536    0.978036    0.555907
     21150    0.847547    0.636009    0.638153    0.790521
     21200    0.845609    0.631167    0.702525    0.733618
     21250    0.990623    0.962445     0.98605    0.253123
     21300    0.936885    0.553466    0.932355     0.76151
     21350    0.923975    0.345242      0.8857    0.896552
     21400    0.829325    0.790469     0.42768     0.75353
     21450    0.929844    0.916528    0.232718    0.913804
     21500     1.02077    0.849925    0.863104    0.785259
     21550     1.04915     1.04532    0.206444     1.03252
     21600     1.00784    0.675315    0.826515    0.944628
     21650    0.972514    0.199766    0.965124    0.959268
     21700    0.814267    0.514186    0.760048    0.695702
     21750    0.855964    0.839262    0.416756    0.766357
     21800     1.00118    0.798646    0.981349     0.63549
     21850      0.9807     0.97113    0.825051    0.547486
     21900    0.690449    0.557778    0.503214    0.623777
     21950    0.577925    0.441601    0.554579    0.406725
     22000    0.911931    0.776749    0.705186    0.750074
     22050     1.01195    0.439249    0.995717    0.929352
     22100    0.874614    0.379785    0.809557    0.854564
     22150     1.01664    0.939134    0.900366    0.611939
     22200     1.00838    0.934682    0.978638    0.449769
     22250    0.980154    0.935841    0.672468     0.77032
     22300    0.973827    0.726004    0.831103    0.823933
     22350    0.656836    0.548588    0.575677    0.480118
     22400     1.00152     0.65422    0.927202    0.847569
     22450     1.02676    0.363079     1.01624    0.971548
     22500    0.948217    0.790931    0.664324     0.85518
     22550    0.665693    0.560485    0.603267    0.456311
     22600    0.842011    0.822037    0.635575    0.581606
     22650    0.984918    0.833185    0.959056    0.571089
     22700    0.810145    0.614134    0.566386    0.784039
     22750    0.775259     0.57981    0.664515    0.651378
     22800    0.797885    0.731509     0.76686    0.387379
     22850    0.899206    0.840332     0.80277    0.516281
     22900    0.947277    0.687479     0.93629    0.667383
     22950    0.978556    0.816366    0.968093    0.558111
     23000    0.770901    0.739371    0.558152     0.57478
     23050    0.871228    0.648004    0.667752    0.807635
     23100    0.974346    0.929049    0.463224    0.906086
     23150    0.652978    0.513263    0.460804    0.613988
     23200    0.751929    0.660916    0.703601    0.446015
     23250    0.748467    0.617802    0.735048    0.445457
     23300    0.764568    0.615403    0.730681    0.506472
     23350    0.843223    0.455426    0.817135    0.739545
     23400    0.801311    0.616196    0.701184    0.642529
     23450    0.874415    0.600866    0.652606    0.861551
     23500    0.660826    0.562967    0.614304    0.423178
     23550    0.888162    0.855372    0.655975    0.644748
     23600    0.836539    0.524699    0.754031    0.745468
     23650     0.88633    0.812415    0.839959    0.453445
     23700    0.931506    0.680142    0.867364    0.721451
     23750    0.940472    0.774194    0.546808     0.93306
     23800     0.98265    0.431752    0.957774    0.909649
     23850    0.994966     0.25804    0.978219    0.977965
     23900     1.02922    0.982764     1.02283    0.326487
     23950     1.00587    0.721042    0.932145    0.796725
     24000    0.926405    0.665707    0.695323    0.888715
     24050    0.975091     0.62756    0.968333    0.755054
     24100     1.01188    0.831094     1.00593    0.587539
     24150     1.04387    0.783267     1.03673     0.70073
     24200     1.02593    0.913987    0.952108    0.602651
     24250    0.979797    0.901902    0.775031    0.711268
     24300     1.01165    0.996635    0.732736    0.718822
     24350     1.02285    0.472336    0.913631     1.01716
     24400    0.981916    0.516273    0.841746    0.976342
     24450    0.730151    0.673442    0.628763    0.466232
     24500    0.827134    0.676653    0.721722    0.624146
     24550    0.840911    0.795501    0.436891    0.768484
     24600    0.917897    0.250107    0.908929    0.892392
     24650    0.984861    0.924798    0.840238    0.615346
     24700    0.812458    0.747846    0.766157    0.417022
     24750    0.937381    0.861723    0.930359    0.386308
     24800    0.979676    0.946637    0.731099    0.699217
     24850    0.959599    0.803654    0.629522    0.894151
     24900     1.03229    0.608459    0.989017    0.884797
     24950     1.01367     1.00728    0.260079    0.986302
     25000    0.985505    0.704633    0.712111    0.968933
     25050    0.803295    0.512939     0.62638    0.796937
     25100    0.982237    0.964574    0.933897    0.356391
     25150    0.859934     0.39051    0.857875    0.768456
     25200    0.816293    0.796737    0.541289    0.636305
     25250    0.977876    0.471233    0.894673     0.94339
     25300    0.875545    0.784298     0.78201    0.553618
     25350    0.965923    0.602996    0.847778    0.885257
     25400    0.854019    0.425013    0.754176    0.842187
     25450     0.99208    0.389586     0.93744    0.968439
     25500    0.983449    0.293483    0.976881    0.945471
     25550     0.91535    0.735426    0.811985     0.68961
     25600     1.00647    0.626609    0.882172    0.924712
     25650    0.988434    0.939027    0.508882    0.901815
     25700     1.01182    0.339755    0.972275    0.993377
     25750    0.810272    0.523883    0.767925    0.670013
     25800    0.857708    0.792168    0.628365     0.67004
     25850    0.835209    0.385262    0.784378    0.794654
     25900    0.967901    0.481974    0.875679    0.935176
     25950     0.96289    0.901832     0.84205    0.576164
     26000     1.02107     0.35651    0.970756     1.00782
     26050    0.916503    0.736025     0.65025    0.845812
     26100    0.772804    0.550766    0.615829    0.715447
     26150    0.998781    0.967419    0.358258     0.96482
     26200    0.876355    0.790726    0.548292    0.781105
     26250     1.05683    0.593573     1.02425    0.912336
     26300     1.04593    0.468438    0.977322     1.00666
     26350     1.03605    0.992861    0.974983    0.458719
     26400     0.99586    0.776786    0.636098    0.987651
     26450    0.963465    0.383364    0.953843    0.894286
     26500    0.995147    0.977852    0.893882     0.47478
     26550    0.858755    0.414649    0.781892    0.831644
     26600    0.884818    0.414957    0.788296    0.878753
     26650    0.662441    0.500938    0.613394    0.500464
     26700     0.87202    0.709902     0.61281    0.800838
     26750    0.906488    0.843491      0.8635    0.431661
     26800    0.963199    0.700821    0.709808    0.927647
     26850     1.01864    0.218786    0.997155     1.01639
     26900    0.900807     0.73836    0.759511    0.707726
     26950    0.972077    0.953348    0.724015    0.675868
     27000    0.834719    0.741837    0.508811    0.764396
     27050    0.683383    0.554565    0.422251    0.669466
     27100    0.838749    0.818517    0.316828    0.797905
     27150    0.777638    0.586048    0.630774    0.684188
     27200     0.97211      0.9522    0.742885    0.656835
     27250    0.946936    0.726343    0.635178    0.928628
     27300    0.947241    0.904115    0.781098      0.6058
     27350    0.893581    0.732737    0.876511    0.540184
     27400    0.847194    0.796996    0.331365    0.830946
     27450    0.778066    0.699649    0.466873    0.709433
     27500     0.74209    0.403159    0.648499    0.719935
     27550    0.900282    0.735581    0.688201    0.778662
     27600    0.747066    0.593813    0.621364    0.614417
     27650    0.962188    0.889418    0.916687     0.46929
     27700     0.90842    0.714864    0.896618    0.579223
     27750    0.853998    0.424218    0.762102    0.835383
     27800    0.869068    0.843342    0.331604    0.830283
     27850    0.687144    0.594026    0.605852     0.47372
     27900    0.818246    0.730268     0.43088    0.787468
     27950    0.657551    0.496585    0.637796    0.459745
     28000    0.839492    0.581763     0.75888    0.703666
     28050    0.859344    0.810161    0.633977    0.647037
     28100    0.946899    0.891881    0.650106    0.758383
     28150    0.901335    0.860209    0.729723    0.593594
     28200    0.852792    0.375138    0.809547    0.811426
     28250    0.758279    0.626642    0.479867    0.725963
     28300    0.737602    0.677469    0.631012    0.480598
     28350    0.957834    0.633839    0.907047    0.781286
     28400    0.914465    0.422536    0.898775    0.828349
     28450    0.877908    0.819772    0.577306    0.732214
     28500    0.949608    0.554926    0.821474    0.905951
     28550    0.935774    0.904285    0.567001    0.782384
     28600    0.842285    0.617441    0.681606    0.757012
     28650    0.930488    0.651489    0.833862    0.782209
     28700    0.929036    0.677618    0.881587    0.699895
     28750    0.979842    0.846181    0.923603    0.592549
     28800    0.899263    0.832398    0.546744    0.790906
     28850    0.860096    0.743604     0.83732    0.474843
     28900      1.0003    0.815952    0.818355    0.815922
     28950     1.05448    0.873676     0.59424     1.05234
     29000    0.997887    0.791672    0.952772    0.676045
     29050     0.90429    0.656615    0.769122    0.782808
     29100    0.849075    0.426337    0.819991     0.76662
     29150    0.931814    0.868196    0.599565    0.789501
     29200     0.75371    0.705992    0.551698    0.577376
     29250     1.05876     1.05578    0.504048    0.934451
     29300     1.01883    0.909655    0.505283    0.996616
     29350    0.993509    0.864894     0.98517    0.505491
     29400     1.00884    0.969472    0.859129    0.597951
     29450     1.02835    0.992032    0.807278    0.692228
     29500    0.870485    0.702809    0.600852    0.812727
     29550     1.01197    0.547953    0.940161    0.929521
     29600    0.901044    0.630705    0.763358    0.802032
     29650     1.00238    0.278447    0.974833    0.990805
     29700    0.973221    0.561375    0.818066    0.953911
     29750    0.975875    0.959812    0.724702    0.676929
     29800    0.926915    0.753954    0.705453    0.807609
     29850    0.921996    0.907975    0.794598    0.494315
     29900    0.981195    0.964461     0.41498    0.907246
     29950    0.794721    0.739329    0.757317    0.378191
     30000    0.890157    0.866613    0.761044    0.504533
     30050     0.92646    0.776779    0.808151    0.678353
     30100    0.910434    0.892976    0.856187    0.356819
     30150    0.776489    0.728193    0.725464    0.386403
     30200     0.78096    0.728783    0.394588    0.730049
     30250    0.922879    0.880421    0.713783    0.647137
     30300     0.93589    0.886262    0.556816    0.810109
     30350    0.661833    0.518466    0.463515    0.626413
     30400    0.928711    0.811384    0.894726    0.515877
     30450    0.768583     0.65159    0.577799    0.650398
     30500    0.937464    0.733503    0.917062    0.615342
     30550    0.926611     0.28998    0.895284    0.911918
     30600    0.916446    0.597463     0.71876    0.897869
     30650    0.960971    0.601371    0.806633    0.913579
     30700    0.891964    0.430426    0.829719    0.847054
     30750    0.732266    0.630708    0.701776    0.426786
     30800    0.721191    0.621041    0.676312    0.444006
     30850    0.764003      0.5742    0.586309    0.702806
     30900     1.01792     1.00961    0.904621    0.484421
     30950    0.674682    0.548471    0.480473    0.615401
     31000    0.852141    0.766161    0.745877    0.555834
     31050    0.874146    0.865565    0.765948    0.438615
     31100    0.937852    0.762481    0.910848     0.59001
     31150     1.00964    0.983672    0.689155    0.772138
     31200     1.06412    0.972952    0.458913     1.05235
     31250    0.986917    0.607307    0.855564    0.920434
     31300    0.874299    0.513397      0.7588    0.830327
     31350    0.811607    0.622558    0.536778    0.801062
     31400    0.898652    0.812526    0.572534    0.791933
     31450    0.946009    0.407689    0.908856    0.893105
     31500     1.01429    0.942077    0.958848    0.500689
     31550     0.96614    0.711714    0.948601    0.678582
     31600    0.993486    0.319742    0.975784    0.958978
     31650    0.785565     0.70802    0.723146     0.45825
     31700    0.988648    0.909292    0.449072    0.962483
     31750    0.913547    0.834095    0.906605    0.389214
     31800     1.01025    0.284896    0.989681    0.990249
     31850     1.04431    0.200951     1.04156      1.0276
     31900    0.940901    0.935641    0.887373    0.328231
     31950    0.927019    0.714879    0.726356    0.824672
     32000    0.736208     0.58792    0.705688    0.490265
     32050    0.760785    0.553432    0.733107    0.560228
     32100    0.846824    0.788437    0.827464     0.35762
     32150     1.01888    0.714503    0.869944    0.899387
     32200     1.03711    0.987813    0.402682     1.00661
     32250    0.820362    0.480758    0.743357    0.749852
     32300    0.907538    0.473411    0.820305     0.86616
     32350    0.900396    0.626679    0.813213    0.753249
     32400    0.659806    0.584117    0.555653    0.469836
     32450    0.933348    0.508011    0.903515    0.817228
     32500    0.711773    0.558783    0.610351    0.573128
     32550    0.897055     0.58897    0.856248    0.727577
     32600    0.779209    0.768782    0.509722    0.602902
     32650    0.958949     0.91511    0.405726    0.914946
     32700     1.02955     0.95984    0.827535    0.716836
     32750     0.97039    0.744546    0.926433    0.686068
     32800    0.914306    0.834682    0.759982    0.630593
     32850    0.815781    0.621648    0.603012    0.762185
     32900    0.694973    0.573181    0.581076    0.547531
     32950    0.803491    0.603515    0.761434    0.589223
     33000    0.824126    0.622657    0.695351    0.697962
     33050    0.986992    0.959061    0.842785    0.564112
     33100     0.87969    0.784776     0.66234    0.702239
     33150     1.01211    0.936862     0.98172    0.455243
     33200    0.982735    0.971638    0.889761    0.442474
     33250    0.761662    0.553351    0.719458    0.580035
     33300     0.77475    0.718988    0.610708    0.557286
     33350    0.894709    0.874089    0.607342    0.684189
     33400    0.857272    0.850835    0.699028     0.50722
     33450    0.980549    0.892357    0.541102    0.913159
     33500    0.717901    0.582307    0.627573    0.545742
     33550    0.624238    0.533331    0.524702    0.468607
     33600    0.865531    0.403433    0.831002    0.803097
     33650    0.937499    0.493608    0.899026    0.840185
     33700     1.01418    0.455857    0.956392    0.966758
     33750    0.987466    0.976818     0.29871    0.952247
     33800     1.05337     0.90626    0.787581    0.881807
     33850    0.972195    0.908209    0.649491    0.802275
     33900     1.03528    0.847472     1.00265    0.648134
     33950     1.03002     1.02361    0.981201    0.333685
     34000    0.964957    0.889736    0.529356    0.889065
     34050    0.982666    0.926789    0.865079     0.56918
     34100    0.979992    0.275232    0.955885    0.965038
     34150    0.923979    0.703656    0.883882    0.656577
     34200    0.959622    0.913368     0.93293    0.370336
     34250    0.975545    0.606385    0.910842    0.840261
     34300    0.706098    0.684231    0.455432    0.567061
     34350     0.84018    0.329923    0.817197    0.796959
     34400    0.692009    0.564402    0.437489    0.669183
     34450    0.716321     0.45303    0.585594    0.691429
     34500    0.796278    0.729637    0.444531    0.733579
     34550    0.903865    0.831969    0.558546    0.793598
     34600    0.781515    0.742386    0.549183    0.607283
     34650    0.853321    0.415413    0.765037    0.835741
     34700      1.0007    0.958804    0.944032    0.438534
     34750    0.847971    0.369936    0.802007    0.811198
     34800    0.880909    0.812912    0.856052    0.397932
     34850    0.949226    0.564356    0.923015    0.794738
     34900    0.840762    0.731102    0.468096     0.81249
     34950    0.943571    0.292171    0.926615    0.914698
     35000    0.848304    0.758851    0.440039    0.818383
     35050    0.859352    0.852479    0.596452    0.628089
     35100    0.965624    0.958795    0.748984    0.620158
     35150    0.714678    0.609762    0.458439    0.662988
     35200    0.934177    0.801671    0.828391    0.645341
     35250    0.830285     0.55678    0.784302    0.673507
     35300    0.875306    0.689531    0.623095    0.817693
     35350    0.985496    0.844321    0.964143    0.547681
     35400     1.00686    0.890472    0.753064    0.817002
     35450    0.861398    0.468319    0.800607     0.78976
     35500    0.947335    0.939675    0.453331    0.840471
     35550    0.772211    0.633074    0.628827    0.629615
     35600    0.782611    0.734038    0.387991    0.731856
     35650    0.851757     0.67867    0.546995    0.831375
     35700    0.755624     0.67268     0.59178    0.582438
     35750    0.828028    0.711643    0.536981     0.75926
     35800     1.00321     0.69601    0.902778    0.844652
     35850    0.950207    0.727978     0.70222    0.884715
     35900    0.790272    0.637242    0.617482    0.679484
     35950    0.793695    0.717293    0.713136    0.486653
     36000    0.971369    0.816291    0.893106    0.650495
     36050     1.00572     0.35797    0.992924    0.953368
     36100      1.0742    0.967849    0.889866    0.761066
     36150    0.657903    0.498909    0.607967    0.497131
     36200    0.851714    0.785392    0.587827    0.698893
     36250    0.593069    0.529443     0.51702     0.39477
     36300    0.795211    0.538006    0.701467    0.695137
     36350     0.74846    0.510634    0.661549    0.649608
     36400    0.794117    0.675004    0.729916    0.522336
     36450    0.951601    0.872236    0.591967     0.83658
     36500    0.948981    0.922899    0.886975    0.403314
     36550     1.05531     1.04853    0.214136     1.04023
     36600     1.00872    0.935515    0.457544    0.974931
     36650    0.933519    0.805988    0.801407      0.6716
     36700    0.896172    0.804481    0.526036    0.826041
     36750    0.825331    0.413595    0.766943    0.776581
     36800    0.850522     0.48738    0.813826    0.739542
     36850    0.709318    0.665343    0.467502    0.587388
     36900    0.706455    0.643486    0.482226    0.592909
     36950    0.829501    0.516364    0.668212    0.814251
     37000    0.820614    0.661061    0.805541    0.510802
     37050    0.733192    0.413607    0.701525     0.64182
     37100    0.922944     0.69592     0.85546    0.698238
     37150    0.968527    0.956218    0.949169    0.246611
     37200     0.99343    0.954153    0.844727    0.591468
     37250     1.03627    0.906685     1.03097    0.512577
     37300    0.957099    0.945789    0.657087    0.711195
     37350    0.983361    0.971233    0.810306     0.57802
     37400    0.974531    0.951229    0.767222    0.637146
     37450    0.911458    0.672897    0.677933    0.865523
     37500    0.834504    0.816777    0.640092    0.562095
     37550     0.93979    0.910037    0.886694    0.389894
     37600     0.83843    0.720584    0.786135    0.518342
     37650    0.762013    0.511299    0.630224    0.709027
     37700    0.722462    0.562152    0.651974     0.55029
     37750     0.92535    0.777926    0.609377    0.857927
     37800    0.938726    0.611908    0.872578    0.791573
     37850    0.806096    0.658118    0.624349    0.690398
     37900    0.755887    0.688396    0.685176    0.446515
     37950    0.839507    0.778582    0.799232    0.405686
     38000    0.660834    0.540216     0.56122    0.516334
     38050    0.932865    0.709247    0.827614    0.743302
     38100    0.880553    0.625522    0.863282    0.643593
     38150    0.902079    0.617691    0.747124    0.829311
     38200    0.852245    0.837599    0.753604    0.427964
     38250    0.781161    0.702546     0.59312    0.612424
     38300    0.615031    0.433815    0.476304    0.584349
     38350    0.863223    0.495761    0.718031    0.853793
     38400    0.806158    0.622061    0.725453    0.621724
     38450    0.887451    0.871431    0.740539    0.517056
     38500    0.940629    0.335184    0.903132    0.917371
     38550    0.620361    0.538847    0.533691    0.441037
     38600     0.92761    0.913848    0.614114     0.71321
     38650    0.977672    0.512265    0.848969    0.963599
     38700     0.89779    0.587339    0.863102    0.722593
     38750    0.929605    0.686665    0.735181    0.846363
     38800    0.986214    0.962295    0.543065    0.851062
     38850    0.916344    0.595508    0.714369    0.902451
     38900    0.713907    0.534037    0.636178    0.573942
     38950    0.857851    0.758199    0.729334    0.604171
     39000     0.91485    0.362088    0.870671    0.885849
     39050     0.88267    0.764749    0.669831     0.72436
     39100    0.733072     0.65595     0.58826    0.546323
     39150    0.976686    0.929484    0.951125    0.373163
     39200    0.677821     0.58673    0.597096    0.467019
     39250    0.935526    0.915389    0.913402    0.279604
     39300    0.906871    0.703782    0.754702    0.761542
     39350     1.01866    0.478248    0.919231     1.00082
     39400    0.757234    0.634939    0.474203    0.720271
     39450    0.774763    0.607749    0.735192    0.539118
     39500    0.692527    0.511411    0.566708    0.613586
     39550    0.892773    0.868367     0.44184    0.802995
     39600    0.823194    0.762211    0.419166    0.773712
     39650     1.04087    0.978911    0.506898    0.975503
     39700    0.965007    0.960071    0.369412    0.896814
     39750    0.827219    0.666544    0.782758    0.558204
     39800    0.940777    0.758695    0.623645    0.897537
     39850     1.00547    0.687583    0.860697    0.899093
     39900    0.948835    0.778844    0.923647    0.583826
     39950     1.01831    0.796652    0.965691    0.711818
     40000    0.920618    0.736737    0.699582    0.814174
     40050    0.969883     0.78927    0.572378     0.96477
     40100    0.951335    0.644477    0.827844     0.84226
     40150    0.828764    0.768872    0.785577      0.4067
     40200    0.762218    0.645174    0.633245    0.587116
     40250    0.906603    0.664554    0.634578    0.894168
     40300    0.746894     0.68389    0.709922    0.379481
     40350    0.877305    0.827258    0.855235    0.351488
     40400    0.752707     0.64755    0.583143    0.611359
     40450    0.723893    0.538484    0.554089    0.671611
     40500    0.838629    0.779597    0.409724    0.794325
     40550    0.945484    0.285493    0.914302    0.932966
     40600    0.987106    0.960292    0.876672    0.507979
     40650     1.02458    0.661064    0.789808     1.01917
     40700     1.00222    0.689966    0.884144    0.866668
     40750     1.00097    0.886383    0.574201    0.942598
     40800     1.02373      1.0099    0.974031    0.356917
     40850     0.91083     0.80523    0.603536    0.804097
     40900    0.833992    0.732764    0.649674    0.657318
     40950     0.80151    0.726664    0.731992    0.470088
     41000    0.701497    0.598149    0.616926    0.495799
     41050    0.991354    0.983781    0.488598    0.871212
     41100     1.01504    0.987217    0.943417    0.442676
     41150     1.01488     1.00685    0.614033    0.818033
     41200    0.990622    0.804456       0.955    0.635208
     41250    0.911675    0.474731    0.880944     0.81294
     41300     0.95635    0.753926    0.926392     0.63451
     41350    0.911979    0.876045    0.516931     0.79293
     41400    0.879171    0.830506    0.825194    0.418567
     41450    0.936432    0.445457    0.900705    0.862617
     41500    0.742604    0.661499    0.564571    0.588729
     41550     0.82396    0.660127    0.525194     0.80388
     41600    0.820336    0.418274     0.71325    0.813771
     41650    0.962513    0.501983    0.933013    0.854612
     41700    0.940726    0.675547    0.916232     0.68854
     41750    0.950968    0.909077    0.926271    0.352537
     41800    0.648666    0.585315    0.523262    0.474487
     41850    0.846773    0.816661     0.81372    0.323997
     41900    0.776226    0.756136    0.701258    0.376232
     41950    0.686344    0.478727    0.499348    0.680887
     42000     1.02719      1.0106    0.559398    0.880896
     42050    0.868107    0.807322    0.437381    0.814952
     42100    0.791134    0.697178    0.764657    0.425472
     42150    0.966435    0.502464    0.849058    0.945845
     42200    0.836653    0.419958    0.767942    0.796163
     42250    0.894324     0.85319    0.480887    0.800277
     42300    0.888544    0.777284    0.818878    0.551623
     42350    0.861932    0.413526    0.846152    0.773872
     42400    0.937637    0.884468    0.394279    0.905862
     42450    0.768202    0.430723    0.670136     0.73869
     42500    0.801807    0.321081    0.773049    0.764912
     42550    0.821631    0.607338    0.791033     0.59629
     42600    0.870949    0.862391    0.484641    0.733831
     42650    0.937679    0.890062    0.367156     0.91185
     42700    0.839216    0.551974    0.682139     0.79911
     42750    0.979964    0.898192    0.810643    0.675847
     42800    0.990269    0.943929    0.543701    0.880145
     42850    0.891083      0.8416    0.352833    0.869067
     42900    0.901091    0.798897    0.560077    0.819761
     42950    0.980878    0.975906    0.232463    0.958025
     43000    0.759894     0.42173    0.721357    0.675769
     43050    0.786727    0.733635    0.701263    0.455949
     43100    0.919378    0.857085    0.633291    0.744888
     43150     0.83846    0.621978    0.721848     0.70577
     43200    0.793628    0.700934    0.520218    0.705518
     43250    0.685443    0.507394    0.668016    0.485766
     43300      1.0645     1.03924    0.363694     1.02665
     43350    0.946123    0.636765    0.803475    0.859801
     43400    0.920567    0.775633    0.769902    0.707481
     43450     0.94119    0.774327    0.865531    0.650347
     43500    0.759006    0.633643    0.649164    0.573815
     43550     0.77309    0.651714    0.651008    0.588891
     43600    0.758272    0.663913    0.513661    0.667326
     43650    0.795554    0.365877    0.776152    0.727691
     43700    0.851027    0.347495    0.801635    0.827722
     43750    0.864345    0.802063    0.375889    0.842369
     43800    0.869642    0.837111    0.639732    0.634463
     43850    0.793286    0.722472    0.765953    0.387241
     43900    0.918716    0.319967    0.882869     0.89791
     43950    0.938003     0.81085    0.811624     0.66595
     44000    0.801775    0.601274     0.55962    0.781653
     44050    0.970527    0.409898    0.891255    0.959946
     44100    0.647134    0.518978    0.507044    0.557795
     44150    0.639604    0.501941    0.514447    0.549168
     44200    0.897607    0.842367    0.873607    0.372328
     44250    0.837437    0.455064    0.824875    0.717703
     44300    0.731431     0.44913    0.669902    0.647684
     44350     0.89799    0.853858    0.647576    0.681429
     44400    0.810236     0.52579    0.736242    0.703176
     44450     1.02516     0.74383    0.985638    0.759688
     44500    0.719599    0.671538    0.601669    0.471886
     44550    0.841595    0.759064    0.830005      0.3892
     44600    0.924245    0.911531    0.796114    0.493732
     44650    0.648917    0.521296    0.435087    0.617363
     44700    0.736216     0.68569    0.338316    0.706683
     44750    0.766718    0.661255    0.716509    0.474414
     44800    0.862084    0.476476    0.760427    0.825286
     44850    0.794041    0.725415    0.481079    0.709464
     44900    0.713653    0.558307     0.68545    0.486881
     44950    0.783351    0.747541     0.41609    0.703797
     45000    0.778586    0.720859    0.565216     0.61097
     45050    0.666992     0.62749    0.496992    0.499011
     45100    0.874785    0.662683    0.802646    0.668661
     45150    0.867333    0.776192    0.699131    0.642866
     45200    0.968335    0.926844    0.795833    0.618833
     45250    0.851829    0.475568    0.799477    0.765441
     45300     1.00046    0.719016     0.85159    0.871589
     45350    0.937951    0.707027    0.653321    0.912573
     45400     1.02078    0.717919     1.01489    0.733879
     45450    0.674156      0.6125    0.518577    0.514678
     45500    0.912861    0.516528    0.799116    0.872493
     45550    0.795893    0.541094    0.741918    0.650896
     45600    0.693654    0.553534    0.577947    0.567354
     45650    0.878606    0.519876    0.766673    0.828153
     45700    0.951646    0.623052    0.799552    0.885315
     45750    0.933511    0.890481     0.31782    0.921369
     45800    0.998111    0.975723    0.360404    0.954215
     45850     1.05383     1.04382    0.282822     1.02546
     45900     0.76579    0.649527     0.75731    0.421267
     45950    0.840922     0.73051    0.647791    0.678987
     46000    0.729491    0.567833    0.584975    0.632205
     46050    0.876942     0.80366     0.64933    0.685972
     46100    0.883283    0.837865    0.415985    0.827838
     46150     0.88803    0.784858    0.853866    0.481774
     46200     1.03498     1.02611    0.932534    0.468863
     46250    0.915278    0.910074    0.873037    0.291616
     46300    0.847223    0.776922    0.762003    0.501317
     46350    0.765858    0.729468    0.618065    0.508871
     46400     0.97844    0.705344    0.901795    0.777138
     46450    0.844924       0.748    0.554944     0.74855
     46500    0.897938    0.868065    0.722007    0.581167
     46550    0.963392    0.665984     0.91766    0.755391
     46600    0.883749    0.647148    0.842849    0.657897
     46650    0.803926    0.562331    0.711218    0.685966
     46700     1.02276    0.960895    0.901015    0.597446
     46750    0.727785    0.672424    0.621558     0.46995
     46800    0.962093    0.916979    0.445418     0.90111
     46850    0.975948    0.910327    0.561271    0.872485
     46900    0.901698    0.801742    0.575674     0.80742
     46950     1.03185    0.774337    0.968849    0.768882
     47000    0.967016    0.709397    0.835771    0.817607
     47050    0.819588    0.606256    0.778924    0.607602
     47100     1.02796      1.0001    0.787356    0.702317
     47150     1.04782     1.04399    0.329344    0.998743
     47200    0.716284    0.688474    0.397406    0.627851
     47250      1.0114    0.917596    0.487999    0.982727
