         0    0.926853    0.666987    0.913426    0.662491
        50     1.01631    0.908201    0.883159    0.678937
       100      1.0646    0.954329    0.990423    0.612414
       150    0.881156    0.822072     0.57604    0.738408
       200    0.945953    0.416243    0.897768    0.900226
       250    0.667808    0.597793    0.533767     0.49967
       300    0.789955    0.587321    0.638273    0.704073
       350    0.926931    0.802681    0.486138      0.9153
       400    0.736591    0.619947    0.571456     0.61175
       450    0.944615    0.529641    0.799136    0.930299
       500    0.711859    0.625716    0.465596    0.636542
       550    0.759442    0.598321    0.620198    0.640992
       600    0.974429    0.664104    0.933498     0.76588
       650     0.81785    0.709501    0.767337    0.495538
       700      0.7656    0.620576    0.586346    0.665861
       750    0.988276    0.601308    0.865859    0.917658
       800    0.958807    0.933386    0.350236      0.9191
       850     1.04221     1.03682    0.895206    0.544086
       900    0.971348    0.528428    0.935149    0.856325
       950    0.931536    0.740107    0.885327    0.635575
      1000     1.00186    0.725633    0.992582    0.704038
      1050     1.00721    0.835167    0.589674    0.991821
      1100     1.05959    0.547436     1.05182    0.916217
      1150     1.00279    0.924673    0.722947    0.795918
      1200     1.04736    0.933557    0.833285    0.792498
      1250     1.01511    0.832628    0.604161     1.00131
      1300    0.928883    0.917075    0.408177    0.847356
      1350    0.826365    0.741689    0.783113    0.449877
      1400     1.07259    0.363723     1.02459     1.05774
      1450     1.06183    0.922188    0.945277    0.714828
      1500    0.893038    0.804223    0.811184     0.53874
      1550     1.09236    0.584573     1.06134    0.958306
      1600    0.867088    0.821975    0.805063    0.424161
      1650     1.01294    0.975595     1.00082    0.314097
      1700     1.03902    0.420219     1.02825    0.961903
      1750     0.93904     0.81489     0.77039    0.711368
      1800     1.03253    0.867325    0.807747    0.852952
      1850    0.968809    0.878837    0.442195    0.953569
      1900     1.05585     1.05118    0.927085    0.514943
      1950     1.02474     0.18261      1.0173     1.01583
      2000     0.99945    0.712469    0.792462    0.928544
      2050     1.06743    0.882557    0.690471     1.01152
      2100     1.01211    0.663687    0.908324    0.884995
      2150    0.919664    0.700307    0.880579    0.652468
      2200    0.987327    0.473802    0.950147    0.906841
      2250     1.06577    0.481518      1.0186     1.00116
      2300    0.986658    0.825327    0.947286     0.60702
      2350    0.941114    0.924194     0.84262    0.455245
      2400     1.00784    0.942476    0.888372    0.595001
      2450     1.00542    0.640157    0.982055    0.804675
      2500     1.00529    0.338685    0.958464      0.9939
      2550     1.06506    0.785914    0.894297    0.922655
      2600     1.03998    0.974775    0.845364    0.705885
      2650    0.996119    0.892734    0.976487    0.483742
      2700     1.02252    0.492128    0.924627    0.996989
      2750     1.03223    0.592251    0.866679     1.01445
      2800    0.988686    0.656225    0.865193      0.8808
      2850    0.935577    0.660351    0.841272    0.778978
      2900    0.835358    0.604379    0.675822    0.757388
      2950     1.03761    0.691405    0.858483     0.96863
      3000    0.822343    0.644096    0.617873    0.745567
      3050     0.90617     0.87984    0.841221    0.400646
      3100    0.793618    0.504852     0.61765    0.789488
      3150    0.796019    0.683001    0.764487    0.465147
      3200    0.950402    0.844741    0.939591    0.458379
      3250    0.946865    0.898224    0.724281    0.679499
      3300    0.754674     0.47391    0.691388    0.660649
      3350    0.872728    0.685666    0.707615    0.743269
      3400    0.838214    0.778955    0.472656    0.758307
      3450    0.912792    0.873755    0.795478    0.519756
      3500     1.05168    0.740253      0.8198    0.996004
      3550     1.00724    0.539231    0.984697    0.876738
      3600     1.09153     1.00434     1.00165    0.608988
      3650     1.06359     0.98659    0.528643     1.00481
      3700     1.05347    0.773495    0.749026     1.02969
      3750    0.996995    0.780773    0.674011    0.961302
      3800     1.00895    0.852935     0.57537    0.988635
      3850     1.04054    0.542195      0.9461     0.98811
      3900     1.07762    0.585706    0.970477     1.01864
      3950     1.00527     1.00248    0.993979    0.167819
      4000     1.05814     1.05594    0.556947    0.902275
      4050      1.0675     1.06126    0.553854    0.919826
      4100     1.05864    0.798432     1.02526    0.743501
      4150      1.0408    0.980973    0.990359    0.472666
      4200     1.05484    0.818246     1.00453    0.739455
      4250     1.07396    0.145907     1.06941     1.06858
      4300     1.07964     0.25204     1.07515      1.0544
      4350    0.873285    0.837732    0.559579    0.714374
      4400    0.932454    0.878519    0.795277    0.578517
      4450    0.903189    0.667005    0.694988    0.838806
      4500    0.986977    0.465158    0.923332    0.937728
      4550     1.03883    0.541512    0.982146    0.948939
      4600     1.08156    0.928526    0.730695    0.971333
      4650    0.960645    0.555495    0.906614    0.845669
      4700     1.05116    0.388482     1.04125    0.987289
      4750     1.06505    0.358904     1.05853     1.00963
      4800     1.06719    0.998561    0.396922     1.05977
      4850     1.05584     1.02396     1.03332    0.336688
      4900    0.884638    0.834429    0.706914    0.607594
      4950    0.890526    0.679684     0.64683    0.840067
      5000    0.870772    0.690815    0.834848    0.585057
      5050    0.864458    0.813336    0.448605    0.794867
      5100    0.877237    0.805596    0.478643    0.813024
      5150    0.722763    0.605004    0.571188    0.593707
      5200    0.922633    0.835333    0.810085    0.590324
      5250    0.879883    0.807563    0.506485    0.799814
      5300     1.02961     0.98909    0.441041    0.973333
      5350    0.851852    0.816531    0.770666    0.436639
      5400     1.01034    0.916601    0.926519     0.58564
      5450    0.955193    0.535902    0.939685    0.809066
      5500    0.942544    0.826771    0.913102    0.509384
      5550      1.0141    0.946905    0.476714    0.965885
      5600    0.857296     0.70135     0.51532    0.844076
      5650    0.767926     0.64377    0.444701    0.753143
      5700      1.0321    0.958969     0.45984    0.999692
      5750    0.990659    0.951387    0.905949    0.486756
      5800     1.03129     1.01029    0.823551    0.654347
      5850    0.909754    0.675826    0.663756    0.870628
      5900     0.97532    0.340987    0.934818    0.955166
      5950    0.956257    0.515709    0.920998    0.845376
      6000    0.894807    0.888113     0.56044    0.706061
      6050    0.930344    0.870443    0.849488    0.501774
      6100    0.889856    0.615867    0.709798    0.837008
      6150    0.837751    0.440134    0.776843     0.77875
      6200     0.91592    0.403555    0.846098    0.893914
      6250    0.983221    0.267431    0.968592    0.961122
      6300    0.930571    0.751191    0.706174    0.817896
      6350    0.991149    0.629286    0.964763    0.798739
      6400     1.05439     1.03087    0.842452    0.671589
      6450    0.850936    0.641501    0.730391     0.70936
      6500    0.980388    0.796601    0.875511    0.721963
      6550    0.894453    0.403578    0.846074    0.849338
      6600    0.864456    0.829568    0.461184    0.770514
      6650    0.724328     0.62181    0.696411    0.421506
      6700    0.938727    0.423829    0.890717    0.888487
      6750    0.918642    0.742303    0.886844    0.591863
      6800    0.886534    0.728808    0.874841    0.524765
      6850    0.896082    0.631068    0.823332    0.727877
      6900     0.99909    0.888006    0.542613    0.955709
      6950     0.95831     0.43335    0.872701    0.941976
      7000    0.860359    0.606977    0.676644    0.808805
      7050    0.682643    0.651907    0.498133    0.508807
      7100    0.902514    0.661676    0.810141    0.731383
      7150    0.851531    0.798525    0.691527    0.578238
      7200    0.809163    0.675448    0.704462    0.597489
      7250     1.08792     1.07451     1.08559    0.184529
      7300     1.05678     1.00528     1.03013     0.40225
      7350     1.07415     1.05129     1.02306    0.394632
      7400      1.0744     1.01865    0.381587     1.06086
      7450     1.03226     1.00496     1.02194    0.277158
      7500     1.02981    0.929134    0.453334     1.02578
      7550     1.07953    0.322256     1.05018     1.06021
      7600     1.02747    0.661211     0.98969    0.833494
      7650    0.915206    0.729413    0.828035    0.676402
      7700    0.866775    0.837999    0.666544    0.596718
      7750    0.963685    0.599678    0.809497    0.917866
      7800    0.823322    0.716035    0.711817    0.579938
      7850    0.949392    0.910345     0.31749     0.93443
      7900    0.792954    0.351512    0.780006     0.72497
      7950    0.760773    0.626156    0.580606    0.654506
      8000    0.858841    0.710123    0.745015    0.644899
      8050    0.976027    0.718752    0.711525    0.939354
      8100       1.028    0.766693    0.697022     1.01976
      8150    0.989867    0.519218    0.981009    0.853057
      8200    0.934816    0.395639    0.904133    0.879645
      8250     1.00506    0.842519    0.756402     0.85925
      8300     1.03953    0.651349     1.03429    0.816851
      8350      1.0162    0.997964    0.720382    0.741924
      8400    0.955026    0.697766    0.777778    0.855764
      8450     1.01821    0.635271     0.81482     1.00301
      8500     1.01848    0.712421    0.810797    0.953755
      8550    0.996646    0.709753    0.713247    0.986984
      8600       1.007    0.938947    0.891254    0.593408
      8650     1.10098       1.033    0.389769     1.09786
      8700      1.0028     0.93071    0.955924    0.480832
      8750      0.7904    0.718755     0.47581     0.71166
      8800    0.878605    0.436088    0.796884     0.84776
      8850    0.895657    0.805967    0.866339     0.45197
      8900    0.816274     0.62421    0.574158    0.783141
      8950    0.987032    0.909607    0.548019    0.905955
      9000     0.96477    0.481174    0.939258     0.86477
      9050    0.956625    0.464129    0.906097    0.890974
      9100     1.03385    0.631729    0.949856    0.914537
      9150     0.72143    0.680254    0.562585    0.511541
      9200    0.884951     0.43249    0.861144    0.798535
      9250    0.889644    0.854016    0.863431     0.32875
      9300    0.777007    0.697621    0.748455    0.400776
      9350    0.921886    0.831485     0.85863    0.520708
      9400    0.972622    0.390902    0.949683    0.915033
      9450     1.02614    0.880728    0.791804    0.838621
      9500    0.974758    0.959298    0.210577    0.967323
      9550      1.0535     1.04458    0.587991    0.884781
      9600     1.01755    0.997785    0.270889     1.00093
      9650     1.01734    0.544321     0.87117     1.00734
      9700    0.989133    0.342798    0.947239    0.970563
      9750    0.818545    0.747568    0.621546    0.628374
      9800    0.863793    0.827937    0.635555    0.634719
      9850     1.04079     0.91035    0.524134     1.03104
      9900     1.06114    0.987702    0.470286     1.02729
      9950     1.03828    0.214255     1.02545     1.02888
     10000    0.902732    0.471518    0.837491    0.840315
     10050    0.770153    0.635578    0.741346    0.482408
     10100    0.976409    0.870449    0.963589    0.469645
     10150     1.08613    0.963559    0.590901     1.04006
     10200     1.03409     1.00512    0.546655    0.910817
     10250    0.970699    0.858167    0.679099    0.828787
     10300    0.755235    0.512351     0.57967    0.736369
     10350    0.791141    0.645902    0.659277    0.632433
     10400    0.710495    0.504433     0.68847    0.530247
     10450    0.780105    0.624547    0.635924     0.65013
     10500    0.806613    0.760957    0.431723     0.73199
     10550     1.05693    0.708201    0.982032    0.876497
     10600     1.04569      1.0251    0.423372    0.978207
     10650     1.05827     1.03474    0.661059    0.855678
     10700     1.04618      1.0128    0.562338    0.920327
     10750     1.03118     0.78897    0.903941    0.828915
     10800     1.05849    0.547851    0.999549    0.970337
     10850    0.851374    0.770535    0.796237    0.471124
     10900    0.934173    0.663252    0.737245    0.872884
     10950    0.941004    0.846012    0.471003    0.912906
     11000    0.928941    0.728784    0.849874    0.687351
     11050    0.890864    0.834289    0.711228    0.620801
     11100    0.968549    0.954465    0.513882    0.837315
     11150    0.939059    0.895652    0.324731    0.925214
     11200    0.934652    0.360699    0.914109    0.883995
     11250     1.03788    0.823311    0.697432    0.995058
     11300     1.04252    0.878256    0.777709    0.893047
     11350     1.06006     1.03368    0.690742    0.837748
     11400    0.947028    0.888827    0.826217    0.566636
     11450     1.04064    0.568409    0.944179    0.975349
     11500     1.00382    0.876263    0.801145    0.778232
     11550     1.04385      1.0166    0.898587    0.581641
     11600     1.04942    0.831945    0.964263    0.761987
     11650     0.92478    0.858579    0.441017    0.882486
     11700      1.0531     1.03382    0.863457     0.63536
     11750     1.01208    0.939083    0.411626    0.998647
     11800     1.02975    0.852299    0.595649      1.0196
     11850     1.06618    0.751092    0.767971      1.0581
     11900       1.053    0.751326     0.79014      1.0143
     11950     1.03239     1.02419    0.185938     1.02378
     12000     1.08901    0.925327    0.634464     1.05504
     12050     1.05393      1.0363      1.0217     0.32214
     12100     0.85501    0.805964    0.820032    0.374237
     12150    0.860258    0.811716    0.510717    0.748582
     12200    0.843025    0.760406    0.722806    0.566319
     12250    0.869388    0.583036     0.75248    0.778149
     12300    0.715501    0.663066    0.598944     0.47486
     12350    0.982438    0.975129    0.387286     0.91077
     12400    0.998837    0.965537    0.847212     0.58764
     12450     1.02834    0.649276    0.882238    0.956594
     12500    0.984794    0.549394    0.844252    0.961792
     12550     1.02014     1.00727    0.584789    0.851348
     12600    0.974479    0.927003    0.632339     0.80002
     12650     0.98665    0.639238    0.787579     0.95815
     12700    0.943719    0.796263    0.926599    0.537206
     12750    0.945479    0.828736    0.766658    0.716446
     12800     1.03385    0.706362     1.03061    0.759329
     12850      1.0341    0.913205    0.503425     1.02536
     12900    0.936148     0.93021    0.823997      0.4566
     12950    0.960226    0.941782    0.760179    0.615827
     13000     1.00926     0.88369    0.655731    0.909017
     13050       1.037     0.79194    0.744264    0.984695
     13100     1.01325     1.00755     1.00101    0.190146
     13150    0.804232    0.728035    0.718327    0.497544
     13200     0.84714    0.811205    0.780287    0.410353
     13250     1.00943    0.980302    0.549546    0.880283
     13300     1.09597    0.147767     1.08856     1.09338
     13350     1.04136      1.0088    0.385296     1.00136
     13400     1.04546    0.904291     0.78828    0.864201
     13450      1.0538    0.627268    0.855424     1.04679
     13500     1.04172     0.70877    0.846978    0.975001
     13550     1.04993    0.310084     1.04127     1.01208
     13600     1.01349    0.979679    0.650602    0.819315
     13650     1.06523     1.05619    0.633618     0.86742
     13700    0.957022    0.613367    0.839858    0.866143
     13750     1.06715    0.318716     1.06166     1.02417
     13800    0.841686    0.735909    0.708477    0.611039
     13850    0.808614    0.695399    0.713307    0.561538
     13900    0.998546    0.730539    0.710593    0.977527
     13950    0.890335    0.833294    0.864089    0.379955
     14000    0.888498    0.779039    0.872678     0.45868
     14050    0.904674    0.687192    0.723877      0.8004
     14100    0.876608    0.668313    0.738441    0.738205
     14150    0.668588    0.495628    0.460193    0.660753
     14200    0.655789    0.408477    0.531396    0.641001
     14250    0.723686    0.468426    0.666635    0.619369
     14300    0.683593    0.666534    0.536345    0.450182
     14350    0.733904    0.500541    0.593852    0.688497
     14400    0.843983    0.793272    0.588758     0.66985
     14450     0.79756    0.542716    0.685105    0.712948
     14500    0.987143    0.877284    0.487845    0.970198
     14550      1.0579    0.490014    0.994573     1.00449
     14600    0.994508    0.412284    0.973207    0.927891
     14650    0.988267    0.942945    0.877112    0.543024
     14700    0.929115    0.638703    0.788238    0.835016
     14750     1.02175    0.987033    0.985906    0.376453
     14800     1.01773    0.928339    0.699488    0.848783
     14850     1.05072     1.01771    0.981462    0.457166
     14900     1.02711    0.780905    0.868708    0.863396
     14950     1.01112    0.986377    0.941191    0.431201
     15000     1.03016     1.01413    0.428536    0.954132
     15050      1.0077    0.599389      0.8235    0.996753
     15100     1.10761     0.89359    0.956849    0.859951
     15150     1.08137    0.906922    0.721624    0.997739
     15200     1.03018    0.520875    0.999312    0.923365
     15250     1.00047    0.862786    0.981771    0.541853
     15300     1.01197     0.57413    0.989985    0.859354
     15350     1.01829    0.797965    0.940229    0.743662
     15400      1.0036    0.919421    0.685899    0.835836
     15450     1.04724    0.598338    0.989657    0.925201
     15500     1.08028    0.557003     1.07725    0.929127
     15550     1.02533    0.231568     1.00809     1.01623
     15600     1.03862    0.329685     1.01674     1.00748
     15650     1.04229      1.0288    0.978329    0.396453
     15700    0.988516    0.657809     0.81509    0.925875
     15750     1.08243    0.849445     1.06057    0.704931
     15800     1.04587     0.85692    0.926296    0.771604
     15850     1.02319     1.00142    0.838723    0.622513
     15900     1.05418    0.471228     0.98521     1.01484
     15950     1.09925    0.490254     1.07395     1.01142
     16000     1.06719    0.826458    0.996242    0.776043
     16050    0.897286     0.81579    0.849074    0.473077
     16100    0.927634    0.918075    0.776239    0.524978
     16150    0.920601    0.748266    0.875323    0.607387
     16200    0.860947     0.83401    0.415419    0.783781
     16250    0.903454    0.675741    0.751814    0.781414
     16300     1.06918    0.887733    0.727443    0.984405
     16350     1.05022     1.02592    0.266223     1.04046
     16400     1.00038    0.980594    0.947079    0.378145
     16450     0.99052    0.468356    0.916587    0.950143
     16500    0.961769    0.821284    0.921994    0.570455
     16550      1.0188    0.579479     1.00692    0.852199
     16600     1.01526    0.947706    0.649694    0.860967
     16650     1.00219    0.819566    0.918466    0.702495
     16700    0.905373    0.901843    0.525672     0.74145
     16750     1.03507    0.689728    0.817902    0.999034
     16800    0.950394    0.694949    0.935563    0.669527
     16850    0.929094    0.515657    0.813033    0.894152
     16900    0.930661    0.909563    0.773763    0.553395
     16950    0.924828    0.881741    0.564814    0.783666
     17000     1.02087    0.941364    0.691757    0.848326
     17050    0.995727     0.86986    0.788359    0.777676
     17100     1.04091    0.745282     1.03076    0.740989
     17150     1.00324     0.74116    0.768781    0.934161
     17200     1.04088    0.748254     0.73097     1.03569
     17250     1.02181     1.00472    0.471352    0.925492
     17300      1.0761    0.481539     1.03873     1.00257
     17350    0.903078    0.813926    0.459304    0.870439
     17400    0.947125    0.883052    0.899944    0.452119
     17450      1.0097     0.95944    0.383199    0.985702
     17500     1.00237    0.988261    0.982504     0.25984
     17550    0.869999    0.770353    0.844948     0.45433
     17600    0.952019     0.66258    0.778336    0.876277
     17650    0.945454    0.848345    0.925615     0.45969
     17700    0.936093    0.648855    0.910372    0.709049
     17750    0.926392    0.604369    0.749934    0.888111
     17800     1.02272     1.01262    0.393736    0.954707
     17850    0.868877    0.605687    0.798847    0.710549
     17900    0.781495    0.460228    0.652571    0.764075
     17950    0.834553    0.735389    0.445312    0.808614
     18000    0.914416    0.897543    0.463915    0.807163
     18050    0.993079    0.911165    0.757413    0.753999
     18100    0.844202    0.798946    0.773742    0.434006
     18150     1.05188      1.0464     1.02905    0.242897
     18200     1.00307    0.847243    0.873245    0.729336
     18250     1.01916     1.00823    0.384196    0.955635
     18300     1.02892    0.194095     1.01613     1.02331
     18350      1.0335    0.944472    0.450292     1.02051
     18400     1.03191    0.539749     1.01792    0.895644
     18450     1.04191     1.01308    0.683499    0.823202
     18500      1.0116     0.98407    0.454813    0.933507
     18550     1.01703    0.825741    0.680626    0.961032
     18600     1.08703     1.08169    0.830465    0.709591
     18650     1.04961    0.769718     1.01361     0.76387
     18700     1.04834     1.01836      0.4269    0.989307
     18750     1.03283    0.615246    0.837125     1.02674
     18800     1.00315    0.857105    0.995961    0.534856
     18850     1.04634     0.96642     1.01763    0.469187
     18900     1.09166      1.0891     1.08719    0.123694
     18950       0.995    0.582749    0.971714      0.8344
     19000     1.01924    0.722212    0.775195    0.977344
     19050    0.974462    0.863428    0.929701    0.537867
     19100     1.07482     1.04087    0.311972     1.06289
     19150     1.01155    0.898878     0.49903    0.994716
     19200     1.05181     1.04322    0.769402    0.729588
     19250     1.04449    0.925569    0.616218     0.97238
     19300     1.03941     1.03018    0.921455    0.500414
     19350    0.885331    0.782429    0.509191    0.834356
     19400     1.03835    0.840592    0.620592     1.03179
     19450     1.06498    0.849448    0.787896    0.962302
     19500     1.07331    0.525906     1.05804    0.952871
     19550     1.03256     0.34459    0.987828     1.01873
     19600     1.06385    0.574942    0.917803     1.04433
     19650     1.00606    0.527394    0.904627    0.963229
     19700     1.00741    0.595952     0.83579    0.987953
     19750     1.02143    0.852748    0.948735    0.677757
     19800    0.987644    0.929964    0.590085    0.858981
     19850     1.03355     0.43801     1.02122    0.949577
     19900    0.988368    0.941702    0.927001    0.455642
     19950     1.06179    0.919134     1.05523    0.544498
     20000     1.05601    0.687439    0.961551    0.912771
     20050     1.06019    0.920204    0.635949      0.9984
     20100     1.04034     0.47412     1.01511    0.953602
     20150     1.05256     0.98939    0.687503    0.874192
     20200     1.04021    0.721088     1.02842    0.765796
     20250    0.656508    0.525573    0.502138    0.577613
     20300    0.641162    0.498554     0.51328    0.556925
     20350    0.751304    0.542099    0.573564    0.711385
     20400    0.855373    0.771029    0.767178    0.529412
     20450    0.738651    0.699025    0.577206    0.519045
     20500    0.901262    0.847752    0.800832    0.514326
     20550    0.860397    0.351399    0.800379    0.846451
     20600    0.880104    0.829809    0.602214    0.705636
     20650    0.957294    0.931724    0.335292    0.923197
     20700    0.897427    0.691985    0.685234    0.813856
     20750    0.851571    0.663951    0.545635    0.843683
     20800     0.80865    0.744088    0.588176    0.638916
     20850    0.804129    0.746422    0.448322    0.731511
     20900     0.84102    0.582455    0.676098      0.7863
     20950      0.9108    0.793374    0.496326    0.885061
     21000    0.853673    0.677631    0.614297    0.788016
     21050    0.960059    0.610167    0.925184     0.78432
     21100    0.913716    0.765316    0.891447     0.53793
     21150    0.942017    0.931181    0.486797    0.818976
     21200     1.06397     1.04413    0.700505    0.826522
     21250     1.06906    0.664401     0.92305    0.996154
     21300      1.0071    0.973128    0.974384    0.363447
     21350    0.946863    0.294931    0.905768    0.941115
     21400    0.978809    0.695886    0.963274    0.709914
     21450     1.06534    0.470148     1.05897    0.963032
     21500       1.017     0.44699    0.993801    0.938697
     21550    0.892772    0.836899    0.511639    0.794928
     21600    0.828417    0.626574    0.763624    0.629948
     21650     1.00409    0.923618    0.427868    0.990086
     21700     1.09438     1.06955    0.759722     0.82112
     21750    0.986957    0.852259    0.954532    0.557397
     21800    0.973358    0.906648    0.952761     0.40631
     21850     1.04425    0.837219    0.904905    0.813097
     21900     1.00521    0.934115    0.999818    0.385596
     21950     1.00481    0.988119    0.816971    0.612739
     22000     1.07137     1.02707     1.03607    0.409098
     22050     1.00439    0.760501    0.795947    0.897603
     22100     1.01683    0.480275    0.927488    0.988417
     22150    0.966527    0.669355    0.720215    0.949527
     22200     1.02692    0.935558    0.886401    0.669432
     22250    0.887085     0.85347    0.773071    0.497787
     22300     1.03874    0.920968     0.75332     0.86155
     22350    0.894161    0.302946    0.863759    0.872464
     22400     1.06973    0.890356     1.03158    0.657082
     22450     1.02731    0.811692    0.680591    0.994327
     22500      1.0083    0.992827    0.336388    0.966679
     22550     1.03116    0.899745    0.546572     1.00912
     22600     1.06243     1.04192      1.0244    0.350002
     22650    0.953541    0.685778    0.894118    0.740771
     22700     1.00536    0.973026    0.453481    0.932244
     22750     1.01508     0.63319     1.00147    0.810488
     22800     1.01147    0.648962    0.968992    0.828279
     22850     1.07366     1.06286    0.586257    0.912209
     22900    0.931114    0.794047     0.57571    0.878632
     22950    0.967487    0.962319    0.901502    0.365098
     23000     0.98182    0.962695    0.726287    0.688233
     23050     1.01239    0.997131    0.333036    0.971953
     23100    0.765171    0.576871    0.603305    0.688635
     23150    0.702971    0.682974    0.536703    0.483562
     23200    0.815358    0.419665    0.712291    0.803829
     23250    0.953126    0.882084    0.637177    0.795506
     23300     0.99845    0.507545    0.923122    0.940238
     23350    0.945108     0.68227    0.874172    0.746183
     23400     1.08295    0.856744     1.01655    0.760395
     23450     1.02634    0.928902    0.486228     1.00372
     23500     1.03214    0.875412    0.634649    0.980564
     23550    0.857113    0.554748    0.723815    0.798519
     23600     1.01362    0.944828    0.401897     1.00032
     23650    0.995322    0.792798    0.704193    0.925696
     23700    0.859009    0.670985    0.592478    0.821304
     23750    0.836718    0.795712    0.830931    0.276748
     23800    0.930268    0.808738    0.867109    0.569967
     23850    0.918796     0.90389    0.824575     0.43753
     23900     1.03271    0.957114    0.439813     1.01167
     23950     1.01738    0.894439    0.920935    0.649598
     24000     1.04169    0.948992    0.449454     1.03327
     24050    0.950517    0.651856    0.910651    0.743481
     24100     1.04098    0.999276     1.01408     0.37465
     24150     1.01884    0.864698    0.713663    0.905014
     24200     1.01071    0.922517    0.479508    0.980872
     24250     1.09429    0.970952     1.08998    0.513967
     24300     1.07447     1.03625    0.311138     1.06694
     24350     1.06057    0.940431    0.804711    0.847131
     24400     1.01108    0.772028    0.878727     0.82243
     24450    0.956504    0.949281    0.434077    0.860374
     24500    0.978598    0.743649    0.672286    0.954109
     24550     1.05566     1.04812    0.563722    0.901384
     24600    0.974084    0.903148    0.656967    0.806473
     24650     1.04686     1.04056    0.550737    0.897639
     24700    0.945685    0.911895    0.888144     0.41023
     24750      1.0462      0.6382     1.02376     0.85655
     24800     0.96425    0.774387    0.777169    0.809869
     24850    0.927997    0.871958    0.812277    0.549777
     24900     1.01281    0.796718    0.978953    0.677093
     24950    0.970006    0.920757     0.46376    0.904961
     25000    0.988662    0.589951    0.933871    0.857174
     25050     1.02361     1.01581    0.926047    0.454024
     25100    0.996213    0.979394    0.858034    0.538002
     25150     1.06179     1.02334    0.936639    0.574723
     25200     1.05466    0.954931    0.863127    0.753493
     25250    0.857757    0.590895    0.842717    0.642002
     25300    0.965421    0.940938    0.826862    0.543149
     25350    0.914656    0.413627    0.848802    0.884104
     25400    0.845585    0.493248    0.769299    0.771305
     25450    0.819508     0.49435    0.722369    0.759598
     25500    0.998758    0.833731     0.77178    0.839217
     25550    0.984906    0.956176    0.866368    0.524608
     25600    0.988149    0.657166    0.844683    0.898622
     25650    0.879442    0.686381    0.840064    0.608285
     25700     1.02558    0.976314     1.00342     0.37896
     25750     1.05123    0.872983    0.777857    0.918151
     25800     1.05666    0.906736    0.651463    0.993219
     25850    0.998043    0.263242    0.976085    0.984958
     25900     1.07245     0.40164     1.04234     1.02593
     25950     1.04111    0.773739    0.934432    0.834259
     26000    0.994817    0.230101    0.973198    0.989575
     26050     1.02998     1.01837    0.928188    0.472357
     26100    0.881116    0.842911    0.785315    0.474879
     26150     1.03608     0.99261     1.02399    0.336304
     26200     0.97943    0.793176    0.606469    0.960017
     26250     1.05329    0.840681     1.00465    0.709079
     26300     1.09075    0.539784    0.968519     1.07242
     26350     1.00245      0.9461    0.373269    0.987612
     26400    0.989382    0.821491    0.882651    0.709813
     26450     1.03738    0.997997    0.898278    0.591118
     26500    0.956173    0.838844     0.92084    0.526242
     26550     1.02632     0.27114      1.0024     1.01408
     26600     1.03641     1.02622    0.409201    0.963196
     26650    0.943452    0.708915     0.88947    0.697487
     26700    0.902687    0.864241    0.602074    0.721307
     26750    0.951927    0.667956    0.798304    0.853742
     26800    0.928277    0.495552    0.827796    0.890268
     26850    0.924146    0.325729    0.882602    0.907197
     26900    0.964356    0.680048    0.901926    0.764218
     26950    0.832653     0.77421    0.408189    0.787784
     27000     1.01018    0.985274    0.803702    0.651324
     27050     1.10606     0.88032     1.08509    0.703113
     27100    0.970229    0.247364    0.950509     0.95814
     27150     1.00719    0.778787    0.684964    0.976317
     27200     1.01302    0.988375    0.571121    0.865645
     27250    0.861733    0.428656    0.753184    0.856816
     27300    0.850657    0.730661    0.812716    0.502852
     27350    0.877047    0.871457    0.627912    0.620252
     27400    0.713339    0.659708    0.382111    0.660667
     27450    0.906751    0.746011    0.842788    0.614467
     27500    0.891911    0.393677    0.853499     0.84117
     27550    0.860727    0.808634    0.337137    0.845075
     27600    0.808966    0.593533    0.636346     0.74272
     27650    0.803235    0.646023    0.627732    0.692084
     27700    0.957057    0.753169    0.862272    0.721901
     27750    0.848729    0.828556    0.696668     0.51849
     27800    0.919608    0.856826    0.739288    0.640829
     27850    0.960247     0.90154    0.947679    0.365077
     27900    0.948015     0.85855    0.810728    0.634884
     27950    0.923013    0.852736    0.854301    0.496908
     28000    0.998822    0.859722     0.67861    0.891996
     28050    0.919454     0.88788    0.830858    0.460581
     28100    0.997837    0.848825    0.986957    0.544766
     28150    0.974738    0.514286    0.949177    0.857206
     28200    0.994489    0.942612    0.596742    0.856387
     28250    0.959292    0.643751    0.949653    0.724035
     28300     0.99875    0.747996    0.673852     0.99067
     28350     1.00626    0.979745    0.415836    0.944618
     28400    0.729226    0.704434    0.590444    0.467643
     28450    0.826024    0.731401    0.726068    0.550008
     28500    0.682575    0.534154    0.497253     0.63185
     28550    0.998576    0.795135    0.960534    0.662904
     28600    0.980392    0.943617    0.849427    0.557133
     28650    0.924519    0.915571    0.651475    0.668416
     28700     1.07032    0.811371    0.964265     0.83848
     28750     1.00145    0.907625    0.652433    0.869681
     28800     1.07221     1.04404    0.867194    0.676183
     28850     1.05028    0.351599    0.999829     1.04063
     28900     1.04355     1.00801    0.309857     1.03241
     28950    0.897935    0.782516    0.457979    0.889099
     29000     1.01407    0.974906    0.694063    0.790254
     29050     1.01342    0.991765    0.278786    0.996347
     29100    0.891531    0.852129    0.819009     0.43904
     29150     1.02693    0.976812      1.0044    0.382347
     29200     1.09647    0.638004     1.04274    0.954002
     29250     1.03792     1.02092    0.219052     1.03164
     29300     1.03733    0.730558     1.01137    0.771716
     29350     1.07227     1.00113     0.97246     0.59295
     29400     1.01054    0.999465    0.498272    0.891736
     29450    0.865565    0.699736    0.815156    0.586768
     29500    0.774456    0.508563     0.67234    0.699205
     29550    0.969291    0.546046    0.944701    0.829713
     29600    0.918514    0.841175    0.824618     0.54751
     29650     0.91391    0.614705     0.85229    0.752465
     29700    0.882965    0.600812    0.788618    0.759185
     29750    0.905625    0.843824    0.843211    0.466124
     29800    0.977224    0.375149    0.957237    0.923523
     29850    0.967568    0.906103     0.94509    0.397693
     29900     1.09714    0.963588     1.09304      0.5331
     29950     1.04197     1.03198    0.672252    0.808999
     30000     1.06518     1.05666     1.04064    0.264104
     30050    0.995396    0.983624    0.816655    0.589222
     30100      1.0702    0.325608     1.05561     1.03456
     30150      1.0781     1.07303    0.940876    0.536628
     30200    0.889228      0.8562    0.419914    0.819783
     30250    0.989451    0.488398    0.897041    0.956457
     30300      1.0292    0.862706    0.684499    0.951695
     30350     1.04491    0.198906     1.03212     1.03867
     30400    0.808787     0.46134     0.71859    0.760964
     30450    0.840016    0.551949    0.825632    0.651874
     30500    0.885126    0.815212    0.533122    0.786199
     30550    0.934593    0.901227     0.48221     0.83797
     30600     1.07862     0.26386     1.04997     1.07461
     30650     1.09611    0.802746    0.768081       1.081
     30700     1.04401    0.732042       1.023    0.772979
     30750     1.02104    0.974646    0.514789    0.932785
     30800     1.07698     1.06371     1.01497     0.39769
     30850    0.930728    0.684905    0.788823    0.800732
     30900    0.971002    0.613248    0.775306    0.953161
     30950     1.05803    0.861654    0.653922     1.03382
     31000     1.03183    0.993055    0.363961     1.00534
     31050    0.932002    0.557993    0.912232     0.77054
     31100    0.952193    0.919197    0.714395    0.676799
     31150     0.95965    0.833603    0.924314    0.540932
     31200    0.920697    0.612768    0.904667    0.708138
