         0    0.916581    0.658948    0.904644    0.653948
        50     1.02617    0.672413    0.989489    0.821476
       100    0.985693    0.904819    0.937225     0.49608
       150     1.00947    0.963981     0.93512    0.484079
       200    0.993459    0.970015    0.928014    0.414467
       250    0.902828    0.762372    0.530597    0.876044
       300     1.04679    0.993222    0.780876    0.771534
       350    0.991937    0.832448    0.974995    0.569468
       400     1.05766    0.804296    0.731728     1.02712
       450    0.978909    0.906911    0.962743    0.408856
       500     1.04277     1.00036    0.505381    0.958439
       550     1.04039    0.888851    0.996411    0.618006
       600     1.00009    0.591481    0.817056    0.991418
       650     1.06821    0.761475    0.968974    0.873729
       700    0.850401    0.594137    0.717313    0.760807
       750    0.970987    0.834068    0.921566    0.583677
       800    0.905068    0.869264    0.762633    0.548695
       850    0.993251    0.828413    0.678223    0.909309
       900    0.967087    0.880037    0.916048    0.506858
       950      1.0205     0.92898    0.623455    0.911669
      1000    0.884691    0.618424    0.879788    0.639438
      1050    0.943871    0.381891    0.898022     0.91077
      1100    0.948884    0.826167    0.472183    0.946178
      1150     1.02558    0.873411    0.698715     0.92335
      1200      1.0057    0.966356    0.957405    0.415227
      1250     1.03304    0.979964    0.618321     0.88978
      1300      1.0155     0.50278    0.895104     1.00424
      1350     1.02433    0.944303     1.00998    0.432148
      1400     1.03041    0.649407    0.911465    0.933267
      1450     1.00548    0.735714    0.974488    0.728739
      1500     1.00406    0.912337    0.963274     0.50598
      1550    0.977922    0.861077    0.604999     0.89732
      1600    0.923875     0.48848    0.898349    0.813294
      1650    0.899013    0.591562     0.88565    0.694354
      1700    0.863064    0.788756     0.63822    0.678454
      1750    0.794104    0.549969    0.686909    0.697777
      1800    0.943351    0.627669    0.908166    0.749059
      1850     1.04437    0.970689    0.940804    0.595021
      1900    0.951678    0.909363    0.601619    0.788985
      1950     1.03591    0.856922    0.943664    0.722081
      2000    0.886888    0.382067    0.856962    0.832335
      2050    0.688341     0.53884    0.535826    0.608415
      2100     1.03988     1.01917    0.486204    0.942136
      2150    0.972081    0.558401    0.960213    0.809976
      2200     1.04161     1.02234     1.03781    0.218343
      2250     1.07156     1.06051    0.788786    0.741356
      2300     1.00164    0.982677    0.704059     0.73838
      2350     1.02709     1.00561    0.284606     1.00875
      2400     0.96478    0.854303    0.565282    0.901234
      2450     1.05446    0.899622     1.00691    0.632909
      2500     1.03689    0.741247    0.794177     0.98494
      2550    0.792215    0.628813    0.622299    0.687421
      2600    0.820992    0.531702    0.637991    0.811366
      2650    0.853915    0.750664    0.705861    0.629766
      2700    0.867069    0.753346    0.656782     0.71044
      2750    0.999619    0.664544    0.792776    0.963516
      2800     1.04125     1.02134    0.572428    0.893077
      2850     1.07201    0.505753     1.02528    0.995706
      2900     1.02365    0.809936    0.800465    0.893848
      2950    0.973719    0.543322    0.855115    0.932651
      3000    0.915706    0.750229    0.618579    0.855309
      3050     1.02634    0.376924     1.01074     0.97112
      3100    0.901469    0.628132      0.8819    0.673049
      3150    0.851422    0.563766    0.782476     0.72093
      3200    0.734433    0.628444    0.485769    0.669232
      3250     0.95648     0.90185     0.42776    0.912905
      3300    0.914877     0.85228     0.76928    0.596513
      3350    0.888687    0.861012    0.496154    0.769426
      3400    0.951378      0.9432     0.84693    0.450912
      3450    0.993393    0.784157    0.711414    0.923389
      3500    0.686686    0.629164    0.460647     0.57882
      3550    0.874232    0.594732    0.754232    0.778454
      3600    0.997534    0.703719     0.91451    0.811541
      3650     1.01434     0.91532    0.828612    0.730306
      3700    0.895732    0.667102    0.881188    0.618994
      3750    0.685718    0.532015    0.674722    0.449585
      3800    0.935865    0.878082    0.890175    0.433876
      3850     0.89419    0.756464     0.81585    0.601084
      3900    0.854985    0.789807    0.793148    0.457297
      3950    0.878899    0.800101    0.591905     0.74459
      4000    0.928405    0.535684    0.816536    0.877602
      4050    0.974947    0.808977    0.688433     0.87901
      4100    0.879978    0.493822     0.85285    0.759941
      4150     0.90689    0.701464    0.711285    0.804315
      4200    0.951265    0.487585    0.878903    0.894205
      4250    0.963113    0.342683    0.941134    0.923042
      4300    0.938391    0.460584    0.925564    0.832074
      4350    0.778938    0.389698    0.682411    0.771971
      4400    0.919227    0.774845    0.810301    0.658015
      4450    0.897035    0.605009    0.696191    0.870991
      4500     1.01292    0.666068    0.900912    0.892602
      4550    0.990995     0.98127    0.287763    0.958354
      4600     1.02667    0.965401     0.97617    0.472443
      4650      0.7998    0.543122    0.760644    0.637022
      4700    0.766431    0.603664    0.660974    0.611176
      4750    0.832667    0.644932    0.810626    0.560015
      4800    0.931333    0.824209    0.734299    0.718503
      4850    0.875065    0.858438    0.381959      0.8054
      4900     1.03079    0.617266    0.838341     1.02041
      4950     1.02388    0.897711    0.527781      1.0061
      5000    0.786636    0.721102    0.724849    0.438404
      5050    0.934615    0.714521    0.767337    0.804776
      5100    0.998439    0.967547    0.267105    0.993111
      5150    0.915522    0.352478    0.883113    0.878767
      5200    0.867542    0.784139    0.831009    0.446998
      5250     1.04527     1.03327     0.99112    0.367744
      5300     1.06584    0.304715     1.06241     1.02492
      5350     0.96559    0.884104    0.872315    0.567587
      5400    0.958013    0.932972    0.765896    0.615261
      5450    0.949364    0.786046    0.902791    0.608015
      5500    0.920751    0.677754    0.707152    0.857991
      5550    0.888577     0.85189    0.769023    0.511883
      5600    0.907076    0.872668    0.461084    0.819407
      5650    0.887744    0.877378    0.314914    0.840962
      5700    0.788878    0.703245    0.485664      0.7171
      5750    0.959039     0.65677    0.725694      0.9389
      5800    0.796047    0.701419    0.544044    0.692394
      5850    0.841901    0.695264    0.784141    0.565088
      5900    0.849361    0.831774      0.5299      0.6857
      5950    0.908013    0.889058    0.844414    0.381462
      6000    0.854388    0.771724    0.725056    0.581972
      6050    0.759842    0.449955    0.680245    0.699662
      6100    0.960588    0.943111    0.414179    0.885695
      6150    0.970332    0.732356    0.870241    0.767739
      6200     0.99834    0.989246    0.271537    0.970065
      6250     1.01171    0.997143     0.77121    0.676789
      6300    0.944081    0.898416    0.712087    0.684368
      6350    0.975354    0.863632    0.633631     0.86907
      6400    0.934193    0.741114    0.610655     0.90735
      6450    0.989988    0.747422    0.948121    0.708928
      6500    0.947694    0.787585    0.629154    0.883245
      6550    0.946064    0.507363    0.872418    0.878376
      6600     0.90212    0.312589    0.855236    0.893589
      6650    0.934896    0.713862    0.694845    0.869283
      6700    0.973348    0.907016    0.859622    0.577222
      6750    0.995331    0.544125    0.928787    0.907001
      6800    0.790088    0.645284    0.607262    0.680675
      6850    0.613059    0.516493    0.584673    0.378252
      6900    0.840837    0.403885    0.821815    0.758623
      6950    0.979768    0.479129    0.932902    0.905549
      7000    0.976658    0.617949    0.940338    0.801016
      7050     0.94164    0.505262    0.910064    0.830582
      7100     1.04455    0.865311    0.823975    0.868615
      7150    0.973561    0.930624    0.341435    0.955512
      7200    0.900192    0.753151    0.595843    0.835718
      7250     1.02022    0.995202    0.882404    0.559146
      7300    0.886068    0.448607    0.801799    0.852116
      7350    0.742109    0.468444    0.606864    0.716749
      7400    0.883458    0.840209    0.735208    0.560817
      7450     0.81535    0.645251    0.774742    0.559479
      7500     1.00193    0.797267    0.774532    0.878754
      7550    0.895083    0.741433    0.601011    0.831511
      7600    0.929032    0.894689     0.86247    0.426472
      7650     0.97889    0.844088    0.605735    0.914905
      7700    0.877887    0.754424    0.748888    0.641389
      7750    0.932607    0.896523     0.92805     0.27291
      7800    0.950789    0.736495    0.619264    0.939196
      7850    0.916888    0.580149     0.90481    0.725336
      7900    0.879255    0.826359    0.373085     0.85095
      7950    0.929426    0.900406    0.816523    0.500225
      8000    0.933073    0.754003    0.886248    0.622329
      8050    0.981926    0.606523    0.913933    0.851596
      8100     1.05782     1.01206    0.997193    0.468316
      8150    0.925514    0.741151    0.755151    0.770452
      8200      1.0467     0.48997    0.967672     1.00733
      8250     1.05009     1.04002    0.949419    0.471542
      8300     1.05359    0.607377    0.865253     1.05001
      8350      1.0617    0.926245     1.03356    0.572946
      8400    0.979423    0.937722    0.505625    0.885189
      8450    0.960999    0.758823     0.94779    0.610672
      8500    0.932529    0.442567    0.893426    0.863218
      8550    0.959977    0.851251    0.537135    0.911027
      8600    0.872636    0.707451    0.547493    0.850149
      8650    0.977093    0.225083    0.962046    0.966037
      8700     1.03445     1.02377    0.777863    0.697858
      8750     1.01819    0.653137    0.882878    0.931326
      8800     1.06531     1.05511     0.19623     1.05737
      8850     1.03284    0.995842     1.01966    0.319522
      8900    0.964732    0.924807      0.4663    0.888095
      8950    0.954292    0.876763    0.511644      0.8893
      9000    0.983328    0.731561    0.896985    0.770781
      9050    0.939887    0.393974     0.91432     0.88067
      9100    0.905335     0.86499    0.614008    0.716973
      9150    0.927745    0.851691    0.513448    0.855812
      9200    0.973163    0.938123    0.278071    0.967831
      9250    0.901559    0.758665    0.838545    0.588973
      9300     1.07399     1.01686    0.884934    0.699865
      9350     1.03049     1.01148    0.250384     1.01884
      9400     0.97977     0.59314    0.885117    0.885806
      9450     1.01318    0.844226    0.932924    0.685577
      9500     1.01449    0.737391    0.780374    0.951666
      9550    0.862783    0.769337    0.396376    0.860114
      9600    0.850525     0.62545    0.788621    0.658541
      9650    0.747387    0.719962    0.482536     0.60497
      9700    0.807161    0.785485    0.605164    0.565515
      9750    0.994686    0.926332    0.399975    0.980167
      9800    0.588518    0.571378    0.435471    0.420236
      9850    0.862988    0.667072    0.671125    0.770781
      9900    0.891833     0.86518    0.567842    0.720937
      9950     1.06089     1.03043    0.913114    0.596146
     10000     0.89089    0.532056    0.736644    0.872721
     10050     0.99275      0.9465    0.972414    0.360074
     10100     1.08603    0.854067     1.05709    0.715579
     10150    0.906502    0.744347    0.628364    0.833426
     10200     1.01418     0.91914    0.557696    0.949353
     10250     1.04235    0.509587    0.953094     1.00246
     10300     1.06513    0.849266     1.05907    0.652778
     10350    0.867891    0.690925    0.816511    0.601999
     10400    0.892263    0.727003    0.672578    0.781904
     10450     1.01654    0.985738    0.500971     0.91873
     10500    0.999019    0.588665    0.822928    0.986073
     10550     1.06541      0.6331     1.05652     0.86784
     10600     1.07412    0.722431     1.05836    0.815745
     10650    0.834052    0.783304    0.631791    0.615272
     10700    0.820838    0.806927    0.736113    0.393135
     10750    0.837967    0.599627    0.604434    0.824309
     10800     1.05038    0.404435     1.00316     1.01818
     10850    0.986057    0.942701    0.707142    0.745577
     10900    0.807951    0.647615    0.742426    0.578764
     10950    0.762066    0.609691    0.691384    0.558348
     11000    0.989364    0.934969    0.841197    0.613109
     11050    0.968906     0.62553     0.79565    0.923693
     11100     0.77981    0.735612    0.581166      0.5808
     11150    0.863587    0.674686    0.822861    0.599387
     11200    0.929336    0.884061    0.836236    0.496464
     11250    0.749184    0.562575    0.585527    0.680604
     11300    0.918232    0.752358      0.8123    0.678546
     11350    0.968565    0.907742    0.515535    0.886829
     11400    0.878662    0.816393    0.872158    0.341961
     11450    0.966989    0.791308    0.644836    0.910029
     11500     1.00635    0.854031    0.799882    0.810127
     11550      1.0186    0.650995    0.796384     1.00849
     11600     1.05243    0.603643    0.892856     1.02646
     11650    0.911163      0.9013    0.767843    0.508437
     11700    0.989899    0.670574    0.795297     0.93682
     11750    0.870514    0.694667    0.737649    0.699214
     11800    0.969576    0.821318    0.831256    0.717361
     11850    0.906818    0.824763    0.440918    0.877493
     11900    0.891626    0.641141    0.720924    0.811912
     11950    0.904787    0.818574    0.744253    0.642887
     12000    0.946215    0.702645    0.814326    0.796121
     12050     1.01857    0.859482    0.720072    0.904305
     12100      1.0125    0.845035    0.575076     1.00275
     12150    0.955686    0.826923    0.851278    0.646682
     12200     1.03861    0.777122    0.810609    0.946782
     12250    0.970296     0.91339    0.429653    0.929552
     12300     0.81861    0.783352    0.795769    0.305541
     12350    0.645669    0.536078    0.461527      0.5774
     12400    0.875318    0.623223    0.660998    0.840855
     12450    0.782947     0.76517    0.459421    0.655331
     12500    0.848878    0.620043    0.633688    0.809427
     12550    0.856734    0.809595    0.437508    0.788117
     12600    0.924848    0.847705    0.739815      0.6669
     12650    0.797617    0.540024    0.755056    0.640821
     12700    0.919035    0.824606    0.906835    0.432351
     12750    0.910466    0.439277    0.884721    0.825954
     12800    0.920747    0.777275    0.824604    0.641421
     12850    0.988165    0.882203    0.592832    0.907308
     12900    0.954768     0.88504    0.551956    0.857446
     12950    0.836504    0.819537    0.767112    0.373329
     13000    0.955574    0.320149    0.920351    0.936324
     13050    0.979152      0.9741    0.711719    0.679753
     13100    0.713231    0.679819    0.592664    0.451655
     13150    0.900911    0.680217    0.805593    0.715267
     13200    0.904715    0.811621    0.671455     0.72625
     13250     1.04808    0.815082    0.708677     1.01506
     13300     1.03524    0.596037     0.93027    0.960612
     13350     1.05988     1.05631    0.990581    0.386847
     13400    0.909037    0.746236    0.793937    0.682268
     13450    0.912201    0.378627    0.873047    0.871007
     13500    0.979467    0.798807    0.815118    0.784985
     13550     1.04136     1.00312     0.74513     0.77934
     13600    0.747673    0.542355    0.700888    0.576747
     13650     1.03151    0.785275     1.01143    0.698857
     13700    0.928199    0.878793    0.668254    0.710118
     13750    0.858763    0.604683    0.827332    0.651789
     13800    0.812121    0.735212    0.411804     0.78036
     13850    0.718056    0.454488    0.640409    0.643837
     13900    0.782691    0.769184    0.658619    0.446978
     13950    0.961294    0.805898    0.612749    0.907326
     14000     1.04013    0.912511    0.893883    0.729398
     14050     1.02227    0.692602    0.979473    0.806857
     14100    0.964485    0.421356    0.881423    0.951847
     14150    0.891688    0.749631    0.856981    0.542082
     14200     1.04253     1.03236    0.699481    0.786565
     14250     1.02492    0.950848    0.761324    0.785627
     14300     1.01218    0.518496    0.967604    0.918649
     14350     1.03321     0.84535     1.02052    0.615596
     14400     1.01813     1.00919    0.810946    0.630142
     14450    0.983287    0.884593    0.958877    0.481414
     14500     1.05371    0.643284    0.844849     1.04547
     14550     1.05411    0.950251    0.503859      1.0322
     14600    0.983367    0.585493     0.92191    0.860988
     14650     0.91243    0.716136    0.827915    0.683202
     14700     0.86969    0.769741    0.527273    0.801375
     14750      0.9077    0.649818    0.857465    0.700235
     14800    0.951957    0.849104    0.782121    0.692642
     14850    0.825004    0.495268    0.692299    0.797932
     14900    0.712236    0.667953    0.556214    0.508943
     14950    0.941528    0.908421    0.414822    0.880707
     15000    0.828967    0.823258    0.660536    0.510206
     15050    0.783266    0.667525    0.510504     0.72167
     15100    0.958869    0.752707    0.929348    0.639224
     15150    0.865461     0.53967    0.713379      0.8354
     15200    0.845229    0.681379     0.58844    0.786312
     15250    0.916114    0.532756    0.866117    0.802833
     15300     1.02457    0.831752    0.984115    0.662708
     15350    0.994351    0.336792    0.961676    0.969133
     15400    0.979994    0.491109    0.890388      0.9417
     15450    0.948912    0.799083    0.530098    0.938792
     15500     1.00012    0.894555    0.996622    0.454953
     15550      1.0793    0.192736     1.06625     1.07505
     15600     1.00062    0.493793    0.984879    0.888071
     15650     1.06482    0.974825    0.930045    0.672631
     15700     1.03851     1.03088    0.518699    0.908422
     15750     1.04553    0.728382    0.784309     1.02009
     15800    0.868303     0.48029    0.774793    0.822749
     15850    0.873999    0.623947      0.8135    0.690402
     15900    0.827189    0.567684    0.749589    0.695942
     15950    0.999887    0.893832    0.465482    0.991937
     16000    0.953127     0.71138    0.872961    0.740797
     16050    0.980271    0.806972    0.727468    0.861073
     16100    0.894454    0.856371    0.340075    0.866645
     16150    0.775319    0.665614    0.456291     0.74229
     16200    0.834042    0.805519    0.409327    0.758184
     16250    0.820594     0.63187    0.730898    0.642867
     16300    0.853311    0.779799     0.71659    0.578526
     16350    0.688249    0.585124    0.553005    0.546981
     16400    0.876981    0.818431    0.406752      0.8384
     16450    0.956194    0.681687    0.854872    0.795682
     16500    0.964613    0.319118    0.940765    0.934923
     16550    0.965997    0.450853    0.942951    0.879703
     16600    0.845255    0.792043    0.458305    0.769114
     16650    0.830802    0.564501    0.701701    0.754599
     16700    0.910041    0.562228    0.872271     0.76118
     16750    0.795853    0.604329    0.671169    0.671627
     16800    0.991884    0.984608    0.815543    0.577151
     16850     0.93603    0.469606     0.85181    0.897883
     16900    0.948975    0.885253    0.943933     0.35556
     16950    0.742123    0.585669    0.704155    0.512496
     17000    0.747463     0.65096    0.419723    0.719365
     17050    0.923262    0.780004    0.713696    0.766196
     17100    0.844803     0.73297     0.69723    0.635616
     17150    0.731376    0.605939      0.5922     0.59326
     17200    0.979063    0.953616    0.954375    0.311307
     17250    0.978536    0.971976    0.535993    0.826463
     17300     0.98622    0.583485     0.83638    0.951459
     17350    0.904356    0.884367    0.731428     0.56447
     17400    0.872634    0.735404    0.615399    0.776818
     17450    0.965638    0.755331    0.757265    0.849082
     17500     1.07555     1.05154     0.92232    0.597652
     17550    0.980827    0.960042    0.570789    0.822534
     17600     1.00658    0.840014    0.744768    0.875268
     17650     1.05913    0.846401    0.778655      0.9596
     17700    0.754952    0.713933    0.328671     0.72262
     17750    0.802588    0.527588    0.755325    0.662896
     17800    0.815989    0.741903    0.387012    0.794655
     17850    0.790934    0.722033     0.67478    0.523922
     17900    0.762911    0.709211    0.628611     0.51569
     17950    0.772292    0.658291    0.753839    0.437321
     18000     0.63421    0.479925     0.60315    0.458615
     18050    0.876126     0.63895    0.746514    0.754753
     18100    0.891391     0.85013    0.367426    0.855238
     18150    0.839601    0.554624    0.724848    0.759503
     18200    0.978248    0.725515    0.723285    0.929745
     18250      1.0179    0.977282    0.407797    0.975129
