         0    0.920221    0.661815    0.907821    0.656867
        50    0.949942    0.809443    0.865657    0.632629
       100     1.03909     1.02828    0.708325    0.774801
       150     1.06833    0.984202    0.963307    0.621309
       200     1.07864     1.07124     0.93886    0.545819
       250     1.02138     1.00861    0.976874    0.338912
       300    0.983687    0.863882    0.954925     0.52641
       350     1.02907    0.736643    0.753313     1.00391
       400     1.02798      0.8774    0.744554    0.888422
       450      1.0553     0.93651    0.537606     1.03016
       500     1.05411    0.329435     1.03805     1.01795
       550    0.736612    0.657314     0.58854    0.553853
       600    0.919335    0.580371     0.76076    0.880209
       650    0.893016    0.478018    0.844128    0.808641
       700    0.894079    0.869667    0.584267    0.707859
       750     1.01455    0.347787    0.957354     1.01052
       800    0.845862    0.393035     0.78076     0.81664
       850    0.820002    0.742774    0.608142    0.650581
       900    0.854594     0.76526    0.825593    0.439812
       950    0.769243    0.426791    0.700705    0.714375
      1000    0.877215    0.335889    0.831655    0.857053
      1050    0.960558    0.539155    0.876021    0.887267
      1100    0.930361    0.840598    0.747124    0.682893
      1150    0.689788    0.594138    0.572602    0.520329
      1200    0.834483    0.656467    0.630356    0.751283
      1250    0.702222     0.66561    0.446276    0.586543
      1300    0.730531    0.470612     0.63813    0.662318
      1350     0.78957    0.550213    0.655536    0.717203
      1400    0.841923    0.434547    0.810302     0.75647
      1450    0.893003    0.789421    0.836562    0.521427
      1500    0.818709     0.71549    0.629453    0.657596
      1550    0.775526    0.696027    0.759476     0.37633
      1600    0.869467    0.837829    0.815037    0.381711
      1650    0.749618    0.702763    0.529526    0.591254
      1700    0.790309    0.485048    0.690431    0.732946
      1750     1.00806    0.557889    0.968899    0.884507
      1800    0.928359    0.903035    0.893711    0.330921
      1850    0.978279    0.921366    0.866652    0.560409
      1900    0.900965    0.890259    0.852522    0.322677
      1950     0.85066    0.835061    0.812768    0.298875
      2000    0.791295    0.772035    0.441714    0.679078
      2050    0.912163    0.666635    0.846556    0.709242
      2100    0.974542    0.647034    0.804946    0.912618
      2150    0.849758    0.829134    0.787575    0.369377
      2200    0.989008     0.35696     0.94609    0.966317
      2250     1.02385    0.847302    0.906667    0.746045
      2300     1.03639    0.957255     1.01607    0.446622
      2350     1.06983    0.375055      1.0622     1.01003
      2400     1.03907    0.976755    0.962817    0.527494
      2450     1.03237     1.00785    0.574396    0.886504
      2500     1.01232    0.994126    0.538963    0.877953
      2550     1.04859    0.998354     0.63224    0.895914
      2600     1.06276    0.852971     1.05497    0.646812
      2650    0.916492    0.730333    0.718389    0.794006
      2700     1.02243    0.899622     0.68561    0.900742
      2750     1.00163    0.537358    0.986849      0.8625
      2800    0.955101    0.874137    0.787993    0.662864
      2850     1.05196     1.04435    0.935787    0.496867
      2900    0.944851    0.785898    0.590582    0.905021
      2950    0.834754    0.405432    0.749608     0.81691
      3000    0.981897     0.81194    0.770961     0.82135
      3050    0.905241    0.565686    0.748295    0.871193
      3100     1.04292      1.0347    0.699384    0.784616
      3150     1.05007     0.98789    0.960858     0.55329
      3200    0.818651     0.77773    0.425361    0.744705
      3250     1.00273    0.938727    0.996286    0.370336
      3300    0.914851    0.828855    0.867181    0.484665
      3350     1.03184     1.00799      0.9738    0.406281
      3400     1.04755    0.952779    0.806248    0.798065
      3450     1.03999    0.446782    0.981185     1.00041
      3500     1.01869     1.00608    0.939677    0.424613
      3550    0.891935    0.877473    0.842814    0.332869
      3600    0.983114    0.542462    0.827387    0.976828
      3650    0.843273    0.807722    0.511171    0.713096
      3700    0.943324    0.908586     0.45693    0.863369
      3750    0.952525    0.492193    0.839014    0.931885
      3800    0.895521    0.560813    0.876926    0.721393
      3850    0.914449      0.4946    0.868909    0.820245
      3900     1.06276     1.03119    0.357507     1.03333
      3950     1.03995     1.00422    0.337355     1.02017
      4000     1.04961    0.991386    0.375519     1.03899
      4050    0.996898    0.862053    0.989383     0.51536
      4100    0.839556    0.769444    0.812654    0.396557
      4150     0.99035    0.890015      0.6019     0.89843
      4200    0.634838    0.535669    0.498589    0.520101
      4250    0.892365    0.820295    0.619281    0.732284
      4300     0.90018    0.807015    0.493372    0.852033
      4350    0.914485    0.454744    0.833027    0.878545
      4400    0.817515    0.401105     0.75086    0.782295
      4450    0.941586    0.595122    0.787134    0.894102
      4500     1.01725     0.70678    0.887396    0.884636
      4550    0.967791    0.468768    0.874548    0.942689
      4600     0.95631    0.797508    0.784759    0.759731
      4650    0.952276    0.945968    0.714349    0.639147
      4700    0.985961    0.825116     0.56661     0.97076
      4750    0.956396    0.750983     0.72867    0.857002
      4800    0.828288     0.38093    0.749062     0.81604
      4850     0.98859     0.76457    0.966949    0.659594
      4900    0.962513    0.887822    0.598747    0.840319
      4950    0.864184    0.847743    0.709885      0.5206
      5000    0.945291    0.914179    0.299551    0.928276
      5050    0.963669    0.638745    0.907623    0.790911
      5100    0.968223    0.687074     0.78934    0.883054
      5150    0.814052    0.716104    0.464156    0.772733
      5200    0.937779    0.829417    0.623679    0.825804
      5250     1.08639     1.08203     1.08216    0.136398
      5300    0.965977    0.785294    0.912315    0.645923
      5350     1.01579    0.946511    0.660162    0.855554
      5400     1.03317    0.490312     1.02502    0.918587
      5450     1.06766    0.420727       1.065     0.98416
      5500     0.96526      0.6917    0.937957    0.710803
      5550     0.90123    0.832634    0.752795    0.603698
      5600     1.04168    0.952168    0.526778    0.993019
      5650    0.978773    0.601241    0.814064    0.944354
      5700    0.986081    0.978426    0.968646     0.22163
      5750     1.02444    0.609287    0.965273    0.892166
      5800     1.05953    0.675422     1.04896    0.829884
      5850     1.02157    0.705878     1.01366    0.749289
      5900     1.02595    0.659309    0.866185    0.959257
      5950    0.804832    0.703123    0.759742    0.473202
      6000    0.970686    0.771036    0.748812     0.85396
      6050    0.905136    0.640004    0.897998    0.650029
      6100    0.879028    0.847938     0.32155    0.850286
      6150     1.02442     1.01099    0.733287    0.734193
      6200     1.03068     1.02513    0.419701    0.947389
      6250     1.00146    0.891802    0.568197     0.94217
      6300    0.996135    0.285079    0.984002    0.966975
      6350    0.920921    0.906566    0.836282    0.418285
      6400     1.03956    0.693796     1.01847    0.801711
      6450     1.06894    0.709789     1.02653     0.85305
      6500    0.953631      0.7845    0.587555    0.926371
      6550    0.924778    0.842066    0.518328    0.855972
      6600    0.920208    0.438567    0.842827    0.889307
      6650     0.89623     0.73551    0.760055    0.698425
      6700    0.853376    0.387168    0.800081    0.816377
      6750    0.835902    0.527868    0.747148    0.748726
      6800     1.02839    0.413728    0.953967     1.01683
      6850     1.04417    0.803928    0.727721     1.00234
      6900    0.974822    0.597045    0.788582    0.960328
      6950    0.898665    0.697785    0.607997    0.870996
      7000    0.910942    0.669511    0.718229    0.833986
      7050    0.990149    0.830503    0.913986    0.660064
      7100    0.944013    0.360866     0.88735    0.929896
      7150     1.02271    0.903526    0.498725     1.01331
      7200     1.02099    0.591421    0.948915    0.913574
      7250    0.961732    0.374079    0.890769    0.957314
      7300    0.872263    0.846526    0.402773    0.801782
      7350    0.755052    0.612541    0.570204    0.663225
      7400    0.990031     0.77484    0.955039    0.669215
      7450     1.05446    0.587258    0.883087     1.04837
      7500     1.04787    0.955703    0.624838    0.944593
      7550     1.08547    0.778706    0.888422    0.980211
      7600     1.03085    0.999185    0.363619    0.997358
      7650     1.03424    0.946252    0.649828    0.906444
      7700     1.09866     1.08621     1.09154    0.206834
      7750    0.986774    0.313905    0.972508    0.950335
      7800    0.919249    0.772908    0.723718    0.754244
      7850    0.983688    0.714887    0.720134    0.951646
      7900    0.892988    0.651373    0.811598    0.715457
      7950     0.83452    0.792554    0.586604    0.648537
      8000    0.995101    0.968086     0.64515    0.791862
      8050    0.936089     0.92247    0.316697    0.895142
      8100    0.994417    0.448937    0.971703    0.912128
      8150     1.00739     0.88544    0.885761    0.679031
      8200     1.02242    0.705977     1.01129    0.754703
      8250     1.09237    0.760102     1.07635    0.806394
      8300     1.03364     0.31122     1.02196    0.997771
      8350    0.946561    0.894457    0.865996    0.491888
      8400     1.01389    0.737114    0.897478     0.84092
      8450    0.902387    0.886905    0.809305    0.432467
      8500    0.949164     0.84665    0.604671    0.848163
      8550    0.791099    0.716701    0.408977    0.755481
      8600    0.944424    0.377897    0.890824    0.920596
      8650     1.03452     0.86907    0.633125    0.992146
      8700    0.947088     0.92482    0.717303    0.651258
      8750    0.847576    0.809745    0.357231    0.808374
      8800    0.956058    0.843293    0.713578    0.779587
      8850    0.941807    0.330483    0.901652    0.922934
      8900     0.73369    0.474183    0.688927    0.614111
      8950    0.722917     0.54715    0.493716    0.708583
      9000    0.706485    0.496352    0.579963    0.644609
      9050     0.81146    0.665054    0.575986    0.736802
      9100    0.806109    0.346237    0.746026    0.789422
      9150    0.797212    0.685219    0.671666    0.591974
      9200    0.885448     0.61757    0.687635    0.844868
      9250     0.84608     0.76175    0.542116    0.746693
      9300    0.923038    0.527306    0.908685     0.77475
      9350    0.967251    0.704297    0.810029    0.847919
      9400    0.963438    0.913374    0.846484    0.552846
      9450    0.946979    0.495788    0.920708    0.836677
      9500    0.939236    0.498863    0.888777    0.851785
      9550    0.986178    0.920996    0.412202    0.962783
      9600    0.927324    0.349171    0.885774    0.901856
      9650     1.03326    0.674174     1.02228    0.797299
      9700    0.915264    0.339002    0.873808    0.892722
      9750    0.826221     0.70853    0.676783    0.636579
      9800    0.982316    0.621701    0.819734    0.933495
      9850    0.945032    0.929387    0.783473      0.5555
      9900    0.880351    0.644369    0.718762    0.786261
      9950    0.985424    0.957081    0.824456    0.588547
     10000     1.00539    0.990162    0.549826    0.859575
     10050    0.980257    0.970096    0.902081    0.408619
     10100     0.99181    0.972574    0.208588    0.988922
     10150    0.946862    0.725023    0.625244    0.936219
     10200    0.950134    0.923378    0.455654    0.863285
     10250    0.933051    0.865032    0.438833    0.894603
     10300    0.993523     0.96746    0.616196    0.811479
     10350     0.85185    0.560693    0.790441    0.715628
     10400    0.885364    0.840363    0.680684    0.631029
     10450    0.932224    0.900791    0.720882    0.637954
     10500    0.893078    0.681691    0.668524    0.826769
     10550    0.898206    0.848651    0.374385    0.867857
     10600    0.897989    0.569917    0.745854    0.855375
     10650    0.867562    0.330752    0.850549    0.820059
     10700    0.869021    0.474925    0.842391    0.758432
     10750    0.950575    0.584533    0.849268    0.862699
     10800    0.800541    0.391216     0.76923     0.73278
     10850    0.754734    0.670245    0.685756    0.468783
     10900     0.76324    0.689053    0.634949    0.535831
     10950     0.94342    0.866051    0.899859    0.469352
     11000    0.999487    0.973016    0.342274    0.966455
     11050    0.917184    0.864521    0.349613    0.901569
     11100    0.837245    0.797266    0.641972    0.595145
     11150    0.936225    0.903435    0.752517    0.608735
     11200     1.03281    0.774681    0.824582    0.923754
     11250    0.928768    0.883524    0.376552    0.895998
     11300    0.754951    0.646792    0.664566     0.52907
     11350    0.819822    0.776915    0.651975    0.561737
     11400    0.892274    0.504024    0.783634     0.85099
     11450    0.923626    0.916446    0.491077    0.790657
     11500    0.881038    0.540082    0.757152    0.829148
     11550    0.954633    0.876903    0.475136    0.909909
     11600    0.916663     0.88766    0.535155    0.778596
     11650     1.02534    0.862938    0.663619    0.957901
     11700    0.965099    0.682366    0.792315    0.877182
     11750     1.00765    0.994933    0.861781    0.546027
     11800    0.965276     0.36396    0.957896    0.901933
     11850    0.842968    0.609265    0.708527    0.740254
     11900    0.991919    0.864987    0.649283    0.893328
     11950    0.940071    0.784954    0.901276    0.582249
     12000     1.01358    0.988343    0.402939     0.95683
     12050    0.934478    0.897584     0.37818    0.893209
     12100    0.998971    0.736468    0.689411    0.989047
     12150    0.837533    0.669123    0.602981    0.769163
     12200    0.817573    0.682816    0.545217    0.757199
     12250    0.768066    0.727991    0.687815    0.420465
     12300    0.949596    0.932459    0.812602    0.523128
     12350    0.946339    0.931013    0.880796    0.385394
     12400     1.01292    0.984725    0.989201     0.32219
     12450     1.06932    0.956391    0.645485    0.977532
     12500     1.05103    0.732519     1.00681    0.811847
     12550     1.04063      1.0096    0.462503    0.965711
     12600    0.839748    0.455325    0.822863     0.72521
     12650    0.843432    0.685693    0.829591    0.514159
     12700    0.881313    0.486219    0.803435    0.819456
     12750    0.860941    0.739552     0.71393    0.652537
     12800    0.828165    0.680667    0.587832     0.75024
     12850     0.94248    0.616392    0.908296     0.75604
     12900    0.853724    0.780825    0.794569    0.465469
     12950      1.0179     1.00566    0.479566    0.911538
     13000     1.01951    0.394681    0.990049    0.971004
     13050    0.961955    0.935987    0.842906    0.513959
     13100     1.02702    0.661643    0.936389    0.891598
     13150     1.03618    0.314835    0.999895     1.02392
     13200     1.04475     0.59573    0.907785     1.00203
     13250    0.985293    0.603161      0.7981    0.969968
     13300    0.938466     0.89507    0.630333    0.750312
     13350    0.882388    0.844443      0.4055    0.824442
     13400    0.955388     0.88466    0.886234    0.507441
     13450      0.7941    0.729678    0.655346    0.547067
     13500    0.774296    0.758768    0.647508    0.451745
     13550    0.699845    0.539093    0.479555    0.677474
     13600    0.659701    0.527417    0.487213    0.595706
     13650    0.917864    0.859927    0.825449    0.513914
     13700     0.76694     0.59732    0.609558    0.669359
     13750     0.64667    0.406573    0.572881    0.585551
     13800    0.973609     0.86734    0.934343    0.520148
     13850    0.935857    0.656822    0.716928    0.897918
     13900    0.976121    0.957844    0.401855    0.909214
     13950      1.0525    0.869551    0.825397    0.882116
     14000     1.03684    0.827389     1.02606    0.642429
     14050     1.03145    0.249093     1.00777     1.02476
     14100     1.05804    0.987271    0.616963    0.939969
     14150     1.03747    0.973128    0.622962     0.90423
     14200      1.0082    0.900958    0.678607    0.872192
     14250     1.00967    0.812604     0.87802    0.779507
     14300     1.03378     1.02138     0.23024     1.02038
     14350    0.769642    0.645474    0.517678    0.707157
     14400     1.06874     1.05747    0.399414     1.00331
     14450      1.0304    0.715121     0.91747    0.877666
     14500     0.98975    0.573356    0.853062    0.950136
     14550    0.819148    0.605476     0.77779    0.608643
     14600    0.997715    0.984127    0.915432    0.429359
     14650    0.870743     0.78911     0.54448    0.772808
     14700    0.893131    0.415031    0.827561    0.859219
     14750     1.06734    0.816703    0.920033    0.874621
     14800      1.0169    0.963857    0.662569    0.836748
     14850    0.921885    0.741837    0.765899    0.750212
     14900    0.703799      0.6379    0.552261    0.527975
     14950    0.873401    0.614774    0.833438    0.673121
     15000     1.04905     0.76916    0.723933     1.04178
     15050     1.07845     1.06874    0.165951     1.07535
     15100     1.01784    0.754765    0.926465    0.802501
     15150     1.00896     0.84187    0.703841    0.912068
     15200    0.933956    0.845127    0.901274     0.46692
     15250    0.969359    0.918746    0.467554    0.903668
     15300     1.00394    0.611898    0.980624    0.824464
     15350    0.993788    0.959436    0.988094    0.279968
     15400    0.955434     0.92487    0.408299    0.896446
     15450     1.03432     1.01638     1.01445    0.278367
     15500     1.04143      1.0152    0.788528    0.718858
     15550     1.01633    0.332455    0.991655    0.985867
     15600    0.909794    0.849992     0.90181    0.345982
     15650     0.78823    0.659958    0.614433    0.655394
     15700    0.925991    0.722426    0.808134    0.734807
     15750     1.01651    0.668414    0.967901    0.826429
     15800     1.03598    0.860635    0.874841    0.800293
     15850     1.07492    0.736094    0.994502    0.883204
     15900    0.948072    0.601893    0.772302    0.915945
     15950     1.01867    0.944984    0.831224    0.701045
     16000    0.988837    0.669844    0.906378    0.827881
     16050    0.937612    0.746254    0.753093    0.796358
     16100    0.832808    0.725821    0.778056    0.504929
     16150    0.945908    0.786869     0.79602    0.732579
     16200    0.935803     0.91287    0.693614    0.661078
     16250    0.952007    0.539843    0.906131    0.836739
     16300    0.791718    0.774335    0.620024     0.51924
     16350    0.904734    0.864355    0.828825    0.450587
     16400    0.860149    0.585854    0.818191     0.68341
     16450    0.922447     0.73586    0.825332     0.69221
     16500    0.816691    0.711245     0.69861    0.583132
     16550    0.800698    0.553277    0.654687    0.739934
     16600    0.951093    0.761427    0.917985    0.621843
     16650    0.987655    0.820454    0.970198    0.580081
     16700    0.781112    0.684847    0.567257    0.655344
     16750    0.892849    0.794784    0.536819    0.821281
     16800    0.911068    0.538687    0.892194     0.75756
     16850    0.849965    0.738283    0.604729    0.730836
     16900    0.797032    0.584506    0.736509    0.621633
     16950     0.81384    0.435027    0.776406    0.729804
     17000    0.902316    0.845875    0.805673    0.513551
     17050    0.839256    0.708583    0.629788    0.714127
     17100    0.933102    0.923847    0.534313    0.776128
     17150    0.959939    0.906836    0.931373    0.391353
     17200    0.985046    0.951168    0.960847    0.335687
     17250    0.887606    0.363465    0.830982    0.867784
     17300    0.908763    0.729183     0.61535     0.86101
     17350    0.928802    0.321553    0.883867    0.916914
     17400    0.744805    0.614651    0.648195    0.558136
     17450    0.687009    0.605607    0.583689    0.486322
     17500    0.897625    0.832133    0.680605    0.675125
     17550    0.933406    0.660772    0.837196    0.777802
     17600    0.890127    0.576041    0.860988    0.715213
     17650     0.90187    0.881063    0.762266    0.519055
     17700    0.921069    0.792761    0.907782    0.494166
     17750    0.941586     0.76442    0.626029    0.892702
     17800     0.94954    0.424324    0.883652    0.917802
     17850     0.97821    0.221743    0.966017    0.965106
     17900    0.982677    0.977124    0.936857    0.314386
     17950     0.99501    0.738937    0.972652    0.698576
     18000    0.958707    0.930736     0.59581    0.785479
     18050     1.01561    0.584372    0.840324     1.00762
     18100    0.994157    0.955778    0.643061    0.806014
     18150     1.00069    0.880092     0.61277    0.923428
     18200     1.00222    0.973858    0.944746    0.409796
     18250     1.09203     1.03666    0.767436     0.84936
     18300     1.03737    0.774029    0.920581    0.840043
     18350     1.04046    0.929428    0.501372     1.02465
     18400     1.03691     0.19994     1.02869     1.02575
     18450     1.01392    0.962697    0.432147    0.970843
     18500    0.763833    0.512848    0.668132    0.676364
     18550      1.0207     0.90512    0.851602    0.734304
     18600    0.741927    0.548674     0.72414    0.524869
     18650     1.02467    0.155396     1.01892     1.01861
     18700    0.886781    0.767801    0.819848    0.557754
     18750    0.974788    0.271633    0.949474     0.96184
     18800    0.966921    0.939155    0.851941    0.511913
     18850    0.872952    0.839427     0.56425    0.707866
     18900    0.978695    0.795306    0.687833    0.900035
     18950    0.988367    0.404227    0.947831    0.944435
     19000    0.993915    0.650737    0.841404    0.918867
     19050    0.975649    0.862748    0.506678    0.950118
     19100    0.883348    0.468651    0.843603    0.793289
     19150    0.965678    0.866105    0.472654    0.944207
     19200    0.940717    0.910648    0.673824    0.697552
