         0    0.916581    0.658948    0.904644    0.653948
        50     1.01361    0.626778    0.982282    0.834903
       100     1.04271     1.02334     1.03599    0.232425
       150     1.03221    0.687525    0.928434    0.892324
       200    0.921762    0.492713    0.805876    0.898382
       250     1.06402    0.791204    0.858402    0.949436
       300     1.03593    0.960676    0.969471    0.532486
       350     1.03966    0.724323    0.876753    0.931915
       400    0.953122    0.591449    0.795564    0.913318
       450    0.918183    0.395428    0.901087     0.84723
       500    0.977519    0.952588    0.936528    0.355779
       550    0.986615    0.898055    0.971298     0.44373
       600     1.04283    0.756822     1.01537    0.755796
       650      1.0298    0.818852     1.01818    0.643234
       700     1.05947    0.974978    0.465654     1.03805
       750     1.00595    0.950627    0.850447    0.630004
       800    0.932206      0.9039    0.896278    0.343027
       850     1.06484     0.59659    0.965461    0.989805
       900     1.04949    0.378955     1.02748     1.00177
       950     1.05993    0.253567      1.0439     1.04541
      1000     1.05768      1.0457     1.04987    0.204147
      1050     1.07602    0.818803    0.967816    0.841732
      1100    0.860325    0.746329    0.833329    0.478409
      1150    0.812515    0.631609    0.719294    0.635646
      1200    0.919079    0.842633    0.689916    0.709506
      1250    0.783102    0.514024    0.666223    0.720017
      1300    0.931526    0.690538    0.728191     0.85345
      1350    0.890195     0.59533    0.827646    0.738566
      1400    0.696049    0.627047    0.493401    0.576485
      1450    0.947336    0.940266     0.18863    0.935527
      1500    0.867548    0.626485    0.824768    0.657686
      1550     0.99413    0.864723    0.577321     0.94633
      1600    0.954449    0.562066    0.838589    0.895987
      1650    0.817341    0.690118     0.75827    0.533719
      1700    0.894186    0.848619    0.828659    0.438528
      1750    0.963506    0.957986    0.760865    0.600027
      1800     1.03192    0.501261      1.0127    0.923523
      1850    0.848196     0.78486     0.67288    0.608359
      1900    0.819545     0.65934    0.627132    0.717832
      1950     0.88792    0.602684    0.828536    0.726019
      2000    0.917779     0.52041     0.77203    0.904311
      2050     1.07227    0.381281      1.0074     1.06736
      2100    0.911774    0.852955    0.571226    0.780277
      2150     1.01134    0.550538    0.943025    0.923708
      2200    0.845021    0.464689    0.794259    0.762456
      2250    0.849902    0.685922     0.79404    0.586241
      2300    0.966249    0.337666     0.95029    0.922066
      2350    0.999215    0.882906    0.993411    0.480075
      2400    0.955428    0.757031    0.914104    0.645757
      2450    0.862829    0.854871    0.626494    0.604688
      2500    0.889172    0.843175    0.827389    0.430972
      2550    0.907187    0.880571    0.543078    0.758708
      2600    0.974133    0.934951     0.29638    0.967417
      2650    0.910206    0.568363    0.724456    0.899487
      2700     1.02867    0.489744    0.965574    0.971679
      2750    0.944923    0.768883    0.571448    0.931679
      2800    0.955978    0.944937    0.931197    0.260295
      2850     1.03356    0.985722    0.860473    0.651486
      2900    0.866728    0.816774    0.769883     0.49254
      2950    0.985518     0.94777     0.50431     0.88876
      3000    0.911499    0.502155    0.784138    0.891419
      3050    0.982215    0.465145    0.906469    0.944164
      3100    0.916047    0.712033    0.692668    0.831568
      3150    0.957804     0.44644    0.914774    0.893676
      3200    0.931912    0.834293    0.511537    0.882725
      3250    0.810891    0.712241    0.722579    0.534491
      3300    0.796437    0.719216    0.482034    0.720413
      3350    0.901119    0.865865    0.357688    0.863926
      3400    0.932915    0.576677    0.791611    0.884001
      3450     0.85072    0.807439      0.4469    0.771862
      3500     0.85866     0.70081     0.65124    0.747894
      3550    0.902474     0.41546     0.88979    0.815221
      3600    0.928154    0.496174    0.792942    0.920867
      3650     1.05773    0.912201     1.04324     0.56314
      3700    0.925401    0.874145    0.729504    0.645312
      3750     1.04822     1.02661     0.77229    0.739717
      3800     1.04387     1.01698    0.560813    0.911351
      3850     0.89608    0.860024    0.796343    0.481783
      3900    0.936236    0.864855    0.880296    0.479771
      3950    0.815861    0.783637    0.648186    0.545001
      4000    0.920751    0.582437    0.897502    0.742175
      4050    0.973009    0.858069    0.630627    0.871505
      4100    0.980471    0.479252    0.951162    0.887837
      4150    0.738398     0.60331    0.441301      0.7292
      4200    0.701277    0.519569    0.611801    0.582519
      4250    0.816188    0.742318    0.660876    0.586968
      4300    0.872236    0.522741    0.826096    0.752263
      4350    0.944537    0.817647    0.524594    0.916817
      4400    0.991481    0.604806    0.806133    0.974898
      4450    0.851102    0.329972    0.793292    0.842944
      4500    0.939788    0.597277     0.91515    0.756416
      4550    0.931398     0.40777    0.858856    0.911643
      4600    0.867764    0.693306    0.815292    0.600545
      4650     1.01404    0.995214    0.842432    0.597007
      4700    0.923185     0.77714    0.609962    0.853545
      4750    0.783493    0.611968    0.596001    0.705691
      4800    0.872751    0.698544    0.746884    0.691077
      4850    0.841856    0.636426    0.720584    0.702255
      4900    0.977873    0.939715    0.479836    0.893961
      4950    0.993271    0.409929    0.926275    0.973216
      5000     1.04923    0.902357    0.897468    0.762922
      5050    0.928806    0.879459    0.464872    0.857791
      5100     1.07586    0.858171    0.864878    0.911297
      5150    0.732626    0.600631    0.645068    0.544621
      5200    0.752109    0.580001    0.490691    0.744416
      5250    0.927046    0.904175    0.788787    0.528307
      5300      1.0652    0.600631     1.05717    0.889357
      5350     1.06788     0.91372      1.0601    0.567472
      5400    0.995175    0.906349    0.596364    0.896452
      5450    0.817811     0.76484    0.695243    0.518928
      5500    0.928013    0.699823    0.870524    0.689097
      5550      0.9237    0.530797    0.815083    0.871974
      5600    0.983554    0.792463    0.586532    0.981193
      5650    0.820223    0.682907    0.472473      0.8099
      5700     1.02242     0.97524    0.558796    0.909577
      5750    0.892848    0.889346    0.335374    0.831231
      5800     1.09296     1.06295    0.660993     0.90683
      5850    0.769361    0.657436    0.541298    0.677204
      5900     0.93245    0.564708     0.76902    0.910295
      5950    0.959947    0.846162    0.917471    0.534093
      6000    0.848014    0.528623    0.674158    0.839239
      6050    0.769808    0.747466    0.549461    0.569734
      6100    0.880733    0.839082    0.488611    0.780116
      6150     0.99683     0.62091    0.932448    0.855775
      6200     0.89867    0.874213    0.300068     0.87231
      6250     0.95262    0.745959    0.919681     0.64242
      6300     1.02702    0.614106     1.00568    0.849146
      6350     1.05414    0.976708     1.01205    0.494194
      6400      1.0249    0.934883    0.439855     1.01655
      6450    0.791928    0.684923    0.582982    0.667318
      6500    0.883899    0.776424    0.469074    0.860053
      6550    0.801963    0.640396    0.567506    0.744392
      6600    0.864224    0.825605     0.74709    0.503986
      6650     1.05452    0.609926    0.890178     1.02937
      6700     1.00773    0.808902    0.800387     0.85796
      6750     1.00599    0.630609    0.942956    0.858595
      6800     0.92088    0.542148    0.802961    0.870269
      6850    0.940987    0.890043    0.532818    0.833571
      6900    0.875183    0.446398    0.763625    0.865734
      6950    0.991389     0.27337    0.960292    0.984283
      7000    0.919936    0.857548    0.683772    0.699737
      7050    0.886757    0.562528    0.864634    0.713193
      7100     1.02547    0.934561    0.959251     0.55642
      7150    0.897628    0.836561    0.763956     0.57272
      7200      1.0648    0.950269    0.561314     1.02446
      7250      1.0174     0.93378    0.989888    0.467326
      7300     1.04277     1.01397    0.941717    0.509687
      7350    0.897191    0.757532    0.885415    0.502085
      7400     1.00726    0.995507    0.221382    0.994538
      7450     0.66878    0.530657    0.630856    0.463633
      7500    0.738122     0.54277    0.675794    0.581679
      7550    0.865067    0.855633     0.71603    0.501873
      7600    0.854587    0.746002    0.846556    0.432969
      7650     0.90209    0.804992    0.614954     0.77547
      7700     1.02012     1.01004    0.252608    0.998653
      7750    0.987854    0.951658    0.964121    0.341365
      7800     0.86595    0.697277    0.559771     0.83678
      7850    0.888057    0.874728    0.550816    0.713264
      7900     1.06258    0.995225    0.485066     1.01606
      7950     1.00821    0.986293    0.818594    0.624569
      8000    0.956644    0.911712    0.683271    0.729559
      8050    0.835277    0.465459    0.769206    0.766189
      8100    0.902026    0.691562     0.87541    0.618631
      8150     1.01253    0.746822    0.702007     0.99994
      8200    0.904972    0.496778    0.789091    0.876638
      8250    0.981542    0.726481     0.69336    0.958294
      8300        1.01    0.936548    0.750595    0.774395
      8350      1.0482     0.76557     1.01555    0.761584
      8400     1.05777    0.802697    0.811712    0.966732
      8450     1.05177    0.963875     1.03245    0.466327
      8500     1.03145    0.934476    0.766032    0.817157
      8550     1.01915    0.987777    0.652505    0.822108
      8600     1.06296    0.680723    0.979444    0.914919
      8650     1.00421    0.959684    0.782437    0.695467
      8700    0.808212    0.778382    0.333681    0.767588
      8750    0.974132    0.949226    0.565846    0.822589
      8800     1.01625     0.77882    0.890991    0.815545
      8850    0.950909    0.932336    0.947811    0.202139
      8900    0.809978    0.734773    0.499084    0.723292
      8950    0.852426     0.73924    0.558653    0.771163
      9000     0.91939    0.701928     0.88447    0.644644
      9050    0.945363    0.909301     0.57141    0.796295
      9100     1.01727    0.856331    0.872571    0.758293
      9150    0.761819    0.746345    0.462517    0.624327
      9200    0.873683     0.84698    0.673892    0.595934
      9250    0.781313    0.717256    0.593544    0.595103
      9300    0.829143    0.648728    0.750438    0.625261
      9350    0.943179    0.826335    0.518172    0.909859
      9400    0.713403    0.599474    0.521373    0.621843
      9450    0.818112     0.58868    0.787233    0.610191
      9500    0.823889    0.470589    0.740888      0.7663
      9550     1.03109    0.704705    0.877839     0.92686
      9600     1.07194    0.962773    0.483384     1.06654
      9650      1.0351     0.46638    0.949971      1.0114
      9700    0.966292    0.369043    0.927314    0.933454
      9750     1.06778      1.0007    0.763104    0.834622
      9800     1.04425    0.811176    0.802556    0.937444
      9850    0.905221    0.899322    0.415469    0.810835
      9900    0.980725    0.884493    0.480123    0.954356
      9950    0.938131    0.835897     0.92912    0.445186
     10000    0.939865    0.856141    0.460627    0.906387
     10050     1.05726    0.873517     1.03811    0.628385
     10100    0.941522    0.736156    0.664565    0.888457
     10150    0.955977    0.948407    0.843357    0.465892
     10200     1.03128      1.0156    0.899302    0.535613
     10250      1.0133    0.949622    0.540923    0.926927
     10300     1.05632     1.04907    0.521971    0.926622
     10350     1.06119    0.975378    0.464221     1.04182
     10400     1.08736     0.96771     1.00328    0.649367
     10450     1.05619     1.04969    0.585637    0.886719
     10500    0.929261    0.893219     0.90055    0.343832
     10550     1.05759    0.709294    0.988063    0.870418
     10600     1.04126    0.544265    0.942846    0.991596
     10650    0.992662    0.857216    0.825873    0.744225
     10700     1.04476    0.923583    0.978851    0.609821
     10750     1.05271     1.01064    0.419416      1.0095
     10800     1.02795    0.577138     1.01329     0.86805
     10850     1.03512     0.88663    0.633217    0.977689
     10900     1.05503    0.813816    0.824449     0.94031
     10950     1.01648    0.205607    0.999217      1.0128
     11000      1.0384    0.882034    0.560334     1.03179
     11050     1.01995    0.967135    0.859519    0.637544
     11100     0.66325    0.463245    0.656121     0.48447
     11150    0.632785    0.621572    0.530008     0.36548
     11200    0.927378    0.897021     0.90229    0.318258
     11250    0.857349    0.598314    0.648038    0.831962
     11300    0.859958    0.843103    0.706943    0.518137
     11350    0.894379    0.437955    0.802423    0.874151
     11400    0.940833    0.735682    0.789491    0.778338
     11450    0.853435    0.629203    0.840327    0.595531
     11500     1.04649    0.946942    0.782324    0.825569
     11550     1.04532    0.597179     0.89856     1.01062
     11600     1.05038    0.715748    0.820231     1.01071
     11650     1.02984      1.0139    0.662834     0.80857
     11700    0.888472    0.811244    0.858655    0.428204
     11750    0.813694    0.371251    0.762917    0.777383
     11800    0.950497    0.924688     0.94074    0.258555
     11850    0.834162    0.578472    0.745162    0.708347
     11900    0.793999    0.698613    0.683837    0.552428
     11950    0.959456    0.919088    0.327388    0.942977
     12000    0.803489    0.699591    0.715349    0.538552
     12050    0.825578     0.75376    0.440245    0.775363
     12100     1.01655    0.597961    0.882244    0.964795
     12150      1.0031    0.778434    0.792818    0.881996
     12200    0.927051    0.656001    0.786377    0.818609
     12250    0.895725    0.689022    0.815352    0.681981
     12300     1.05846      1.0399     1.02059    0.343017
     12350     1.00726    0.254972    0.993081    0.988905
     12400     1.05849    0.440743     1.01488     1.00825
     12450     1.01873    0.884677    0.637794    0.941376
     12500     1.01016    0.857329    0.727486    0.881243
     12550    0.943647    0.875889    0.726101     0.69752
     12600    0.937409    0.894722    0.696247    0.687155
     12650    0.834949     0.76267    0.803162    0.409322
     12700    0.805799    0.786679     0.60168    0.563685
     12750     1.04726     1.00554    0.840812    0.689501
     12800    0.949896    0.924375    0.312954    0.923145
     12850     1.00186    0.902933    0.503749    0.968709
     12900    0.840292    0.770399    0.775954    0.465364
     12950    0.885499    0.320384    0.856541    0.855517
     13000     1.02337    0.884818     1.00011    0.558067
     13050     1.01481    0.743131    0.718953     0.99526
     13100     1.04407      1.0362     1.03413    0.192412
     13150     1.07406     1.05447     1.06708    0.238042
     13200     1.02858    0.954433    0.733873     0.81637
     13250    0.861117    0.636122    0.590675    0.854106
     13300    0.942694    0.826598    0.874502     0.57387
     13350    0.988904    0.438998    0.915007    0.962239
     13400     0.72905    0.692064    0.602859     0.46972
     13450    0.828816    0.373169     0.77515    0.796089
     13500    0.754751    0.724738    0.568569    0.539241
     13550    0.810426    0.793512    0.522477    0.641043
     13600     1.00744    0.856974    0.773868    0.834619
     13650     1.02157     0.86405    0.792556    0.844098
     13700     1.01461    0.959956     0.98936    0.398129
     13750    0.942206    0.753631    0.671519    0.869832
     13800     1.07107     1.06467    0.581824    0.906841
     13850    0.971733    0.710444    0.903506     0.75331
     13900    0.989632    0.794268    0.978258     0.60901
     13950     0.94323    0.875679    0.623518    0.789796
     14000    0.939662    0.897523    0.882964    0.425153
     14050       1.058    0.205165     1.04089     1.05507
     14100    0.887527    0.879421    0.860642    0.247636
     14150    0.896531    0.752404    0.838221    0.582073
     14200     1.04363    0.684705     0.92751    0.921543
     14250    0.999164    0.971725    0.970119    0.333583
     14300     0.72348    0.668089    0.575388    0.519068
     14350    0.842994    0.616111    0.749956    0.692279
     14400     1.01269    0.954453    0.956254    0.475074
     14450    0.921139    0.709575     0.89359    0.628486
     14500     0.91962    0.327459    0.907841    0.871778
     14550    0.829262    0.795255    0.470111    0.722437
     14600    0.728841    0.510637    0.709241    0.546485
     14650    0.856786    0.796368    0.357845    0.840185
     14700    0.928542    0.737254    0.667701    0.857329
     14750    0.798028    0.735262    0.536416    0.667342
     14800    0.813006    0.402562    0.754808    0.768223
     14850    0.999558    0.502414    0.907604    0.960243
     14900    0.774332    0.677741    0.733606    0.449078
     14950    0.847999    0.664631    0.661118    0.747925
     15000    0.930634    0.415983     0.87019    0.895481
     15050    0.912841     0.84282    0.764209     0.61008
     15100    0.918965     0.50011    0.798792    0.894883
     15150    0.820189      0.7406    0.396821    0.799665
     15200    0.870399    0.588052    0.695715    0.827867
     15250    0.922453    0.794276    0.617013    0.830818
     15300    0.950214    0.557917    0.930311    0.793135
     15350    0.878459    0.737361    0.538908    0.842175
     15400     0.92467    0.637026    0.829139    0.785337
     15450    0.910382    0.674262    0.671819    0.866961
     15500    0.879476    0.818959     0.64841     0.67515
     15550    0.966754    0.954088    0.701113    0.683654
     15600     0.90201    0.754865    0.620257    0.820187
     15650     1.04043    0.366632     1.03001    0.984713
     15700     1.01854    0.847213    0.936892     0.69233
     15750     0.94863    0.207275    0.943201    0.931239
     15800     0.92324    0.898389    0.892161    0.318887
     15850    0.862926    0.642343    0.800488    0.660224
     15900      0.8719    0.791433    0.537751    0.777738
     15950    0.952849    0.926212    0.284029    0.936643
     16000    0.890069    0.867337    0.634826    0.655109
     16050    0.742683    0.629985    0.669309    0.508232
     16100    0.719887    0.505155    0.684504    0.559238
     16150    0.704329    0.665093    0.395574    0.627162
     16200    0.767548    0.724406    0.354371    0.726578
     16250    0.705764    0.660536    0.655066    0.361642
     16300    0.702343    0.662007    0.436797    0.597934
     16350    0.691044    0.462113    0.595555    0.621973
     16400    0.696188    0.443919     0.68684    0.548218
     16450    0.764934    0.632833    0.721562    0.499117
     16500     0.65098    0.618527    0.512017    0.450349
     16550    0.802715    0.659096    0.509916    0.770897
     16600    0.930689    0.896908    0.768223    0.581167
     16650    0.870034    0.858764    0.419119    0.775101
     16700     0.89508    0.798333    0.626566    0.756583
     16750    0.881499    0.519317    0.819654    0.782661
     16800     0.83088    0.702152    0.585196     0.73841
     16850     1.08722    0.516638     1.08333    0.961018
     16900     1.03053     1.02003     1.01072    0.248993
     16950       0.937    0.881171    0.660195    0.737304
     17000    0.743836    0.652332    0.624533     0.53945
     17050     0.86411    0.753691    0.711548    0.647319
     17100    0.872179    0.843314    0.826462    0.356616
     17150    0.744953    0.468825    0.598638    0.729209
     17200     1.01768    0.761033    0.976956    0.733307
     17250     1.02414     1.01447    0.239602     1.00557
     17300    0.972515     0.57127    0.843185    0.924262
     17350    0.899438    0.848576    0.858567     0.40095
     17400    0.956756    0.702357    0.914028    0.708527
     17450    0.965374    0.929275    0.915663    0.402373
     17500     1.00999    0.954421    0.989061    0.388596
     17550    0.952106    0.914796    0.866348    0.474973
     17600    0.930178    0.781417    0.875076    0.595055
     17650     1.04282    0.418824    0.991031     1.00865
     17700    0.996307    0.964271    0.750551    0.701504
     17750     1.01496    0.810803    0.744989    0.920797
     17800    0.908475    0.803623    0.876591    0.486244
     17850    0.956636    0.826741    0.497659    0.948229
     17900    0.887767    0.870333    0.333425    0.841195
     17950    0.864584    0.418419    0.810732    0.814033
     18000    0.778226    0.727504    0.467769    0.680589
     18050    0.897685     0.52237    0.775871    0.858389
     18100    0.911666    0.619674    0.901094    0.682864
     18150    0.795044    0.637888     0.70074    0.605188
     18200    0.988042    0.633302    0.931378    0.826993
     18250    0.989223    0.944638     0.35108    0.970322
     18300    0.901797    0.845554    0.546164    0.783083
     18350    0.969994    0.879693    0.433201    0.959298
     18400    0.776317    0.685343    0.616421    0.596378
     18450    0.954658    0.478842    0.899365    0.885774
     18500    0.967862    0.883644    0.610371    0.848608
     18550    0.945515    0.400507    0.892563     0.91155
     18600    0.945188     0.59589    0.851431    0.840679
     18650    0.999989    0.912276      0.9572    0.501474
     18700     1.07059     1.04104     1.06378    0.277316
     18750     1.04165    0.994897     1.00348    0.416244
     18800    0.969961    0.879382    0.662669    0.818049
     18850    0.988215    0.538854    0.858723    0.961961
     18900    0.716594    0.463905    0.607821    0.665101
     18950    0.874534    0.790023    0.860397    0.406451
     19000    0.938878    0.908236    0.890812     0.38019
     19050    0.971381    0.949119     0.85971    0.497229
     19100    0.897967    0.362185    0.856489    0.864834
     19150    0.935028     0.73509    0.841856    0.706737
     19200    0.947979    0.922196    0.356066    0.905595
     19250    0.912208    0.833109    0.529244    0.830709
     19300    0.834409    0.634842    0.729461    0.676268
     19350    0.730552    0.674108    0.514541    0.590118
     19400    0.964695    0.928117    0.579502    0.814892
     19450    0.949345    0.803854    0.938104    0.525634
     19500    0.911574    0.873477    0.286788    0.903728
     19550    0.825843    0.767559    0.746013    0.467279
     19600    0.896214    0.671493    0.673966    0.837416
     19650     0.80944     0.48227    0.700413    0.766304
     19700    0.833303    0.695841    0.728812    0.611084
     19750    0.873822    0.834504     0.78845    0.457251
     19800     0.73553    0.531137    0.659818    0.603773
     19850     0.98456    0.619999    0.822345    0.937052
     19900    0.889684    0.808754    0.442779    0.856119
     19950     0.82409    0.792143    0.469033    0.714679
     20000     0.89215    0.598279    0.716928    0.848493
     20050    0.911053    0.694004    0.784618    0.750179
     20100    0.804246    0.419215    0.747313    0.747933
     20150    0.762946    0.657279    0.477993    0.709704
     20200    0.742395     0.50693    0.573909    0.718298
     20250    0.793447    0.693518    0.748366    0.467009
     20300    0.728554     0.46279     0.68041     0.62004
     20350    0.797332    0.698661    0.762577    0.449249
     20400    0.805236    0.432757    0.749771    0.739848
     20450    0.783556     0.51374    0.651584    0.734459
     20500     0.83676    0.776724    0.701581    0.552105
     20550     1.01896    0.869805    0.871122    0.749089
     20600    0.925453    0.267883    0.906649     0.90507
     20650    0.959079    0.375567    0.915865    0.927256
     20700    0.997955    0.722952    0.971644     0.72462
     20750    0.979486    0.755394    0.945164    0.674412
     20800    0.972374    0.636613    0.754815    0.957079
     20850     1.03291    0.694433    0.847311    0.966254
     20900    0.920427    0.647739    0.788302    0.808322
     20950    0.938043    0.873775    0.490357    0.869434
     21000    0.983454    0.882504    0.469069    0.967225
     21050    0.894274    0.621058    0.819261    0.736579
     21100    0.886587    0.511208    0.826552    0.792181
     21150    0.965187    0.657617    0.814705    0.875767
     21200     1.00228    0.385411    0.931628    0.996322
     21250     0.90311    0.873613     0.82418    0.434446
     21300    0.927384    0.824702    0.800414     0.63189
     21350    0.936567    0.716384    0.926578    0.618517
     21400    0.915776    0.850705    0.821136    0.528515
     21450    0.998778    0.937594    0.440257    0.960316
     21500    0.841309     0.52433    0.740225      0.7699
     21550    0.618015    0.597769    0.406997    0.490826
     21600     0.66119    0.451299    0.612489    0.543627
     21650    0.716645    0.700544    0.488649    0.545546
     21700    0.773266    0.733483    0.442328    0.679875
     21750     0.73341    0.521933    0.585873    0.678321
     21800    0.859491    0.358342     0.78573    0.855377
     21850     1.05213    0.808869     1.03645    0.696749
     21900     1.03948    0.759993     1.02283    0.732978
     21950     1.07377    0.460625     1.00291     1.04305
     22000     1.03022    0.803838    0.688144     1.00151
     22050     1.04927    0.983931    0.391827     1.03937
     22100     1.01578    0.971525    0.993108    0.365388
     22150    0.870296    0.414399    0.833025    0.805712
     22200    0.872767    0.363285    0.819574     0.84839
     22250    0.826142     0.70584    0.459817    0.809554
     22300      1.0281    0.973753     1.00364     0.39813
     22350    0.961511    0.873912    0.465198    0.932135
     22400     0.76168    0.721318    0.608822    0.518989
     22450    0.923191    0.735337    0.749351    0.776091
     22500     1.04896     1.04422    0.987632    0.367209
     22550    0.911589    0.477064    0.844022     0.84972
     22600     1.07045    0.647075     0.85925     1.06522
     22650     1.05094    0.978061    0.581759    0.955975
     22700     1.06312    0.789935    0.719937     1.05743
     22750     1.03063    0.925656    0.466278     1.02477
     22800     0.85108    0.765721    0.585991    0.720388
     22850    0.859765    0.332971     0.80797    0.845404
     22900    0.919279    0.821099    0.664826    0.757594
     22950     0.99347    0.865745    0.521659    0.975871
     23000    0.828594    0.767655    0.666609    0.582646
     23050    0.895037    0.553239    0.744152    0.861595
     23100     0.97613    0.568219    0.871856    0.907003
     23150    0.957865    0.943799    0.929634    0.282901
     23200    0.978525    0.859012    0.934363    0.551442
     23250    0.944991    0.932788    0.848203    0.443254
     23300    0.980278    0.834281    0.613525    0.921657
     23350    0.822099    0.752435    0.657603    0.594217
     23400     1.04865    0.903669    0.827189    0.835743
     23450    0.810637    0.433289    0.719153    0.780605
     23500     0.86795    0.739424    0.585541    0.785536
     23550    0.886928    0.579308    0.707063    0.858922
     23600    0.908562    0.783805    0.506526    0.883204
     23650     1.01145    0.905923     0.94299    0.579764
     23700    0.992041    0.344174    0.961011     0.96244
     23750     1.04552    0.922427     0.61581    0.977821
     23800     1.06571    0.978354     1.02616    0.511171
     23850     1.04965    0.452643     0.99943    0.999891
     23900     1.06003     1.05215    0.397482     0.99113
     23950    0.831049    0.809378    0.484231    0.701222
     24000    0.836731      0.4079    0.822913    0.746102
     24050     1.00051    0.805782    0.966224    0.647439
     24100    0.999303    0.665874    0.975033    0.776616
     24150    0.917857     0.91261    0.275204    0.881095
     24200    0.971222    0.912224    0.680738    0.768756
     24250     1.03066     1.01173    0.454404    0.945738
     24300     1.05211    0.825492    0.947852    0.796236
     24350     1.00211    0.765768    0.682367     0.97797
     24400    0.991559    0.730044    0.982143    0.684696
     24450     1.06645    0.941638    0.623061    0.999877
     24500    0.807194    0.486692    0.710512    0.749285
     24550     1.01254    0.948032    0.416046    0.989257
     24600    0.897836    0.824438    0.419388    0.869848
     24650    0.770198    0.651165    0.557296    0.672173
     24700    0.844984    0.764332    0.581732      0.7109
     24750    0.788098    0.687931    0.582703    0.655289
     24800    0.776524    0.563641    0.725979    0.601034
     24850    0.734137    0.539435    0.534846    0.707716
     24900    0.813837    0.574975    0.631907    0.771207
     24950     0.88161    0.853957    0.792639    0.443796
     25000     0.86989    0.509766    0.735365    0.844271
     25050    0.998322    0.919083    0.959413    0.477603
     25100    0.788707    0.660013    0.514575    0.737369
     25150    0.799606    0.691904    0.714097    0.538584
     25200    0.789448    0.590178    0.699543    0.639364
     25250    0.813498    0.698065    0.510505    0.758714
     25300    0.993154    0.940017    0.555471    0.883476
     25350     1.02894    0.439792     1.00736    0.953528
     25400     1.01461    0.890998    0.853331    0.732681
     25450     1.07929     1.05938    0.804075    0.748931
     25500     1.04775     0.54796     1.03625    0.906353
     25550     1.00493    0.574672    0.962219    0.873872
     25600    0.938154    0.931967    0.857736    0.394956
     25650    0.960468     0.74365    0.685813    0.906444
     25700    0.903483    0.881176    0.811415    0.444632
     25750    0.939647    0.844045    0.892464    0.506922
     25800    0.974762     0.89829     0.47756    0.930233
     25850    0.930931    0.917665    0.378952    0.864611
     25900    0.877959    0.512127    0.794149    0.805407
     25950    0.723002    0.555325     0.53462    0.671757
     26000    0.793356    0.703856    0.564769    0.666671
     26050    0.846343    0.387946    0.790083    0.811085
     26100    0.815903    0.806023     0.54159    0.623221
     26150    0.821288    0.758721    0.431713    0.766155
     26200    0.873327    0.444971     0.80065    0.828468
     26250    0.881927    0.564326    0.756206    0.815646
     26300     0.84355    0.538416     0.75584    0.749646
     26350    0.888157    0.430622    0.862457     0.80522
     26400    0.913399    0.890998    0.331961    0.874367
     26450    0.773825    0.735733     0.66622    0.460932
     26500    0.927265    0.911166    0.298363    0.894648
     26550    0.713106    0.602738    0.637533    0.497292
     26600    0.910436    0.806175    0.865849    0.508111
     26650    0.951748    0.252495    0.944789    0.924808
     26700    0.983133    0.970727    0.947106    0.306236
     26750    0.746701    0.570828    0.652905    0.602491
     26800      0.7899    0.730744    0.676526    0.506171
     26850    0.879811     0.44075    0.848367    0.796334
     26900     1.00376      0.6946    0.922542    0.825551
     26950     1.01081    0.389341    0.959533    0.985482
     27000     1.04623    0.577374     1.03798    0.882288
     27050      1.0058    0.975428     0.85962    0.576951
     27100     1.03758    0.949441    0.963824    0.568113
     27150     1.06033    0.699503     1.05699    0.801288
     27200     1.01429    0.995313    0.941408    0.425065
     27250    0.924732    0.838245    0.719496     0.69995
     27300     1.05265    0.994362    0.885577    0.665689
     27350      1.0319     1.01954    0.896048    0.535975
     27400    0.710981    0.568555    0.582876    0.589904
     27450    0.943842     0.40997    0.873011    0.922741
     27500    0.980077     0.96834    0.256788    0.957851
     27550    0.989162      0.9326     0.72598    0.748395
     27600    0.957478    0.696789    0.933755    0.690013
     27650    0.940435    0.557963    0.781136     0.92051
     27700    0.931574    0.897532    0.912329    0.312652
     27750    0.923944    0.547608    0.875712    0.800374
     27800    0.879788    0.825448    0.567241    0.738191
     27850    0.950487    0.881112    0.441044    0.914315
     27900    0.867184    0.655815    0.587243    0.853856
     27950    0.920743    0.261829    0.899957    0.903913
     28000    0.854366    0.776991    0.583585    0.718051
     28050    0.976516    0.953305     0.33895    0.939942
     28100     0.91878    0.890664    0.799237    0.506212
     28150     1.03021     0.96477    0.611224    0.904591
     28200    0.867716    0.858793    0.823195    0.301141
     28250    0.869056    0.708291    0.707643    0.712797
     28300    0.970415    0.929806    0.952748    0.333382
     28350    0.808453    0.702953    0.745139    0.507757
     28400     1.02476    0.898792    0.777385     0.82953
     28450     1.02828    0.551307    0.991016    0.910314
     28500    0.824017    0.786734    0.583843    0.631021
     28550    0.942396    0.902324    0.779707    0.595055
     28600    0.993881    0.966283    0.293862    0.977518
     28650    0.928584    0.722104     0.89908    0.628299
     28700    0.872469    0.728341    0.607877     0.78893
     28750     1.02436     0.88069    0.773668    0.851142
     28800    0.855282    0.803217    0.680975    0.595087
     28850    0.949461     0.91688    0.928138     0.31756
     28900    0.958582    0.795702    0.946576    0.555528
     28950     1.04956    0.758806    0.733715     1.04356
     29000    0.934642    0.635233    0.731898    0.898842
     29050    0.979996    0.485563    0.912499    0.923232
     29100    0.962454    0.946053     0.91741    0.340557
     29150    0.876798    0.672019    0.841694    0.614403
     29200    0.911966    0.870495    0.463291    0.831242
     29250    0.886047    0.477876    0.759201    0.874875
     29300    0.890873    0.848143    0.859239    0.360097
     29350    0.944795    0.613002    0.806985    0.870792
     29400    0.922715    0.775305    0.749425    0.734894
     29450    0.961743     0.95402    0.395076    0.885246
     29500     1.00579    0.657306    0.779609     0.99166
     29550      1.0537    0.294969     1.02125     1.04433
     29600    0.701456    0.451469    0.581814    0.664643
     29650    0.972024    0.957508    0.918426    0.359626
     29700    0.884137    0.753904    0.614391    0.785842
     29750    0.884103    0.843077    0.491805    0.781425
     29800    0.881299    0.531759    0.827478    0.765434
     29850    0.843244    0.758206    0.703819    0.593198
     29900    0.885299    0.854718    0.275215    0.872481
     29950     0.87475    0.793254    0.698826    0.642468
     30000     1.03084    0.975057    0.500971    0.961011
     30050     1.03431    0.955348    0.754302    0.811119
     30100    0.984654    0.955075    0.779957    0.646981
     30150    0.954643    0.949555    0.240363    0.929117
     30200    0.928927    0.852936    0.668432    0.742638
     30250    0.844084    0.607454    0.757933    0.693897
     30300    0.927936    0.653715    0.699725    0.897314
     30350    0.932712    0.816974    0.511725    0.900331
     30400    0.931024    0.882848    0.570944    0.792599
     30450    0.974898     0.96296    0.776326    0.608999
     30500    0.892323    0.842323    0.659962    0.668898
     30550    0.835475     0.70218    0.613098     0.72601
     30600    0.905056    0.440551    0.826817     0.87209
     30650    0.901702    0.380031    0.847052    0.874193
     30700    0.948347    0.662631    0.842889    0.805719
     30750    0.948814    0.584364    0.754681    0.943117
     30800    0.943874     0.88966    0.816726     0.56856
     30850     1.05965    0.341161     1.01048     1.05273
     30900     1.04126     1.00626     1.02879    0.312188
     30950     1.00681    0.695203    0.971586    0.774637
     31000     1.05995    0.494799    0.982083     1.01866
     31050     1.00665     0.89638    0.510064    0.981348
     31100     1.05571    0.904647    0.732263    0.935115
     31150     1.02133    0.882989    0.668062    0.927491
     31200    0.949708    0.466335    0.856397    0.923583
     31250    0.908476    0.843536    0.874128    0.418336
     31300    0.872092    0.809617    0.583598    0.724584
     31350    0.804033    0.619216    0.680455    0.668199
     31400     1.04611     1.00526    0.348133     1.02808
     31450     1.03823    0.448844    0.996286    0.980718
     31500     1.01292    0.827867    0.729819    0.913244
     31550     1.06839    0.645656     1.05931    0.862491
     31600    0.950311    0.277455     0.93786    0.921747
     31650     1.02177    0.429436    0.992728    0.958173
     31700     1.00626    0.912192    0.901629    0.616506
     31750     1.00665    0.513489    0.880416    0.993927
     31800     1.05927     1.04639    0.969365    0.457693
     31850    0.886288    0.684597    0.803282    0.676074
     31900     1.00523    0.954436    0.778456    0.709953
     31950     1.03281      1.0105    0.961505    0.433342
     32000     1.00922    0.971367    0.976093    0.375145
     32050     1.05504    0.667588    0.845455     1.03236
     32100    0.907464    0.588536    0.805927      0.8069
     32150    0.893855    0.596126    0.809119    0.766754
     32200    0.847936    0.839651    0.720801    0.461979
     32250    0.800833    0.702194    0.775797    0.433279
     32300    0.858659    0.831748     0.37629    0.800745
     32350    0.927911    0.871149    0.352357    0.915959
     32400    0.977427    0.286414    0.949877    0.962511
     32450     1.00543     1.00176    0.452949    0.901718
     32500     1.03579     0.93839    0.452444     1.02977
     32550     1.05848     1.05282    0.434168     0.97152
     32600     1.04182    0.656663     1.00897    0.849426
     32650    0.991792     0.59975    0.813454     0.97257
     32700    0.959691    0.951664    0.500374    0.828236
     32750     1.03509    0.292101     1.01609     1.01246
     32800    0.666605    0.516124     0.47153    0.632455
     32850    0.839374    0.505911    0.792481    0.724657
     32900    0.797011    0.520378    0.742204    0.669919
     32950    0.850935    0.831913    0.720055    0.487464
     33000    0.990999    0.679243    0.803871    0.925515
     33050     1.00458    0.992083    0.997583    0.197394
     33100     1.03039    0.852898    0.591393     1.02286
     33150     1.03416     1.02584    0.559798    0.879345
     33200    0.985029    0.789909    0.601768    0.976978
     33250     1.04626     0.45018    0.951957     1.03945
     33300     0.84059    0.679887    0.549712    0.805453
     33350     1.03217     1.02923     1.01241    0.215536
     33400     1.01339    0.995847    0.639618    0.808152
     33450    0.995348    0.895675    0.538018    0.943259
     33500    0.984408    0.900225    0.968775    0.434955
     33550     1.01899    0.761949    0.888388    0.840756
     33600    0.962432     0.79446    0.942706    0.576793
     33650     1.02971    0.618066     1.02404    0.830618
     33700    0.901928    0.885531    0.629145    0.668552
     33750    0.827104    0.652238    0.746873    0.620458
     33800     1.02625    0.974085    0.995536    0.407973
     33850     1.07935    0.882441    0.711399     1.02235
     33900     1.01559    0.911152    0.605128    0.930852
     33950    0.990182    0.844988    0.664617    0.897329
     34000    0.928121    0.628402    0.759954    0.866255
     34050    0.924318    0.752703    0.788528    0.721379
     34100     1.00556    0.989044    0.472425    0.906041
     34150    0.867357     0.79141    0.727362    0.590959
     34200    0.910639    0.879799    0.774625    0.533325
     34250    0.837631    0.768337    0.478401    0.764227
     34300    0.908111    0.892739      0.8174    0.429191
     34350     0.81163    0.747447    0.725886    0.481561
     34400    0.902835    0.881718    0.432393    0.815985
     34450    0.878717    0.543431    0.859791    0.713953
     34500     0.91517    0.862523    0.390508    0.882399
     34550    0.745435    0.670671    0.549416    0.599741
     34600    0.789914    0.689909    0.523833    0.705374
     34650    0.790737    0.682188    0.766277    0.444938
     34700    0.786547      0.3946    0.731784    0.738983
     34750    0.855771    0.295247    0.831943    0.827881
     34800    0.856608    0.467261    0.762675    0.817036
     34850    0.898201    0.779077    0.618175    0.790208
     34900    0.995821    0.800926    0.635555    0.968456
     34950    0.979113    0.957011    0.905231    0.426627
     35000    0.983683    0.921204    0.906734    0.514278
     35050     1.00907    0.981454    0.902884     0.50794
     35100     1.01882    0.821849    0.990622    0.647483
     35150     0.98186    0.886457     0.97334    0.441474
     35200    0.988122    0.942459    0.353129    0.969454
     35250    0.909717    0.843415    0.763241    0.601067
     35300    0.926902    0.902897    0.875638    0.369227
     35350     1.00103    0.906165     0.96988    0.492249
     35400    0.840299    0.562892    0.808428    0.664682
     35450    0.929079    0.730526    0.860278    0.672777
     35500    0.986137    0.951674    0.875842     0.52168
     35550    0.876075     0.49435    0.836269    0.768953
     35600    0.972698    0.246697    0.948305    0.965474
     35650    0.801154    0.498073      0.6491    0.783764
     35700    0.765729    0.714519    0.641522    0.500594
     35750    0.660912    0.391373    0.633475     0.56493
     35800    0.914718    0.818654    0.560587    0.830039
     35850    0.921682     0.47734    0.896612    0.816841
     35900    0.913278    0.407857    0.883553    0.849199
     35950    0.934337    0.860653    0.907088    0.427129
     36000    0.596425    0.538544    0.410508    0.502889
     36050    0.874406    0.787538    0.487806    0.819147
     36100    0.891003    0.563811     0.75328    0.838129
     36150    0.863141    0.470713    0.773064     0.81904
     36200    0.954297    0.896126    0.454851    0.900797
     36250    0.904837    0.891702    0.704367    0.588382
     36300    0.722627    0.610258    0.596097    0.562701
     36350    0.729047    0.430476    0.679543    0.644927
     36400    0.911533    0.852854    0.689551    0.677453
     36450    0.937781    0.697542    0.922177     0.64953
     36500    0.826201    0.704387    0.689008     0.62795
     36550    0.898284    0.737372    0.803844    0.651112
     36600    0.849476    0.823214    0.599267    0.637508
     36650    0.895005    0.587112     0.86827    0.709559
     36700     0.85138    0.803736    0.652921    0.614329
     36750    0.937057    0.633253    0.872019    0.771184
     36800    0.779782    0.544799    0.599378    0.748372
     36850    0.853973    0.487319    0.773154    0.789489
     36900    0.946326     0.93613    0.887386    0.356753
     36950     0.91731    0.858945    0.425162     0.87428
     37000    0.922553    0.889209    0.547356    0.782251
     37050    0.852123    0.680837    0.638581     0.76217
     37100    0.820536    0.754459    0.772171    0.425563
     37150    0.891033    0.794661    0.815053    0.540447
     37200    0.633411    0.444947    0.556815    0.542587
     37250     1.05388    0.902001    0.890495    0.784055
     37300    0.976438    0.658654    0.763227    0.943675
     37350    0.679934    0.474031    0.607685    0.575008
     37400    0.803433    0.722157    0.514949    0.710159
     37450    0.888297    0.765867    0.732312    0.674767
     37500    0.918864    0.762283    0.531563    0.908288
     37550    0.909374    0.411185    0.877478    0.845507
     37600    0.881882    0.445719    0.789789    0.856155
     37650    0.934583    0.729553    0.834123    0.720335
     37700    0.959776    0.767926    0.735094    0.843959
     37750    0.788924    0.609985    0.670599    0.650397
     37800    0.833719    0.744968     0.81659    0.410338
     37850    0.715896    0.582276    0.672788    0.483037
     37900    0.937407    0.788342    0.793001     0.71213
     37950    0.980586    0.971882    0.847193    0.510692
     38000    0.879059    0.589884    0.668037    0.866749
     38050    0.813914    0.525957    0.649855    0.791183
     38100    0.953924    0.464434    0.940006    0.848902
     38150     1.03706    0.901759    0.675078    0.939188
     38200    0.926878    0.876122    0.612934     0.75824
     38250    0.931309    0.557178    0.782038    0.901468
     38300     1.03531    0.735356    0.856634    0.932284
     38350      1.0584    0.272194      1.0341     1.04737
     38400    0.979501    0.552336    0.959265    0.832814
     38450     1.01426      1.0108     0.93343    0.405511
     38500    0.986257    0.913402    0.916487    0.520724
     38550      1.0245    0.364651    0.965228     1.01714
     38600     1.08425    0.726298    0.853372     1.04663
     38650     1.01597    0.973734    0.384593    0.984026
     38700    0.877026     0.68532    0.616078    0.830141
     38750     1.06105    0.991694    0.463451     1.02635
     38800     1.06819    0.903952    0.596288     1.05326
     38850    0.811555     0.60472    0.626615    0.747602
     38900    0.803886    0.618854    0.604458    0.737641
     38950    0.839771    0.781215     0.52133    0.726875
     39000    0.871813    0.702197     0.61168    0.808013
     39050    0.987395    0.964412    0.747927    0.678537
     39100     1.04695    0.989563     0.96206    0.536093
     39150     1.03057     1.02615    0.245843     1.00535
     39200     1.03964    0.839811     0.62147     1.03449
     39250     1.04892     1.01674    0.640906    0.869447
     39300    0.888934    0.807683    0.878393    0.395578
     39350    0.831958    0.794994    0.627395     0.59889
     39400    0.979613    0.912083    0.804698     0.66321
     39450     0.99388    0.674335    0.987262     0.73904
     39500    0.708209    0.665671    0.510407    0.547255
     39550    0.826124    0.786474    0.422191    0.753774
     39600     0.86024    0.750952    0.438357    0.850848
     39650    0.781353    0.699016    0.587923    0.621893
     39700     1.08335     1.04917    0.342849     1.06255
     39750    0.877193    0.801952     0.43636    0.839881
     39800    0.880138    0.774313    0.626193    0.746731
     39850    0.919314    0.582572    0.839836    0.803469
     39900    0.739941    0.540509    0.618257    0.648562
     39950    0.895409    0.730831    0.848973    0.590463
     40000    0.925998     0.70801    0.658888    0.882911
     40050    0.904826    0.864806    0.691607    0.641257
     40100    0.891092    0.578943    0.800148    0.782737
     40150      1.0101    0.803246    0.632986    0.997362
     40200     1.07115    0.557543     1.06325     0.92378
     40250     1.01417    0.275928    0.997568    0.992877
     40300     1.03763    0.367471      1.0155    0.993513
     40350     1.08551    0.874509    0.883614    0.900625
     40400     1.06661     0.62785    0.973489    0.966137
     40450    0.974852    0.729019    0.902381    0.744925
     40500     1.08548    0.866488    0.844471    0.944783
     40550      1.0359    0.701242    0.818547     0.99218
     40600    0.995332    0.971913    0.901349    0.473632
     40650     1.01586    0.470581    0.997133    0.920981
     40700    0.761541    0.685065    0.636582    0.534172
     40750    0.804273     0.75324    0.363697    0.770757
     40800    0.909326    0.680577    0.874069     0.65312
     40850     1.02511    0.856742    0.687937    0.945746
     40900    0.970797    0.799314    0.826419    0.750349
     40950    0.976567     0.89484    0.418549    0.965113
     41000    0.874403    0.808675    0.830964     0.42977
     41050     1.02568    0.662156    0.842561    0.977579
     41100     1.01097    0.979541    0.742257    0.730529
     41150     0.63965    0.524942    0.560611     0.47797
     41200    0.757025    0.537599     0.72518    0.575565
     41250    0.710828    0.629917    0.539472    0.568091
     41300    0.801169    0.600822    0.593263    0.755511
     41350     1.05358    0.930568    0.862115    0.781579
     41400     1.06405     1.05217     1.05939    0.187189
     41450    0.829821    0.704585    0.467272    0.813894
     41500    0.863654     0.68608    0.752221    0.674726
     41550     1.05446     1.04936    0.767762    0.730192
     41600     1.01707    0.927572      0.9754    0.507001
     41650     1.04321     1.03802     1.03846    0.143887
     41700     1.01459     1.00351    0.652119    0.791505
     41750    0.829522    0.752326    0.590328    0.679508
     41800    0.889668    0.830716    0.364022    0.872019
     41850    0.944478    0.938931    0.903894     0.29234
     41900      1.0529     1.04209     0.79914    0.701871
     41950    0.836222    0.737315    0.822903    0.421584
     42000    0.744477    0.627779    0.525209    0.662225
     42050     1.01238      0.2934    0.981817    0.999885
     42100     1.03749     1.02349    0.746309    0.740461
     42150     1.00832    0.764592    0.989832    0.684882
     42200    0.931697    0.299713      0.8957    0.918701
     42250    0.861388    0.689529     0.85108    0.533096
     42300    0.810765     0.51121    0.722218    0.729208
     42350    0.723507    0.579102    0.652038    0.535176
     42400     1.00021    0.987144    0.882427    0.497718
     42450    0.772225    0.615058    0.518273    0.738755
     42500     1.04988    0.650772    0.948166    0.939131
     42550     1.07404    0.429544     1.06259    0.996763
     42600       1.037    0.676296    0.832639     1.00003
     42650    0.895446    0.854136    0.816805    0.454894
     42700    0.867892    0.735211    0.583082    0.791171
     42750    0.860903    0.713494    0.579233    0.798575
     42800    0.831851    0.771917    0.391853    0.796584
     42850     1.00393     0.73178    0.989715    0.707611
     42900    0.772896    0.711038    0.587751    0.586269
     42950     1.00302    0.955559    0.998895    0.318123
     43000     1.04775    0.684617     1.00634    0.845069
     43050    0.990802    0.928432    0.886537    0.561644
     43100     0.98596    0.598536    0.982815    0.787441
     43150     1.05804     1.05006    0.489769     0.94678
     43200     1.01183    0.991061     0.39113    0.955214
     43250     1.01332     0.53608    0.885353    0.991153
     43300     1.02146    0.707004     1.01609    0.744634
     43350    0.937142    0.838894    0.714686    0.736173
     43400    0.908756    0.777747     0.51797    0.882321
     43450    0.953932    0.794741    0.579937    0.923056
     43500    0.758044    0.618741    0.595016    0.642165
     43550    0.929233    0.645849    0.906705    0.698365
     43600     1.01994    0.930341    0.819615    0.737044
     43650     1.06296     1.01173    0.807006    0.764806
     43700     1.04936     0.42921     1.04681    0.960353
     43750     1.03215    0.733657     1.01634    0.747983
     43800      1.0294    0.543553    0.922332     0.98649
     43850     1.03268    0.491686    0.953382    0.991037
     43900     1.04061    0.561499    0.932257    0.990636
     43950    0.936625    0.809608    0.712346    0.769176
     44000    0.760849     0.54791    0.683976    0.624303
     44050    0.926703    0.387902    0.903686     0.86628
     44100     1.02014    0.971979     0.66369    0.834355
     44150    0.999401    0.911221    0.865082    0.647236
     44200    0.908006    0.673072    0.871991    0.659967
     44250     1.03501    0.917831    0.903006    0.696186
     44300    0.871709    0.540576     0.86545    0.691756
     44350      1.0351    0.775533    0.861421     0.89407
     44400     1.03107    0.630287     1.01272    0.838668
     44450     0.84398    0.831366    0.578503    0.631482
     44500    0.982107    0.876385    0.930063    0.544059
     44550    0.833112     0.70653    0.599424    0.727775
     44600      0.9055    0.816964    0.452939    0.875943
     44650    0.730217    0.603287    0.624257     0.55927
     44700     0.79686    0.616567    0.684853    0.648685
     44750    0.792468     0.69858    0.721556    0.497348
     44800    0.922253    0.792508    0.870706    0.561162
     44850    0.873624    0.843126    0.337081    0.837825
     44900     1.00265    0.787457     0.85345    0.813726
     44950     1.00983    0.704018      0.7708    0.974553
     45000     1.04024    0.908724     1.00054     0.58079
     45050     0.96177    0.931006    0.345924    0.929283
     45100     1.04533    0.736343    0.892307    0.920344
     45150     1.00554    0.892165    0.963655     0.54556
     45200    0.921222     0.71192    0.899622    0.617373
     45250    0.854993    0.808892    0.751267    0.493274
     45300    0.816706    0.606619    0.800625    0.570115
     45350    0.946399    0.697818    0.840472    0.773303
     45400    0.955207    0.875872    0.898087    0.501126
     45450    0.939125    0.912886    0.744972    0.612836
     45500    0.745738     0.68527    0.551056     0.58223
     45550    0.807687    0.423577    0.708317    0.789676
     45600     0.68176    0.419383    0.551223    0.670719
     45650    0.863902    0.551797    0.699598    0.835904
     45700     0.96479    0.956738    0.249234    0.940305
     45750    0.848595    0.358896     0.82308    0.796216
     45800    0.804174    0.743421    0.674386    0.534713
     45850    0.864062    0.410364    0.839318    0.787625
     45900    0.728145    0.713055    0.461464    0.582232
     45950    0.846678    0.738432     0.53223    0.777931
     46000    0.912638    0.566436    0.864369    0.773197
     46050     0.86346    0.713256    0.626578     0.76798
     46100    0.900708    0.836955    0.610567    0.741125
     46150    0.925516    0.724306    0.798065    0.742721
     46200    0.987531    0.386496     0.97234    0.924993
     46250    0.954776    0.805193    0.567897    0.923227
     46300     1.02139    0.973182    0.904011     0.56757
     46350     1.03529    0.607803    0.975718    0.906749
     46400     1.02065     0.99778    0.398781    0.963779
     46450    0.836126    0.798289    0.689424    0.534455
     46500    0.604818    0.425805    0.568377    0.476705
     46550    0.948281    0.914714    0.569306    0.798537
     46600     1.01665    0.992758     0.86728    0.573928
     46650     1.00058    0.703993    0.926233    0.805491
     46700     1.08436     1.08031     1.04289    0.311435
     46750     0.92857     0.86864    0.877031    0.448068
     46800    0.959866    0.810308    0.886131    0.633136
     46850     1.03157    0.989176     0.86284    0.636646
     46900    0.869303    0.850176    0.493796    0.738066
     46950    0.831621    0.729056    0.690975    0.611732
     47000    0.875375    0.421834    0.810516    0.835274
     47050    0.859741    0.369462    0.848527     0.78855
     47100    0.861897    0.656916    0.849291    0.576972
     47150    0.754108    0.452659     0.65615    0.708467
     47200    0.984444    0.980389    0.952549    0.264095
     47250     1.02697     1.00666    0.873211    0.577468
     47300     1.02887     1.02618    0.469378    0.918581
     47350    0.964867    0.923073     0.63283    0.780641
     47400     1.04068    0.914018    0.599533    0.985474
     47450    0.941211     0.91351     0.89131    0.377916
     47500    0.819755    0.390669    0.736414    0.805647
     47550    0.908178    0.574988    0.848142     0.77435
     47600    0.942827    0.883408    0.689975    0.722061
     47650    0.862662    0.411149    0.787651    0.836022
     47700    0.889176     0.87428    0.363521    0.827498
     47750     1.01813    0.735594    0.816088    0.930641
     47800     0.90911    0.385887    0.832978    0.900113
     47850    0.855461    0.733578    0.620781    0.734928
     47900    0.910647    0.810422    0.875495    0.485059
     47950    0.870228    0.465096    0.763191    0.846061
     48000     1.02672    0.710992     1.00817    0.765758
     48050    0.939519    0.820683    0.934654     0.46722
     48100    0.988841    0.850235    0.941937    0.587767
     48150    0.903555    0.787841    0.567815    0.830492
     48200    0.914784    0.858837    0.555467    0.792159
     48250     1.01377    0.811021    0.781707    0.886932
     48300    0.796725    0.690737    0.487122    0.745075
     48350     1.08105    0.810514     1.06371    0.740887
     48400     1.01619     1.00173    0.935311    0.432462
     48450     1.05994     0.86297     1.04977    0.632621
     48500     1.05929    0.930157    0.966849    0.666495
     48550      1.0117    0.648548    0.968964    0.829206
     48600    0.908821    0.673182    0.747365    0.800115
     48650     0.86361    0.688396    0.682329     0.74309
     48700    0.896642    0.781305    0.793421    0.606614
     48750    0.720723    0.703547    0.565941    0.472879
     48800     0.93357    0.913693    0.386429    0.871174
     48850     1.01743    0.997844    0.266062     1.00193
     48900    0.806341    0.463568    0.721275    0.751825
     48950    0.818982    0.643356    0.534773    0.800984
     49000    0.768474    0.586846    0.651174     0.64241
     49050    0.915561    0.859588    0.603885    0.756926
     49100    0.900189    0.787013    0.478697    0.878715
     49150    0.887867    0.796641    0.487887    0.839014
     49200    0.865051    0.367401    0.818749     0.83144
     49250    0.927422    0.826657    0.636105     0.79513
     49300    0.712388    0.498384    0.689347    0.539822
     49350     1.01556    0.942314    0.681354    0.842928
     49400      1.0488     1.03369    0.702599    0.798616
     49450     1.02511     1.01226     1.01243    0.228099
     49500    0.999109    0.886084    0.660956    0.880017
     49550     1.03574    0.996102    0.593841    0.894778
     49600     1.00646    0.789352    0.678421     0.97087
     49650     1.07014     1.05601    0.840002    0.685284
     49700     1.03304     1.01064    0.372201    0.987114
     49750     1.03188    0.877216      0.8368    0.812281
     49800     1.04963    0.947371    0.705757     0.89879
     49850    0.978018    0.919101    0.525326    0.890126
     49900    0.957281    0.631332    0.742623    0.939524
     49950     1.02814    0.867596    0.770578    0.876143
     50000     1.02387    0.942279     0.59603    0.923844
     50050    0.719453    0.543669     0.62556    0.590189
     50100    0.893431    0.842421    0.754453    0.563529
     50150    0.941338    0.879611     0.71624    0.696792
     50200    0.773783    0.762783    0.694551    0.365023
     50250     1.02537    0.950222    0.985898    0.477333
     50300    0.966651    0.943713    0.657798    0.738603
     50350    0.932403    0.855671    0.891271    0.460666
     50400     1.07005     1.04538    0.899462    0.623008
     50450     0.97246    0.930255    0.934614    0.390486
     50500    0.968501    0.921441    0.965019    0.309307
     50550     1.06633    0.990739     1.05069    0.434274
     50600    0.996224    0.857635    0.974577    0.547344
     50650     1.06297     0.83003     1.02034    0.727854
     50700     1.01335    0.965339    0.880232    0.589125
     50750     1.01425    0.982749    0.654327    0.814527
     50800    0.905164    0.711202    0.860047    0.627021
     50850    0.962826     0.82993    0.518719    0.946686
     50900     1.00064    0.982592    0.989805    0.239471
     50950    0.972207    0.861757    0.491757      0.9518
     51000     1.01019    0.678011    0.978851    0.789381
     51050     1.00688    0.981548    0.677889    0.777586
     51100    0.999809    0.912797    0.844118    0.673425
     51150    0.870014    0.788365    0.443473    0.834062
     51200    0.972819    0.907472    0.359752    0.969446
     51250     0.96011    0.928039    0.837501    0.530055
     51300    0.983127    0.746459    0.697323    0.943195
     51350    0.985029    0.662771    0.951405    0.772093
     51400    0.949941    0.798905    0.927265    0.553812
     51450    0.655121    0.569816    0.401171    0.610523
     51500    0.999036    0.824948    0.941364    0.655319
     51550     1.05663     1.00925    0.694813    0.855314
     51600     1.00344    0.551208     0.86344    0.982042
     51650     1.03197    0.980934    0.863484    0.649672
     51700     1.04211    0.996551    0.625751     0.88731
