         0    0.904288    0.646767    0.894249    0.646131
        50    0.970271    0.941641    0.292165     0.95436
       100    0.930346     0.70506    0.889917     0.66485
       150    0.977706     0.97384    0.897163    0.398187
       200    0.842408    0.820532    0.312255    0.805311
       250    0.642013    0.532504    0.465334    0.569443
       300    0.858293    0.663431    0.822724    0.596925
       350    0.763047    0.559091    0.715632    0.582897
       400    0.703568    0.606932    0.467153    0.635151
       450    0.787578    0.551363    0.740677    0.622861
       500    0.716066    0.434678    0.651609    0.641842
       550     0.99469    0.925866    0.740455    0.757176
       600    0.859223    0.647306    0.646543    0.799692
       650    0.942346    0.812755    0.899816    0.552988
       700    0.936124    0.903165    0.909806    0.330457
       750    0.877646     0.86827    0.559342    0.688309
       800    0.843405    0.649685    0.745768    0.666636
       850    0.829089    0.547498    0.815191    0.640691
       900    0.764657    0.734674    0.657988    0.443516
       950    0.947458    0.936893    0.264806    0.920579
      1000    0.926396    0.881238    0.889475    0.385582
      1050     1.00349    0.910521    0.870428    0.653686
      1100    0.930001    0.699993    0.757508    0.816086
      1150    0.945939    0.523425    0.858502    0.882384
      1200    0.822286    0.783887    0.772469    0.375662
      1250    0.714734     0.44127    0.656085      0.6297
      1300    0.846298    0.570909    0.723525    0.763554
      1350    0.675663    0.601001    0.578683    0.465794
      1400    0.839874    0.796582    0.531089    0.702978
      1450    0.874088    0.483704    0.838264    0.769028
      1500    0.841228     0.61832    0.586747    0.829902
      1550    0.899411    0.809891     0.65109    0.733513
      1600     1.02915     1.00692    0.966957    0.411594
      1650    0.957402    0.864721    0.934326    0.461008
      1700    0.945662    0.868351     0.48834    0.892214
      1750    0.988476    0.961336    0.937473    0.388776
      1800     1.00101    0.865667    0.543926    0.979193
      1850    0.862624    0.805298    0.741029    0.539085
      1900    0.978998    0.714383    0.697831    0.958938
      1950      0.6559    0.593136    0.511229    0.497236
      2000     1.03226     1.02504     1.02321    0.182867
      2050    0.977166    0.898266    0.475673    0.936248
      2100     1.00049    0.320855    0.966076    0.982705
      2150    0.801753    0.794088    0.526026     0.61509
      2200    0.879888    0.356162    0.858969    0.826877
      2250    0.808008    0.528549    0.728532    0.704011
      2300     1.00339    0.834727    0.764479    0.855785
      2350    0.963378    0.580389    0.833213    0.908349
      2400    0.765072    0.342839    0.721414    0.729859
      2450     1.02306    0.691251    0.925245    0.871441
      2500     1.00412    0.970511    0.960455     0.39004
      2550     1.01034    0.415114     0.95256    0.980752
      2600     0.89791    0.791209     0.63596    0.762909
      2650    0.979086    0.975374    0.833515    0.520688
      2700    0.853807    0.758246     0.46906     0.81426
      2750    0.946519    0.685546     0.79729    0.828343
      2800     0.68592    0.663573    0.455846    0.541155
      2850    0.758612    0.637461     0.64505    0.573183
      2900     0.89104    0.780949    0.447983    0.881665
      2950    0.950472    0.909505    0.538345     0.83053
      3000    0.798328    0.731313    0.519152    0.685796
      3050     1.00031    0.965113    0.990201    0.298831
      3100     1.01687    0.920107    0.649509    0.894197
      3150    0.738362    0.578166    0.631335     0.59791
      3200    0.934211    0.667832    0.690439     0.90708
      3250     1.01643     1.01001    0.989407    0.259267
      3300    0.892127    0.836567    0.561735    0.759203
      3350    0.846615    0.784809    0.372613    0.823861
      3400    0.879947    0.761827     0.55055    0.815554
      3450    0.690025    0.540821    0.553348    0.594633
      3500    0.938247     0.82655    0.559059    0.874575
      3550    0.946017    0.908386    0.901476    0.389964
      3600     0.97537     0.97214    0.963142    0.173192
      3650    0.927239    0.900278     0.46028    0.834976
      3700    0.806735    0.600284    0.671054    0.700706
      3750    0.872247    0.806845    0.419848    0.833281
      3800    0.922913    0.637276    0.690771    0.905677
      3850    0.812363    0.767234    0.737507    0.432783
      3900    0.647418    0.463127    0.632556    0.472954
      3950    0.946962    0.715425    0.821241    0.779233
      4000    0.666768     0.46314    0.558652    0.602136
      4050    0.942662     0.68389    0.661312    0.933908
      4100     1.01169    0.978626     0.54873    0.887812
      4150    0.937153     0.52768    0.796676    0.918353
      4200    0.899118     0.85394    0.344527    0.876878
      4250    0.870075    0.361874    0.817218    0.845732
      4300    0.976656     0.97275    0.459291    0.866327
      4350    0.993489     0.91639    0.433881    0.972633
      4400    0.991261    0.917453    0.961531    0.446021
      4450    0.697619    0.492111    0.668944    0.532621
      4500    0.719857    0.610224    0.710706    0.398637
      4550    0.916638    0.301651    0.885303    0.897606
      4600    0.922507    0.872131    0.544678    0.802965
      4650     1.03349    0.771849    0.776546    0.968211
      4700    0.990391    0.439165    0.902982    0.976477
      4750    0.824241    0.779705    0.525498    0.688954
      4800    0.808539    0.687934    0.591797    0.695697
      4850     0.84308    0.411928    0.776164    0.805887
      4900    0.811146    0.771201     0.50925    0.679581
      4950    0.939574    0.693987    0.664317    0.917968
      5000    0.857999    0.379539    0.835581    0.793775
      5050     1.01695    0.482081    0.909061     1.00478
      5100    0.968516    0.944563    0.558763    0.819531
      5150    0.812141    0.717571    0.416701    0.794101
      5200     0.59614      0.4432    0.551057    0.458994
      5250    0.887704    0.599018    0.855445    0.696726
      5300    0.961566    0.728591    0.927795    0.676439
      5350    0.892095    0.839739    0.857196    0.389511
      5400    0.839855    0.373411    0.774545    0.819364
      5450    0.724253    0.418471    0.604586    0.713051
      5500    0.949675    0.848904    0.917406     0.49142
      5550    0.956762    0.305149    0.913367    0.950491
      5600    0.854852     0.84395    0.401545    0.766848
      5650    0.734251    0.587102    0.492267    0.700881
      5700    0.926551     0.81536    0.900858    0.490549
      5750    0.857883    0.828184    0.826257     0.32146
      5800    0.961536    0.894449    0.386705    0.948431
      5850    0.836225    0.698844    0.804503    0.512772
      5900     0.77621    0.389082    0.708455    0.742773
      5950    0.892636    0.429927     0.80916    0.868343
      6000    0.906911    0.874851    0.436067    0.830335
      6050    0.761766     0.73707    0.410951    0.669644
      6100      0.8823    0.569936     0.84633    0.718195
      6150    0.973553    0.900026    0.888402    0.544339
      6200    0.865248    0.828211    0.522065    0.734044
      6250     0.97133    0.847148    0.497684    0.960008
      6300    0.723606    0.469609    0.620952    0.664152
      6350    0.929519    0.504465    0.850891    0.865742
      6400    0.789968    0.687303    0.651223    0.592979
      6450    0.924133    0.853249    0.391347    0.909316
      6500    0.928688    0.883231    0.849147    0.473049
      6550    0.878295    0.694296    0.853223     0.57686
      6600    0.903756    0.341487    0.877237    0.864518
      6650    0.822933    0.711775    0.680939    0.619786
      6700    0.882365    0.603041    0.857549    0.676823
      6750    0.672559    0.623917    0.528837     0.48552
      6800    0.915928    0.647735    0.819929    0.765508
      6850    0.772159    0.486051    0.685754    0.697103
      6900    0.626672    0.476636    0.436386    0.606483
      6950    0.877311    0.356885     0.85859    0.821465
      7000    0.887375    0.344511    0.855114    0.851447
      7050    0.838699    0.759849    0.771686    0.483698
      7100    0.781272    0.637215    0.699404    0.570583
      7150     1.00033    0.841777    0.655605     0.92893
      7200      0.7334     0.51446    0.721384    0.539154
      7250    0.714318     0.64616    0.683826    0.367914
      7300     0.82299    0.757402     0.72844    0.500343
      7350     1.06307    0.705942    0.807593     1.05341
      7400    0.886693    0.651543    0.824636    0.684044
      7450      1.0071     0.89994     0.64111    0.898653
      7500    0.965058    0.692181    0.709067    0.938501
      7550     0.71311    0.672319    0.462165    0.592826
      7600    0.894101    0.798664     0.64077    0.741879
      7650    0.918658    0.893004    0.691043    0.642549
      7700    0.747731    0.566989    0.616977    0.645032
      7750    0.918149    0.793908    0.532297    0.878842
      7800    0.895427    0.603414    0.712101    0.855794
      7850    0.646752    0.470144    0.514968    0.591902
      7900    0.741652     0.58656    0.687609    0.532201
      7950    0.974762    0.730879    0.822998    0.829949
      8000    0.921552    0.753356    0.827806    0.667614
      8050    0.913951    0.657102    0.821971    0.750463
      8100    0.797328      0.6027    0.637507     0.70838
      8150    0.908141    0.458016    0.846954    0.849901
      8200    0.969314    0.894639    0.764269    0.703315
      8250    0.985588     0.97757    0.407037    0.906337
      8300    0.817697    0.797053    0.775226    0.317785
      8350    0.797672    0.319176    0.758469     0.77163
      8400     1.01491    0.797631    0.805761    0.880116
      8450    0.954236    0.939118    0.755306     0.60721
      8500    0.991985      0.4811    0.874715    0.985638
      8550    0.939788    0.731738     0.61121    0.925949
      8600    0.660612    0.615555    0.558954    0.426003
      8650    0.916848    0.819077    0.841505    0.549728
      8700    0.949795    0.191553    0.944419    0.935736
      8750    0.946728    0.909294    0.462386    0.867162
      8800     1.01344    0.994706     0.25928    0.998737
      8850    0.865583    0.808969    0.827318    0.399476
      8900    0.767129    0.661113     0.52978    0.677671
      8950     1.04794    0.676293    0.803393     1.04572
      9000     1.00778    0.690422    0.893108    0.870012
      9050     1.00731    0.766446    0.681342    0.988769
      9100     0.97744    0.801516     0.71215    0.872464
      9150    0.848044    0.397172     0.78373    0.816321
      9200    0.790689    0.545527    0.672628    0.707354
      9250    0.868557    0.830675     0.64975    0.629752
      9300    0.921266    0.686587    0.634515    0.907441
      9350    0.742627    0.549855    0.645956    0.619184
      9400    0.868563    0.698515     0.68494    0.742789
      9450    0.745611    0.564843    0.538755    0.708921
      9500    0.836656    0.743774    0.447594    0.804019
      9550    0.935154    0.922532    0.900773    0.294226
      9600    0.891649    0.882819     0.82267    0.365947
      9650    0.984263    0.927426    0.433396    0.943185
      9700    0.913393    0.662252    0.638104    0.907093
      9750    0.773654    0.668866    0.406427    0.764536
      9800     0.92385    0.851365    0.707505    0.693982
      9850    0.682236    0.638765    0.346401    0.634727
      9900    0.960277    0.919578    0.929725    0.366404
      9950    0.852801    0.822558    0.426389    0.772094
     10000    0.631365    0.516825    0.449925    0.572453
     10050    0.942805    0.805143    0.864192    0.618609
     10100    0.751637    0.570093     0.63624    0.632543
     10150     0.91163    0.429309    0.894094    0.823668
     10200    0.921351    0.909135    0.426545    0.830245
     10250    0.928562    0.804176    0.894621    0.526695
     10300    0.692936    0.642264    0.594492    0.440904
     10350    0.775914    0.735247    0.702011    0.413134
     10400    0.983072    0.617941    0.921398    0.837877
     10450    0.926664    0.921334    0.519684    0.773619
     10500    0.827384    0.714185    0.748579    0.546534
     10550    0.838076     0.83568    0.712748     0.44539
     10600     0.89865    0.834724    0.827663    0.483067
     10650    0.937302    0.839525    0.757854    0.691321
     10700    0.952925    0.597437    0.789828    0.913988
     10750    0.986422    0.976234    0.398541    0.913339
     10800    0.695114    0.619316    0.564632    0.513815
     10850    0.889751    0.846065    0.851088    0.378334
     10900    0.959705    0.947101    0.324959    0.916225
     10950    0.675737    0.660514    0.348835    0.596051
     11000    0.839863    0.817134     0.61966    0.599211
     11050    0.815583     0.70562      0.5258    0.745646
     11100    0.980143    0.371156     0.94242    0.946281
     11150    0.965239     0.84057    0.780047    0.740501
     11200    0.956216    0.822756    0.567618    0.910812
     11250     0.93268    0.769217    0.898385    0.583947
     11300    0.957133    0.879862    0.904675    0.489504
     11350    0.893237    0.691808     0.83576    0.647032
     11400     1.00414    0.997802    0.574143    0.831481
     11450    0.923942    0.769643    0.872006    0.595476
     11500    0.781822    0.739361    0.576093    0.586475
     11550    0.896148    0.868836    0.816844    0.429014
     11600    0.891408    0.707827    0.814563    0.651678
     11650    0.818448    0.488201    0.789487    0.691437
     11700    0.869784    0.812083    0.692809    0.611217
     11750    0.905124    0.873288    0.837568    0.417551
     11800     1.03471    0.994539     0.90519    0.576883
     11850     1.00724    0.888288    0.979336    0.530001
     11900    0.913882    0.881435    0.649349    0.686863
     11950    0.893152    0.830452    0.715356     0.62774
     12000    0.941357    0.926237    0.291733     0.91065
     12050    0.694689    0.446466    0.679879    0.551015
     12100    0.874198    0.768407    0.568676    0.783966
     12150     1.01961     0.83928    0.652906     0.97393
     12200    0.932627    0.328415    0.921354    0.884779
     12250    0.895258    0.541951    0.822477    0.795483
     12300    0.820296     0.74249    0.498998    0.738568
     12350    0.858663    0.792814     0.50471    0.768971
     12400    0.962163    0.723057    0.834046    0.795658
     12450    0.656566    0.353001    0.592651    0.621541
     12500    0.973683    0.957753    0.883176    0.445897
     12550    0.803171    0.557866    0.698632    0.700618
     12600    0.795999    0.650889    0.751752    0.527676
     12650    0.668391    0.480033    0.657994    0.479692
     12700    0.704356    0.569807    0.639373     0.50868
     12750    0.857856     0.78474    0.399273    0.834625
     12800    0.743217    0.377305    0.644926    0.739225
     12850    0.862057    0.716117    0.511044    0.843977
     12900    0.674112    0.573115    0.446842     0.61703
     12950    0.889228    0.437805    0.883752    0.780231
     13000    0.955676    0.929794    0.895515    0.400215
     13050     0.86844    0.797418     0.60356    0.712894
     13100    0.649148    0.564726    0.579014    0.434295
     13150    0.766068    0.478994    0.665683    0.707921
     13200    0.831408    0.523311    0.820011     0.66046
     13250    0.805434    0.445831    0.750307     0.73193
     13300      0.9418    0.464107    0.828623     0.93379
     13350    0.593922    0.454877    0.524941    0.472242
     13400    0.891427    0.618185    0.661004    0.877613
     13450    0.895791    0.661375    0.640867    0.869917
     13500     0.94006    0.658853    0.830209    0.802552
     13550    0.931817    0.629822     0.91831    0.704698
     13600     0.98876    0.652056    0.858516    0.890542
     13650     1.00441    0.974259    0.659547    0.795932
     13700    0.677121    0.551123    0.515576    0.589432
     13750    0.957092    0.923174    0.947868    0.285213
     13800    0.929123    0.799215    0.909656    0.510216
     13850     0.90029    0.775406    0.701381    0.726535
     13900    0.864324    0.720735     0.61113    0.775352
     13950    0.910759    0.653214    0.903637    0.644759
     14000    0.929374    0.872238    0.877881    0.442719
     14050    0.922125    0.854653    0.729901    0.661394
     14100    0.716968    0.678407    0.603217    0.451642
     14150    0.876626    0.561376    0.864057    0.689355
     14200      0.9108    0.885248    0.296171    0.887543
     14250    0.864765    0.636195    0.827783    0.636921
     14300    0.872638    0.839147    0.298178    0.854352
     14350    0.699076    0.611977    0.632484    0.450402
     14400    0.757793    0.598782    0.568299    0.683372
     14450    0.808421    0.544119    0.771246    0.645138
     14500    0.875735    0.729722    0.653349    0.757935
     14550    0.956738     0.83522    0.491122    0.944405
     14600    0.950975    0.838983    0.530726    0.907274
     14650    0.733463    0.643825    0.387106    0.715244
     14700      0.8568    0.640985    0.757756    0.695095
     14750    0.701649    0.532211    0.519971     0.65651
     14800      1.0037    0.519057    0.961619    0.905921
     14850    0.872198    0.846808    0.447769    0.777097
     14900    0.797359    0.544947    0.766028    0.622731
     14950    0.991699    0.986715    0.463098    0.882535
     15000    0.852126    0.789443    0.412704    0.811599
     15050    0.723772    0.675599    0.438139    0.631895
     15100     0.71001    0.401465    0.668651    0.632424
     15150    0.795626    0.670108    0.668261    0.608625
     15200    0.632835    0.524133    0.587481    0.425571
     15250    0.734142    0.523214    0.719599    0.535119
     15300    0.768193    0.628361    0.682519    0.565304
     15350     0.85269    0.779469    0.816832    0.423526
     15400    0.819256     0.70133    0.719389    0.577042
     15450     0.73505    0.623575    0.495789     0.66779
     15500    0.853542    0.537892    0.721377    0.804584
     15550    0.814885    0.751376    0.621984    0.613715
     15600     0.94984    0.930481    0.625905    0.739487
     15650     1.05505    0.982444    0.730715    0.852724
     15700    0.848517    0.726657    0.615424    0.730197
     15750     1.03218    0.988678    0.484596     0.95837
     15800    0.835336    0.610241    0.684482    0.744758
     15850     1.00171    0.908727    0.732766    0.802578
     15900    0.982606    0.480496    0.888443    0.954369
     15950    0.888459    0.843446    0.351855    0.862273
     16000    0.996214    0.704154    0.824441    0.899638
     16050     1.00717    0.553345    0.986979    0.865141
     16100    0.843442     0.59417    0.770359    0.690142
     16150    0.802179    0.706169    0.793297     0.39873
     16200    0.983091    0.970431    0.974281    0.204877
     16250    0.954888    0.429583    0.932743    0.876966
     16300    0.909229    0.478393    0.819702    0.867539
     16350    0.873742    0.778529    0.564152    0.776191
     16400    0.925947     0.71533     0.78413    0.766941
     16450    0.984907    0.935213    0.850487    0.584922
     16500    0.819749    0.789255    0.459205    0.714271
     16550     0.83645    0.810133     0.76403    0.399049
     16600    0.798249    0.533771     0.74985    0.653618
     16650    0.804361    0.705852     0.59043    0.668698
     16700    0.774648     0.61398    0.518159    0.744783
     16750    0.974093    0.412289    0.939739    0.919034
     16800    0.942547    0.921028    0.555537    0.787322
     16850     0.96091    0.710688    0.656854    0.954025
     16900    0.979844    0.832493    0.575821    0.946347
     16950    0.782537    0.719446    0.471835    0.696059
     17000    0.744199    0.577801    0.708622    0.521214
     17050     0.91976    0.788262    0.504345    0.903436
     17100    0.828187    0.775523     0.40295    0.779732
     17150     0.97653    0.961152    0.479918    0.867806
     17200    0.632224    0.518625    0.550765     0.47655
     17250    0.892875    0.752551    0.860441    0.536432
     17300    0.785164    0.553476    0.774015    0.572302
     17350    0.962787     0.88097    0.720362    0.747588
     17400    0.832422    0.623804    0.765911    0.640392
     17450     0.98297    0.958683     0.90986    0.430748
     17500     0.86092    0.825863    0.465673    0.763849
     17550    0.642171    0.536618    0.509386    0.526625
     17600    0.621385    0.582163    0.459507    0.471359
     17650    0.994153    0.430234    0.912314     0.97942
     17700    0.865045    0.844062    0.472749    0.748782
     17750    0.798013    0.600518    0.654319    0.696344
     17800    0.933233    0.887607    0.917663    0.334509
     17850     1.00493      0.9244    0.960318       0.493
     17900    0.744834     0.66526    0.728775    0.368608
     17950    0.772598     0.45344     0.76254     0.63776
     18000    0.738603    0.726815     0.33851    0.669492
     18050    0.949777    0.580521    0.898605    0.812192
     18100    0.846056    0.439102    0.775304     0.79857
     18150    0.816515    0.723908    0.708218    0.554777
     18200    0.836644    0.515457    0.747535    0.758579
     18250    0.942446    0.887069    0.657812     0.74619
     18300    0.929426    0.815429    0.468725    0.918171
     18350     1.00116    0.625223    0.914751    0.881458
     18400    0.947599    0.355407    0.888368    0.938285
     18450    0.810698    0.487996    0.769884    0.695415
     18500    0.820147    0.804414    0.508782    0.662829
     18550    0.931724    0.801056    0.848975    0.611367
     18600    0.945305     0.89181    0.409532    0.907833
     18650    0.826559    0.712131    0.533685    0.757924
     18700     0.86845    0.826172    0.478466    0.772608
     18750     1.03665     1.03221    0.301326    0.996501
     18800    0.846292     0.77552    0.824369    0.389109
     18850     0.97697     0.90822     0.85022    0.601004
     18900    0.818294    0.788305    0.603285    0.594839
     18950    0.932829    0.397013    0.926437    0.851138
     19000     1.01135    0.657387    0.948034    0.845408
     19050     1.02133    0.874124    0.796654    0.829137
     19100    0.860994    0.824251    0.633146    0.634318
     19150    0.932655    0.837924    0.810108    0.617494
     19200    0.878713    0.711457    0.824853    0.598097
     19250    0.823128    0.632497    0.541371      0.8136
     19300    0.915637    0.729586    0.890451    0.592946
     19350    0.854221    0.668645    0.601065     0.80686
     19400    0.879928     0.86025    0.425887    0.791921
     19450     0.85218    0.721146    0.515436    0.816514
     19500    0.849019    0.464565    0.820451    0.743442
     19550    0.962613     0.81542    0.540895    0.946451
     19600    0.980764    0.972247     0.63989    0.754369
     19650    0.775062    0.531258    0.769751    0.571569
     19700    0.764327    0.586264    0.667506    0.615728
     19750    0.607822    0.514912    0.472364    0.500633
     19800    0.732766    0.688005    0.670518    0.388517
     19850    0.748325    0.681004    0.573029    0.572585
     19900    0.855588     0.84218    0.528579    0.689492
     19950    0.960052    0.759083    0.619201    0.940097
     20000    0.982958    0.844564     0.70676    0.848302
     20050    0.821511    0.725605    0.736447    0.530004
     20100    0.734974     0.59352    0.630052     0.57545
     20150    0.881689    0.361081    0.842866    0.844955
     20200    0.904668    0.873056    0.891298    0.283209
     20250    0.888963    0.809865    0.656219    0.702855
     20300     0.72709    0.556201    0.525806    0.686649
     20350    0.637776    0.604912     0.45477    0.490695
     20400    0.868845    0.534291    0.823215    0.739345
     20450    0.829798    0.391684    0.760049    0.803765
     20500    0.846136    0.797344    0.720535    0.526276
     20550    0.979448    0.395604    0.911399    0.965135
     20600    0.895602    0.822139    0.454681    0.849447
     20650    0.986167    0.848835    0.626417    0.912211
     20700    0.875595    0.510179    0.844688    0.748031
     20750    0.852839    0.788739    0.607278    0.681008
     20800    0.923753    0.635697      0.6924    0.907255
     20850    0.891264    0.870295    0.711792    0.569776
     20900    0.935304    0.542624    0.783359    0.917331
     20950     0.83443    0.624234    0.802889    0.598537
     21000     1.00453     0.99893    0.848995    0.547263
     21050    0.829435    0.723272    0.645751    0.660157
     21100    0.969773    0.955753    0.867019    0.464474
     21150    0.713594    0.478125    0.556137    0.693209
     21200    0.930808    0.904581    0.256665     0.92123
     21250    0.791881    0.454306    0.757568    0.688365
     21300    0.854857    0.825568    0.821561    0.324091
     21350    0.725668    0.469029    0.595681    0.691639
     21400    0.836274    0.445386    0.764408    0.784869
     21450    0.853701    0.739001    0.796006    0.527126
     21500    0.942814    0.922726    0.290798    0.917502
     21550     0.82418    0.755387     0.58208    0.670164
     21600    0.790745    0.734824    0.705217      0.4618
     21650    0.915409    0.862068    0.589543    0.764999
     21700    0.936854    0.620224    0.844606    0.810773
     21750    0.756853    0.645764     0.50366    0.689179
     21800     0.68618    0.619528    0.466106    0.583623
     21850    0.910535    0.906569     0.39237     0.82603
     21900    0.910404     0.56991    0.765416    0.864299
     21950    0.729699     0.68706    0.476236    0.605037
     22000    0.839056    0.750743    0.428383    0.812959
     22050    0.631335    0.391828    0.530274    0.602037
     22100    0.857221    0.512219    0.773785    0.780092
     22150    0.808754    0.803016    0.490289    0.650345
     22200    0.926056    0.890699    0.323036    0.904136
     22250    0.658598    0.484996    0.640867    0.470714
     22300    0.814816    0.682667    0.780369    0.502833
     22350    0.982216    0.962107    0.610395    0.794522
     22400    0.999256    0.857648    0.539998    0.984818
     22450    0.639118    0.560361    0.444653     0.55247
     22500    0.747787    0.593337    0.492245    0.723891
     22550    0.761934    0.463492    0.717631    0.656711
     22600    0.642751    0.501254    0.581674    0.486475
     22650    0.872231    0.655674    0.615558    0.844248
     22700    0.650424    0.502259    0.618272    0.459975
     22750    0.797737    0.591327     0.77646    0.565872
     22800    0.861703    0.517849    0.816499    0.741771
     22850     0.70137    0.429762    0.644931    0.619039
     22900    0.887644    0.787841    0.812893    0.542526
     22950     1.00374    0.800058    0.889185    0.764353
     23000     1.02874    0.735626    0.985014    0.777951
     23050    0.831138    0.716587    0.746759    0.557167
     23100    0.800251    0.705107    0.759666    0.454463
     23150      1.0381    0.762524    0.991601    0.768511
     23200     1.00817    0.595029    0.866089    0.963664
     23250    0.964523    0.735705    0.669735    0.933168
     23300     1.01257    0.956363    0.829427    0.669355
     23350     1.02238    0.947668    0.863295    0.668716
     23400    0.894362    0.728604    0.873168    0.553607
     23450    0.905943    0.716138    0.674413     0.82084
     23500    0.953532    0.903205      0.9484    0.321255
     23550     1.00608    0.953436    0.358792    0.993285
     23600    0.915914    0.875226    0.819551    0.490014
     23650    0.845307    0.704494    0.532184     0.80595
     23700    0.919001    0.480692    0.803259    0.901573
     23750     1.00587    0.979229    0.785328     0.66928
     23800    0.847936    0.758696    0.801566    0.468897
     23850    0.925368    0.475296    0.806044    0.914875
     23900    0.993693    0.751866    0.978406    0.672511
     23950    0.780372    0.446718    0.707343     0.71977
     24000    0.599899    0.375095    0.589656    0.481006
     24050    0.773248    0.739322    0.708122    0.384436
     24100    0.694722    0.436825    0.576379    0.665017
     24150     0.64549    0.368495    0.590081    0.591042
     24200    0.669958    0.484496    0.556137    0.594696
     24250    0.893466    0.863181    0.764534    0.516692
     24300     1.00645    0.594165    0.971195    0.854189
     24350    0.689288    0.586304    0.409116    0.662651
     24400    0.926747    0.867558    0.657581    0.729828
     24450    0.843225    0.760213    0.508635    0.765131
     24500    0.990008    0.443207    0.910791    0.966571
     24550     0.79889    0.754671    0.557191    0.629649
     24600     1.03491    0.853473    0.756041    0.917637
     24650    0.985799    0.941508    0.699459    0.753604
     24700    0.707896     0.55395    0.658194    0.512008
     24750    0.786689    0.745387    0.501342    0.656364
     24800     0.99118    0.968653    0.623756    0.798444
     24850    0.838993    0.358719    0.797617    0.801839
     24900    0.700772    0.575665    0.671343    0.447294
     24950    0.724549    0.676869    0.617499    0.458788
     25000    0.925497    0.590938    0.871861    0.777009
     25050    0.620568    0.456458    0.472821    0.581633
     25100    0.907008    0.766449    0.866765    0.553715
     25150    0.831303    0.447752     0.72803     0.80723
     25200    0.866599     0.77768    0.568708    0.757477
     25250    0.870496    0.656313     0.84755    0.605342
     25300    0.687339    0.424045     0.63389    0.602694
     25350    0.939859    0.686205    0.884732    0.716269
     25400    0.947118     0.88091    0.826452    0.578826
     25450    0.860725      0.7026    0.769779    0.628878
     25500     1.01012    0.349082    0.967909    0.990939
     25550    0.955279    0.396023    0.927743    0.898651
     25600    0.736939    0.576732    0.554308    0.668043
     25650    0.881127    0.424337    0.826713    0.830212
     25700     1.00391    0.665744    0.900968    0.872181
     25750    0.780608    0.614502     0.72379    0.563218
     25800    0.902864    0.617338    0.888729    0.677777
     25850    0.833973    0.780312    0.462664     0.75371
     25900    0.694985    0.386529    0.626446    0.651282
     25950    0.957757    0.887383    0.780441    0.661862
     26000    0.643856    0.506949    0.479441    0.585014
     26050    0.813008    0.795542    0.745951    0.364189
     26100    0.958582    0.939537    0.558849    0.801697
     26150    0.951009     0.64587     0.87618    0.789934
     26200    0.772592    0.675369      0.5462    0.662825
     26250    0.834897    0.807439    0.788936    0.346021
     26300    0.631778    0.472506    0.557896    0.513593
     26350    0.914862    0.636643    0.850647    0.738261
     26400    0.966284    0.881064    0.910229    0.512465
     26450     0.98373    0.596906    0.827199    0.945989
     26500    0.867936    0.765603    0.763098    0.581514
     26550     0.79668    0.711317    0.752344    0.444301
     26600    0.871015    0.383316    0.828952    0.826584
     26650    0.935814    0.877304    0.895469    0.424227
     26700    0.878173    0.727418    0.644406    0.773292
     26750     0.97361    0.960586    0.965083    0.204258
     26800     0.87441    0.485708    0.822423    0.785426
     26850    0.694472    0.537192    0.627339    0.531465
     26900    0.896665    0.782379    0.607699    0.791582
     26950    0.902865    0.819624    0.524314    0.826826
     27000    0.881246    0.645857    0.859081    0.630903
     27050    0.943149    0.739299    0.889245    0.664637
     27100    0.761703    0.735365    0.727265    0.301174
     27150    0.923688    0.887173    0.850008    0.443631
     27200    0.901919    0.399733    0.833283    0.879073
     27250     1.00274     0.89802    0.673329    0.866696
     27300     1.00541     0.29244    0.976096    0.991682
     27350    0.899636    0.630913    0.725428    0.833303
     27400    0.699291    0.564356    0.682094    0.440755
     27450    0.965888    0.891401    0.856764    0.580724
     27500     1.00105    0.993753    0.684817    0.740061
     27550    0.896479    0.859375    0.873083    0.326421
     27600    0.930937    0.927207     0.49221    0.794548
     27650    0.965085    0.842373    0.661436    0.845985
     27700    0.826831    0.792687    0.476055    0.715765
     27750    0.833758    0.804588    0.376369    0.775429
     27800    0.826796     0.57841    0.614868     0.80905
     27850    0.979995    0.808345    0.567204    0.972439
     27900    0.917509     0.87835    0.463895    0.834834
     27950     0.88928    0.830838    0.540268    0.774246
     28000    0.825824    0.784386    0.657168    0.562884
     28050    0.713001    0.555066    0.607517    0.582722
     28100    0.745729    0.660627    0.572878    0.589581
     28150     0.87742    0.797527    0.473898    0.824078
     28200     1.01802    0.870019    0.966728    0.617437
     28250    0.783038    0.644283    0.676915    0.594123
     28300    0.993383    0.852781    0.839045    0.736468
     28350    0.846762      0.6914    0.614676    0.760362
     28400     0.98858     0.63901    0.983582    0.760796
     28450    0.992273    0.901523    0.513125    0.945077
     28500    0.938651    0.871038    0.710902    0.705723
     28550    0.716913    0.590342    0.625855    0.536404
     28600    0.975656    0.881114    0.833631    0.657652
     28650    0.928978    0.893512    0.575008     0.77266
     28700    0.765657    0.645562    0.583457    0.644429
     28750    0.759566     0.69272    0.517641    0.637234
     28800    0.859606    0.776665    0.589825     0.72577
     28850    0.641975     0.51452    0.413172    0.623555
     28900    0.933566    0.509484    0.804456    0.914531
     28950    0.923936     0.79578    0.778875    0.683668
     29000    0.977361    0.882863    0.937611    0.501906
     29050    0.922354    0.769946    0.594287    0.869183
     29100     0.87333    0.755874    0.694222    0.687111
     29150     1.00636    0.180821     1.00055     0.99585
     29200    0.932166    0.357878    0.887502    0.906715
     29250    0.673551    0.529946    0.523103    0.594022
     29300    0.915835    0.465012    0.894942    0.812619
     29350    0.773938    0.583121    0.748916    0.545026
     29400    0.966419    0.504101    0.883871     0.91246
     29450    0.853582    0.709431    0.679123    0.701928
     29500    0.975659    0.971037    0.871302    0.449158
     29550    0.829508    0.487006    0.702309    0.803587
     29600    0.834781    0.495427    0.706861    0.805368
     29650    0.981842    0.858096    0.660624    0.869066
     29700    0.843061     0.59244    0.792473     0.66521
     29750    0.763529    0.718203    0.611269    0.525821
     29800    0.847606    0.811512    0.764968    0.439481
     29850    0.825014     0.72345     0.56157     0.72288
     29900    0.888375    0.861106     0.29558    0.865765
     29950    0.865915    0.510322    0.823497    0.749026
     30000    0.954815    0.780168    0.941259    0.573335
     30050    0.964085    0.755911      0.8033    0.801391
     30100    0.976547     0.91614    0.963604    0.373422
     30150    0.641241    0.520583    0.505093    0.544292
     30200    0.781394    0.425176     0.74566    0.695967
     30250    0.996457    0.668884    0.852774     0.90068
     30300     0.63655    0.595421    0.544947    0.398619
     30350    0.890134    0.861902    0.270925    0.876584
     30400    0.825388    0.462952    0.761741    0.753628
     30450     0.83192    0.357907    0.823223    0.760518
     30500    0.912421    0.612879    0.857312    0.744595
     30550    0.939337    0.776185    0.814949    0.705765
     30600    0.970551    0.955684    0.966674    0.190128
     30650    0.925297    0.773523    0.761388    0.730959
     30700     1.01445    0.257928     1.01161    0.984035
     30750    0.877159    0.872801     0.80453    0.360229
     30800    0.828482    0.597063    0.708011    0.717634
     30850     1.00517    0.992054    0.523588    0.873175
     30900    0.879338    0.523844    0.818253    0.776221
     30950    0.991675    0.870206    0.479957    0.989557
     31000    0.891276    0.461459     0.84145    0.817168
     31050    0.928521    0.253328    0.904863    0.917253
     31100    0.991493    0.952577    0.972046    0.337404
     31150    0.959233     0.93533    0.644094    0.741994
     31200     1.00658    0.973138    0.292704    0.996865
     31250    0.843786     0.50983    0.832913    0.685769
     31300     1.00675     0.42797     0.92443    0.994657
     31350     1.01628    0.890026    0.973402    0.570957
     31400     1.01602    0.845254    0.670065    0.949298
     31450    0.959649    0.893535    0.923253    0.437096
     31500    0.864325     0.60139    0.858397    0.628966
     31550    0.816402    0.769875    0.698872    0.501891
     31600    0.814122    0.615035    0.644416    0.729417
     31650    0.997526    0.955271    0.991858     0.30625
     31700    0.854623    0.801388     0.82871     0.36301
     31750    0.754594    0.690906    0.424974    0.693448
     31800    0.832699    0.373996    0.791591    0.787582
     31850    0.884271    0.740476    0.515396    0.865987
     31900    0.837172    0.731178    0.539452    0.759002
     31950    0.913003    0.898971     0.89958    0.223057
     32000    0.922007    0.876557    0.902379    0.342861
     32050    0.875043    0.690482    0.866262    0.551566
     32100    0.745484    0.706911    0.486951    0.612085
     32150     1.03196    0.866534    0.764237    0.891607
     32200    0.932893    0.780357    0.898215    0.569937
     32250    0.819454    0.465424    0.726006    0.774148
     32300    0.808755    0.777121    0.755781    0.364755
     32350    0.995353    0.815256    0.800297    0.822397
     32400    0.813557    0.540705    0.703811    0.732147
     32450    0.970059    0.737815    0.670756    0.942202
     32500    0.970053    0.562269    0.937802    0.828485
     32550    0.798927    0.745497    0.677787     0.51128
     32600    0.854185     0.77856    0.515481    0.766413
     32650    0.874556    0.842676    0.449287    0.785962
     32700    0.892713    0.723847    0.720218    0.742432
     32750    0.981263    0.962429    0.511345    0.859076
     32800    0.728388    0.501388    0.687518    0.580541
     32850    0.868623    0.603943    0.720738    0.790444
     32900    0.850167    0.624474    0.792074    0.654385
     32950     1.04358      1.0081     0.84647    0.667357
     33000    0.858198    0.650286    0.765704    0.681054
     33050    0.967668    0.893974    0.427412     0.94387
     33100     0.67835    0.543032    0.644153    0.458804
     33150    0.925982    0.887995    0.853625    0.444607
     33200    0.805156    0.519012    0.725857    0.707326
     33250    0.766467    0.478493    0.646349    0.726787
     33300    0.715008    0.331343    0.657817    0.692793
     33350      0.8875    0.653785    0.771024    0.743909
     33400    0.854001    0.383203    0.837877    0.780867
     33450     1.00622     0.94875    0.343351     1.00347
     33500    0.978811     0.68614    0.829083    0.870617
     33550    0.865179    0.794989    0.591253    0.717972
     33600    0.678541    0.480366    0.642092    0.527068
     33650    0.639024    0.598069    0.392552    0.552195
     33700    0.920964    0.554999    0.852175    0.813709
     33750    0.701546    0.419379    0.644716    0.626734
     33800    0.692957    0.678852    0.467205    0.530339
     33850    0.634238    0.457725    0.516584    0.572838
     33900    0.819398     0.61823    0.594827    0.778972
     33950    0.698491    0.544127     0.55131    0.612996
     34000    0.761723    0.578577    0.697811    0.582025
     34050    0.963137    0.459927    0.910222    0.902901
     34100     1.05458    0.979233    0.555588    0.978116
     34150    0.872653    0.849553    0.278923    0.850593
     34200    0.792265    0.575026    0.724789    0.631975
     34250    0.971944    0.923738     0.95571    0.350253
     34300    0.873003    0.841813    0.638317    0.638882
     34350    0.913658    0.851063    0.478704    0.846213
     34400    0.954397    0.685906    0.690533    0.935116
     34450    0.993586    0.974229    0.802132     0.61797
     34500     1.02328    0.626906    0.971141     0.87068
     34550     0.93861     0.90772    0.829605    0.499777
     34600    0.838468    0.536608    0.663414    0.823402
     34650    0.795239    0.733644    0.358527    0.773327
     34700     1.00614    0.998743    0.903527    0.459094
     34750    0.937145    0.904525    0.759453    0.601287
     34800    0.694974    0.525354    0.583019    0.591667
     34850    0.833611    0.711392    0.648891    0.680204
     34900    0.790001    0.769512    0.390296    0.709734
     34950    0.829353    0.473116    0.807654    0.706759
     35000    0.841797    0.765266    0.829041    0.379874
     35050    0.953184    0.945674    0.235499    0.931322
     35100    0.712701    0.471283    0.596155      0.6621
     35150    0.999208    0.947587    0.546361    0.894652
     35200    0.992181     0.80261    0.835813    0.791252
     35250    0.731609    0.610269    0.678588    0.487435
     35300     1.01721      0.8647    0.641197    0.954255
     35350    0.966619    0.885396    0.807878    0.657354
     35400    0.850586    0.449951    0.808924    0.768231
     35450    0.953053    0.482735    0.858786    0.919823
     35500    0.817957    0.698885    0.536925    0.749252
     35550    0.869809    0.797697    0.373369    0.858726
     35600    0.898502    0.865091    0.646697    0.669339
     35650     0.89766    0.863448    0.380088    0.849457
     35700    0.690885    0.681349     0.48689    0.503334
     35750    0.911451    0.888416    0.317354    0.878344
     35800     0.88869    0.670818    0.761714    0.741173
     35850    0.861458    0.692853    0.848318    0.533415
     35900    0.934138    0.908656     0.78846    0.545803
     35950    0.925211    0.721414    0.629483    0.891821
     36000    0.930537    0.344318    0.869178    0.926161
     36050    0.965485    0.721168     0.95806    0.652963
     36100      0.8873    0.277308    0.852076    0.878447
     36150     0.97831    0.835627    0.889303    0.651957
     36200    0.923772    0.348719    0.864602    0.915187
     36250     1.02078    0.867433     1.01357    0.551576
     36300    0.936948    0.855502    0.881508    0.496792
     36350    0.796901    0.709654    0.746366    0.457639
     36400    0.770262    0.551521    0.543754    0.766004
     36450    0.763346    0.409833    0.663338    0.746602
     36500    0.793424    0.558134    0.642228    0.731486
     36550    0.693007    0.512272    0.523143    0.651472
     36600    0.645865    0.587406    0.410406    0.566397
     36650     0.99865    0.960966    0.557199    0.872168
     36700    0.787623    0.670485    0.619412     0.63834
     36750     0.97432    0.435782    0.904773    0.943439
     36800    0.879627    0.751864    0.844189    0.519165
     36850    0.870951    0.603372    0.830361    0.680849
     36900    0.754719    0.390556    0.716519    0.687946
     36950    0.676977    0.508342    0.525826    0.617812
     37000    0.832625    0.377244    0.782821    0.794612
     37050    0.674913    0.639762     0.52755    0.472664
     37100    0.787316    0.408387    0.716459    0.748091
     37150    0.896773    0.727301    0.803181    0.659041
     37200    0.984954    0.962463    0.664263    0.756761
     37250    0.861218    0.728711    0.652881    0.725341
     37300    0.792487    0.775171    0.364405    0.722767
     37350    0.815863    0.708966    0.798806    0.436509
     37400    0.717748    0.554763     0.69425    0.490489
     37450     0.88734    0.643769    0.708811    0.811105
     37500    0.991457     0.91661    0.457188    0.957485
     37550    0.815598    0.711573    0.456453    0.784676
     37600    0.786617    0.733522    0.716678    0.431103
     37650    0.725707    0.657271    0.662804    0.426598
     37700    0.896076    0.599756    0.732322    0.842558
     37750     0.71388     0.63489    0.682757    0.387309
     37800    0.908548    0.839626    0.845913    0.479976
     37850    0.891668     0.39056    0.819019    0.875679
     37900    0.743358    0.669234    0.482996    0.651155
     37950     1.01802    0.771545    0.952213    0.755473
     38000     1.00048    0.991301    0.230537    0.982909
     38050    0.876173    0.336881    0.842868     0.84347
     38100    0.906016    0.719581    0.694994    0.800572
     38150    0.962957    0.773703    0.951765     0.59169
     38200    0.776691    0.756591    0.507278    0.613789
     38250    0.901433    0.760032    0.674867    0.769459
     38300    0.816096    0.525216    0.728097    0.725292
     38350    0.952255    0.947869    0.697834    0.654332
     38400    0.830397    0.541659    0.813738    0.650811
     38450     0.59672    0.423378    0.551685    0.478064
     38500     0.86295    0.841791    0.742886    0.478409
     38550    0.869589    0.763503    0.696696    0.666371
     38600    0.748201    0.549202    0.601206    0.675676
     38650    0.963002    0.862501    0.825265    0.655573
     38700    0.996158    0.885529    0.968107    0.513098
     38750    0.935908    0.609691    0.881894    0.776138
     38800     1.00739    0.699136    0.919658    0.833738
     38850    0.694573    0.567625    0.531375    0.600255
     38900    0.924928    0.485743      0.8686    0.848864
     38950     0.95064    0.322264     0.90282    0.942601
     39000    0.782098    0.705796    0.612772    0.591368
     39050    0.675294    0.488554    0.527621     0.62847
     39100    0.766021    0.631564    0.595699    0.647955
     39150    0.859437    0.776047    0.698562    0.622115
     39200    0.920758     0.87161    0.894127    0.369357
     39250    0.887345    0.452106    0.835299    0.820145
     39300     0.66538    0.589465    0.557193       0.477
     39350    0.812578    0.538624    0.643423    0.785147
     39400    0.908264    0.653143    0.692774    0.862181
     39450    0.947876    0.542446    0.889672    0.843312
     39500    0.781025    0.463426    0.710012    0.707898
     39550    0.976882     0.93931    0.568989    0.838181
     39600     1.02977    0.995622    0.290869     1.02224
     39650     1.00856    0.370115    0.973955    0.974063
     39700    0.960839    0.763008     0.60168    0.949854
     39750    0.945885    0.309478    0.939752     0.90027
     39800    0.929042    0.509356    0.842939    0.869625
     39850    0.906156    0.675204    0.864388    0.662699
     39900     1.02032    0.629445    0.995156    0.834009
     39950    0.992965    0.892722    0.798594    0.732977
     40000    0.997884    0.606716    0.923528    0.877803
     40050    0.928001    0.913026    0.859473    0.387379
     40100    0.604564    0.432512      0.4709    0.567611
     40150    0.646906    0.637481    0.453113    0.474639
     40200    0.642055    0.512628    0.470876     0.58306
     40250    0.765483    0.441365    0.746242    0.648266
     40300    0.991701    0.755069     0.86856    0.801509
     40350    0.786984    0.632372    0.681502    0.611839
     40400    0.804037    0.660409    0.794749    0.474538
     40450    0.674419    0.581911    0.489859    0.575414
     40500    0.967095    0.903805    0.482695    0.905918
     40550       1.003    0.552112    0.914539    0.933169
     40600    0.889503    0.407269    0.862795    0.819847
     40650    0.841651    0.564403    0.684152    0.793813
     40700    0.666815    0.438169    0.570046    0.610196
     40750     1.03755    0.969923    0.890832    0.647057
     40800    0.871413    0.762591    0.830258    0.497841
     40850    0.868585    0.826191    0.507742    0.753982
     40900    0.890683     0.78659    0.704162     0.68707
     40950    0.925307    0.835709    0.615215    0.797175
     41000    0.926168    0.800608    0.512264    0.901214
     41050    0.696479    0.590425    0.438947    0.654896
     41100    0.867783    0.365412    0.823034    0.833776
     41150    0.861094    0.700612    0.824978    0.558139
     41200     0.93421    0.783293     0.74884    0.755769
     41250    0.954005    0.489065    0.931948    0.844119
     41300    0.939071     0.50197    0.863292    0.875478
     41350    0.916329    0.676501    0.773141    0.789883
     41400    0.945856    0.544521    0.936334    0.784897
     41450     0.88805    0.864241    0.578249     0.70426
     41500    0.884813    0.798821    0.546803    0.792893
     41550    0.979114    0.973294     0.96275    0.207706
     41600    0.798005    0.400373    0.711821    0.778868
     41650    0.690607    0.663476    0.473689    0.537859
     41700     0.89661    0.845015    0.854408    0.404668
     41750    0.675737     0.58398    0.461629    0.599255
     41800    0.880108    0.725491    0.557135    0.844062
     41850    0.803296    0.628847    0.647476    0.689852
     41900    0.765465     0.60579    0.604768    0.662682
     41950    0.778071    0.441673    0.699863    0.725194
     42000    0.829978    0.770537     0.32488    0.823682
     42050    0.848603    0.806018    0.822986    0.336577
     42100    0.923659    0.348849    0.920461     0.85869
     42150      0.9681    0.515975    0.920422     0.87237
     42200    0.894935    0.807621    0.433652    0.872646
     42250    0.900216    0.881537     0.43244     0.81035
     42300    0.919763    0.829267    0.686859    0.729704
     42350    0.992586     0.50811    0.914836    0.935604
     42400     1.04043    0.440175     1.02484     0.95966
     42450    0.943141    0.940487    0.173051    0.929822
     42500    0.916172    0.843723    0.636219    0.749734
     42550    0.673868    0.563798     0.56977    0.515451
     42600    0.978825    0.934352    0.804061    0.629817
     42650    0.996267    0.883438     0.56392    0.941609
     42700    0.882605    0.361537    0.826106     0.86303
     42750    0.943913    0.923262    0.618834    0.739306
     42800    0.801005    0.553691    0.665002    0.731037
     42850    0.935488     0.85767     0.91329    0.424949
     42900    0.798518    0.445959    0.733519     0.73371
     42950    0.799471    0.593882    0.735045    0.620743
     43000    0.779682    0.649964    0.767396    0.452171
     43050     0.81293    0.733706    0.711871    0.525953
     43100    0.854558    0.348411      0.8082    0.828228
     43150     1.00047    0.995443    0.406888    0.919473
     43200    0.932677    0.307159    0.899887    0.914127
     43250    0.752531    0.477949    0.706368    0.636565
     43300    0.916655    0.708005    0.622497    0.889797
     43350    0.801692    0.659902    0.727026    0.566907
     43400    0.908741    0.865668    0.798187    0.514914
     43450    0.943565    0.432057    0.860734    0.923631
     43500    0.764188    0.642487     0.75082    0.437547
     43550    0.945008    0.888577    0.746292    0.662992
     43600    0.724826    0.695836    0.522399    0.541903
     43650    0.912455    0.880968    0.328425    0.883844
     43700    0.800395     0.52108    0.746437    0.672735
     43750    0.930464    0.798089    0.520136    0.907765
     43800     1.01598    0.969845     0.96896    0.430047
     43850    0.938082    0.916429     0.88126    0.378857
     43900    0.996377    0.753278    0.908767    0.769578
     43950    0.998276    0.912944    0.452619    0.977127
     44000    0.939923    0.675116    0.664137    0.932765
     44050    0.993889    0.501285    0.979022    0.875134
     44100    0.907337    0.727693    0.589962    0.876885
     44150    0.747369    0.621679    0.569365     0.63754
     44200    0.948253    0.922708    0.878349    0.418903
     44250    0.932708    0.782833    0.897516    0.567032
     44300    0.847444    0.435739    0.802063    0.776626
     44350    0.874349    0.810945    0.841913    0.403143
     44400    0.922878    0.467926    0.855437    0.867572
     44450     1.00329    0.705092    0.937748    0.797919
     44500    0.782319    0.750151     0.37324    0.722504
     44550    0.826589    0.533942     0.79855    0.666125
     44600    0.937706    0.466276    0.911311     0.84302
     44650    0.616121    0.493972    0.462969    0.548508
     44700    0.697628    0.589227    0.578779    0.539625
     44750    0.882543    0.863692    0.316099    0.843731
     44800    0.860629    0.687602    0.776839    0.636465
     44850      1.0348     1.03227    0.300296    0.992899
     44900    0.716097    0.678187    0.375199    0.651826
     44950    0.886861     0.75804    0.753796    0.655907
     45000    0.999306    0.890409    0.560608     0.94346
     45050    0.808766    0.727808    0.559914    0.681907
     45100    0.771772    0.699975    0.731563    0.407571
     45150    0.787694    0.538082    0.630491    0.744226
     45200    0.771142    0.734261    0.703489    0.394062
     45250    0.858473    0.808177    0.828735    0.366061
     45300    0.923385    0.379649    0.866805    0.899887
     45350    0.790297    0.535961    0.706991    0.679741
     45400    0.770429    0.502738     0.75542    0.603089
     45450    0.950811    0.671544    0.926002    0.706848
     45500    0.981621    0.420957    0.916428    0.953999
     45550    0.982751    0.598417    0.852476    0.920207
     45600    0.655938    0.538572    0.448322    0.607831
     45650    0.686566    0.487177    0.608874    0.578513
     45700    0.983303    0.827952    0.844137    0.731914
     45750    0.843247    0.508007    0.807705    0.715314
     45800    0.973669    0.671978    0.828677     0.87052
     45850    0.784767    0.715221     0.35885    0.769029
     45900    0.908429    0.804829    0.754743    0.658105
     45950     1.00702    0.971699    0.573596    0.868878
     46000    0.832938      0.7382    0.509402    0.763637
     46050    0.666157    0.577953    0.481583    0.567079
     46100    0.660019     0.60089    0.564799    0.437245
     46150    0.619243    0.478402    0.581358      0.4473
     46200    0.787818    0.595854    0.657195    0.674069
     46250    0.851447    0.701306    0.818675    0.536532
     46300    0.848769    0.781002    0.565226    0.715104
     46350    0.754196    0.697643    0.604245    0.534607
     46400    0.861683    0.760454    0.516753    0.799795
     46450     1.02224    0.949667    0.832517    0.703549
     46500    0.984807    0.646158     0.90793    0.835364
     46550     1.02257    0.410455    0.992364    0.968528
     46600    0.890722     0.53558     0.81958      0.7926
     46650    0.970055    0.959901    0.241371    0.949918
     46700    0.879972    0.821123    0.847265    0.395726
     46750    0.654247    0.573438    0.540469    0.484914
     46800    0.794993      0.4739    0.766827    0.671879
     46850    0.804777    0.395744    0.746851    0.762189
     46900     1.00779     0.91453    0.461434    0.990962
     46950    0.876493    0.596004       0.668    0.857343
     47000    0.881024    0.429256    0.798853    0.854388
     47050    0.931106    0.609569    0.728722    0.911759
     47100    0.832533    0.734758    0.570913    0.721395
     47150    0.866766    0.718954    0.819607    0.560282
     47200    0.770187     0.66278     0.54616    0.669931
     47250     0.73828    0.456247    0.656728    0.671313
     47300    0.710485    0.653775    0.652587    0.395331
     47350    0.680394    0.625747    0.563621     0.46545
     47400    0.610448    0.465653    0.480584    0.545436
     47450    0.675823      0.5012    0.579349    0.571512
     47500    0.730655      0.3994    0.720529    0.623724
     47550    0.785016    0.673616     0.59766    0.649265
     47600     0.81474    0.721792     0.78508    0.436196
     47650    0.867289    0.726244    0.834626     0.52948
     47700    0.976257    0.863589    0.956343    0.495759
     47750     0.92373    0.528074    0.777929    0.906928
     47800    0.878507    0.727077    0.680461    0.742886
     47850    0.875105    0.774654    0.600748    0.755401
     47900    0.909199    0.835723    0.511967    0.832311
     47950    0.929087    0.852462    0.915024    0.403046
     48000    0.956975    0.881384    0.899645    0.495383
     48050    0.959021    0.791699    0.603812    0.920905
     48100    0.751675    0.553712    0.704329    0.572149
     48150     0.98681     0.50632    0.922292    0.916846
     48200    0.923632    0.688737    0.667529    0.886701
     48250     0.92123    0.532464    0.778143    0.899057
     48300    0.852714    0.803019    0.378055     0.81638
     48350    0.792224    0.738477    0.455601    0.708744
     48400    0.846521    0.794822    0.559312    0.699016
     48450    0.910917    0.887605    0.755407    0.548684
     48500    0.950298    0.448179    0.859858    0.930544
     48550     0.95908      0.8169    0.534308    0.941731
     48600    0.956528    0.925039    0.937182     0.30965
     48650     0.96166    0.639204    0.781284    0.911368
     48700    0.825672    0.755055    0.412101    0.789642
     48750    0.867549    0.858366      0.3712    0.794167
     48800    0.678234    0.396918     0.58113    0.651725
     48850    0.715162    0.516489    0.699508    0.516565
     48900    0.860226    0.814068    0.784796    0.448737
     48950    0.903381    0.895874    0.684578    0.600797
     49000    0.913982    0.862141     0.80454    0.529297
     49050    0.871236    0.655396    0.837682    0.621973
     49100    0.902929    0.727825    0.603891    0.857991
     49150    0.806562    0.789484    0.477355    0.670771
     49200    0.857395    0.660606    0.569089    0.842609
     49250    0.904422    0.879436    0.394469    0.840799
     49300    0.932212    0.887897    0.340051     0.91326
     49350    0.877279     0.54083    0.825204    0.752183
