         0    0.913748    0.656153    0.902658    0.651569
        50     1.04136    0.427692    0.968368     1.02382
       100     1.00493    0.717493    0.800255     0.92983
       150    0.846809    0.742504    0.449268    0.825237
       200     0.90638    0.635304    0.697273    0.867899
       250    0.959698     0.95409    0.831907    0.489577
       300    0.964525    0.743461    0.860078    0.753757
       350     1.02741    0.702787    0.978517    0.812253
       400    0.998086     0.97313    0.292895    0.979582
       450    0.877512    0.752767    0.720782    0.673698
       500    0.948192    0.869957     0.44954    0.916092
       550    0.919164    0.881472    0.308874    0.904062
       600    0.873501    0.654018    0.843431    0.622006
       650    0.794566    0.441795    0.788058    0.668171
       700    0.661209    0.481985    0.580035    0.552853
       750    0.933775    0.907692    0.541282    0.791821
       800    0.807938    0.391774    0.786226    0.730677
       850    0.739087    0.676629    0.492526    0.626173
       900    0.866517    0.671853    0.848853    0.574253
       950    0.688413    0.607879    0.495643    0.576755
      1000    0.794949    0.605148    0.706802    0.630962
      1050    0.962287     0.88946    0.949898    0.398182
      1100    0.964607    0.845616    0.638486    0.859186
      1150    0.870219    0.282092    0.841674    0.852392
      1200    0.902619    0.404952    0.820535    0.890044
      1250    0.849997    0.711056    0.814737    0.524967
      1300    0.938719    0.880924     0.93349    0.339053
      1350    0.943491    0.617389    0.935887    0.723392
      1400    0.981494    0.831064    0.906842    0.643143
      1450     1.03764     1.00135    0.359486     1.01067
      1500    0.855742    0.386767    0.787666    0.833416
      1550    0.960237    0.542261    0.882857    0.877854
      1600    0.878642     0.77568    0.534457    0.810369
      1650    0.942257    0.879659    0.832819    0.555258
      1700     0.96315    0.894043      0.9494    0.393248
      1750    0.966171    0.477681    0.954942    0.852572
      1800    0.852038    0.757722    0.742587    0.571279
      1850    0.932387    0.818316    0.488915    0.911051
      1900    0.835796    0.779969    0.448311    0.766666
      1950    0.848849    0.800398    0.787124    0.425311
      2000    0.976002    0.503079    0.887401    0.929833
      2050    0.953883    0.780508    0.715302    0.836024
      2100     1.00734    0.912834    0.958138    0.527439
      2150     1.01682     1.00169    0.337886    0.974827
      2200    0.945326    0.791044    0.554845    0.923947
      2250      1.0346    0.478339    0.978984    0.976522
      2300    0.932738    0.880706    0.886021    0.423465
      2350     1.01875    0.980767    0.367599    0.989275
      2400     1.02894    0.543343    0.954808    0.954223
      2450     1.07199    0.395522     1.00657      1.0624
      2500    0.993804    0.939298    0.516774    0.908822
      2550     1.00893     1.00141    0.869829    0.525768
      2600     1.02406    0.834535     1.01816    0.603562
      2650     1.00788    0.921234    0.836323    0.695381
      2700    0.835849     0.66531    0.782188    0.585517
      2750    0.973227    0.885203    0.447831    0.954045
      2800    0.914228    0.419606    0.862892    0.866588
      2850    0.902787    0.462602    0.882182    0.798625
      2900    0.929221    0.414278    0.853401    0.909386
      2950    0.843114    0.490629    0.805227    0.729779
      3000    0.839775     0.76698    0.734326    0.531931
      3050    0.971895    0.934842    0.884907    0.481839
      3100    0.840908    0.755335    0.755586    0.522313
      3150    0.931276    0.804866    0.705015    0.767917
      3200    0.728801    0.572107    0.564427    0.645305
      3250    0.792391    0.588223     0.68956    0.658991
      3300    0.825739    0.781452    0.408532    0.765587
      3350    0.845763    0.747593    0.711758    0.604266
      3400    0.938244    0.786533    0.888443    0.593833
      3450     0.94425    0.384771    0.903173    0.905232
      3500     0.93451    0.776674    0.627214    0.866024
      3550    0.897537    0.858434    0.728968    0.585528
      3600    0.799178    0.428275    0.738185    0.740968
      3650    0.944045    0.694381    0.650877    0.936287
      3700     1.00266    0.992352     0.96576    0.305301
      3750    0.913388    0.476022    0.887722    0.808647
      3800    0.878027    0.507688    0.810314    0.792152
      3850    0.928642    0.390795    0.881881    0.891245
      3900     0.91729    0.714115    0.765898    0.765691
      3950    0.717891      0.5842    0.453512    0.695537
      4000    0.938419    0.867146    0.564776    0.830871
      4050     1.00559    0.962242    0.926187    0.488575
      4100    0.884095    0.412655    0.799675    0.868034
      4150    0.872776    0.821748    0.315046    0.865419
      4200    0.879402    0.348952    0.850556    0.837546
      4250    0.944476    0.694055    0.889678    0.714724
      4300     1.04539    0.943481     0.71729    0.883759
      4350    0.827845    0.532398     0.74862    0.725793
      4400    0.859293    0.406427      0.8233    0.796093
      4450    0.935072    0.454467    0.830078    0.923661
      4500     1.04396    0.747273    0.734712     1.03994
      4550    0.875987    0.769093    0.831377    0.502012
      4600    0.770351    0.685589    0.578661    0.618063
      4650     1.03729    0.962734    0.988087    0.498766
      4700     1.05215    0.981483     1.03772    0.416969
      4750     1.00374    0.999658    0.366827    0.938666
      4800     1.07838      1.0669    0.252829        1.06
      4850     1.01416     1.01092     0.58667    0.831199
      4900     0.88253    0.777644    0.576564    0.787757
      4950     1.01395    0.855499    0.727753    0.891459
      5000      1.0196    0.798091    0.994387    0.673354
      5050     1.02082    0.793112     1.00608    0.665518
      5100     1.07882     1.07508    0.851461    0.668513
      5150    0.940481    0.658428    0.790759    0.842723
      5200     1.01742     0.88346    0.581945    0.975261
      5250    0.680433    0.497245     0.61288    0.550548
      5300    0.934094    0.874299    0.826192    0.545961
      5350    0.784398    0.418625    0.753877    0.697842
      5400    0.959814    0.753521    0.641027    0.929396
      5450      1.0108    0.457746     0.98669     0.92755
      5500    0.820983    0.573291    0.667329    0.757653
      5550    0.903303    0.442056    0.834518    0.860279
      5600    0.913398    0.480514    0.826621    0.868559
      5650    0.932491    0.538518    0.920445    0.775796
      5700     1.02368    0.819049    0.685053    0.977602
      5750     0.80698    0.697525    0.492543    0.757161
      5800    0.874746    0.794189    0.825395    0.467278
      5850     1.03231    0.930045    0.537142    0.988858
      5900     1.03679     1.01045    0.873319    0.605115
      5950     1.00579    0.934292    0.633866    0.865189
      6000    0.986078    0.533072    0.962754    0.856528
      6050     0.68915    0.496094    0.605764    0.580342
      6100    0.907778    0.850762    0.580022    0.766747
      6150    0.603796    0.532997    0.340484    0.573693
      6200    0.889601    0.608577    0.759989    0.796763
      6250    0.877959    0.846111    0.745126    0.520105
      6300    0.835117    0.776267    0.744906    0.487201
      6350    0.789397    0.732061    0.632238    0.557366
      6400    0.902276    0.712932    0.629142    0.850948
      6450    0.890713    0.847459    0.592908    0.719035
      6500    0.862337    0.832462    0.456803    0.765239
      6550     1.01643     1.00297    0.284919    0.989514
      6600     1.04281    0.986837    0.351302     1.03809
      6650    0.890978    0.834508    0.365505    0.870452
      6700    0.801431    0.512917    0.695292    0.733532
      6750    0.951663    0.829706     0.93093    0.506243
      6800    0.968491    0.940319    0.389651    0.916473
      6850     0.88971    0.878666    0.683553    0.586404
      6900    0.971448    0.675075     0.78865    0.899849
      6950     1.03807    0.437448    0.972771     1.00872
      7000    0.910081    0.746538    0.621026    0.844691
      7050    0.957484    0.502852    0.939777    0.835171
      7100    0.795393    0.566238    0.633295    0.737301
      7150    0.924262    0.517794    0.917324    0.773903
      7200    0.830668    0.665439     0.62698    0.737634
      7250     0.83916    0.367966    0.773056    0.821805
      7300     0.98527    0.883165    0.681995    0.834517
      7350    0.978923    0.276762    0.944116    0.973975
      7400      1.0431    0.956298     1.01307    0.485066
      7450    0.810604    0.676035    0.773741     0.50839
      7500    0.911967    0.720092    0.668142    0.835715
      7550    0.690421    0.673197    0.426396    0.564229
      7600    0.925362    0.892486    0.785112    0.547411
      7650    0.848025    0.762555    0.832447    0.404765
      7700    0.837453    0.684631    0.550717    0.794132
      7750     0.81685     0.79456    0.456976    0.703089
      7800    0.800905     0.74991    0.539598    0.655261
      7850    0.685699    0.557798    0.543439    0.577842
      7900    0.925609    0.844642    0.639545    0.768809
      7950    0.751787    0.689183     0.72876    0.352565
      8000    0.776041    0.689765     0.44849    0.726333
      8050    0.898805    0.780603    0.691421     0.72684
      8100    0.842808    0.322633    0.812785      0.8099
      8150    0.757328    0.587799     0.67755    0.585243
      8200    0.877237    0.835924    0.624764    0.670814
      8250    0.898184    0.860709    0.451955    0.817548
      8300    0.982882    0.932944    0.850293    0.582006
      8350     1.04677     0.98351    0.645087    0.898896
      8400     1.00177    0.854779    0.529269    0.998162
      8450    0.931512    0.817675    0.909234    0.490032
      8500    0.942334    0.899853    0.877772    0.442455
      8550    0.981857    0.973447    0.976065    0.166688
      8600    0.983527    0.629002    0.979563    0.761226
      8650     1.01048    0.738236    0.722933    0.987177
      8700    0.782224    0.626887    0.658104    0.630603
      8750    0.998491    0.977373    0.651226    0.783973
      8800    0.935056    0.813007    0.752932    0.721645
      8850    0.992021    0.782894     0.61773    0.986763
      8900    0.853101    0.455595    0.825042    0.753195
      8950     1.06608     1.03478    0.942749    0.559921
      9000    0.941529    0.309141    0.914785    0.916818
      9050    0.872571    0.838411    0.540434     0.72647
      9100    0.845536    0.752973     0.77738    0.508503
      9150    0.918894    0.856321    0.874294    0.437099
      9200     1.01157    0.862073    0.589138    0.977898
      9250    0.981286    0.907839    0.636067     0.83492
      9300    0.686206    0.476899    0.645059    0.546098
      9350    0.925485    0.312405    0.882706    0.914482
      9400     0.88547    0.654716    0.865021    0.625459
      9450    0.879569    0.800695    0.837412    0.452671
      9500    0.846091    0.742407    0.518738    0.781974
      9550      1.0681    0.758633    0.889625    0.956399
      9600    0.897793     0.34918    0.866834    0.859499
      9650    0.693913    0.588532    0.601472    0.504869
      9700    0.864342    0.526524    0.833389    0.722778
      9750    0.828022    0.436204    0.739079      0.7967
      9800    0.898122    0.565523    0.727398    0.874254
      9850    0.965985    0.808444    0.590276    0.929649
      9900     1.04904     1.04205    0.761346    0.731743
      9950    0.903018    0.698879    0.623222    0.868358
     10000    0.908537    0.671536    0.643138    0.886731
     10050    0.889938    0.698914    0.836266    0.629412
     10100     1.00615    0.957596    0.994186    0.345364
     10150     1.03926     0.86398    0.703204    0.958738
     10200    0.895404    0.388348    0.849973    0.854535
     10250    0.974639    0.572893     0.86386    0.908505
     10300    0.964503    0.782718    0.936651    0.608743
     10350    0.918333    0.438938    0.831478    0.895905
     10400     1.02057    0.800693      0.7366    0.948388
     10450    0.845056    0.453109    0.721717    0.837888
     10500    0.976958    0.876031    0.584748    0.894167
     10550     0.98907    0.941849     0.60643    0.837665
     10600    0.809623    0.565573     0.75531    0.648547
     10650    0.789932     0.66496    0.462461    0.769379
     10700    0.988275    0.649576    0.921466    0.826029
     10750    0.996353    0.896766    0.554356    0.934847
     10800    0.883721     0.86022     0.32769    0.845321
     10850     0.99266    0.479364    0.986693    0.876011
     10900    0.844881    0.815271    0.558624    0.671506
     10950    0.838123    0.696411    0.656327    0.699391
     11000    0.923109    0.914759    0.860592    0.356169
     11050    0.924573    0.806659     0.51575    0.890489
     11100    0.844922    0.662407     0.83324    0.542875
     11150     1.00653    0.994541    0.692764    0.746442
     11200    0.973763    0.660385    0.897479    0.809228
     11250     1.01158    0.607661    0.927176    0.904249
     11300     1.01762    0.961801     1.01194    0.349326
     11350    0.890531    0.821939    0.446851    0.843108
     11400    0.951684    0.840203    0.918234    0.512163
     11450    0.838336    0.809859    0.438164    0.746831
     11500    0.998526    0.932486     0.65496     0.83403
     11550     1.03832    0.687538     1.02597    0.794296
     11600      1.0643    0.751565    0.811561     1.02077
     11650    0.944975    0.914025    0.577142    0.785761
     11700     1.00324    0.589327    0.946933    0.876915
     11750    0.870387    0.835106    0.621119    0.657232
     11800    0.974367    0.895426    0.423562     0.95791
     11850    0.920272    0.853126    0.374351    0.908756
     11900    0.842973    0.523064    0.733879    0.780405
     11950    0.902362    0.552946    0.885312    0.734158
     12000     0.99249    0.705759    0.890948    0.823523
     12050    0.948891    0.821511    0.496165    0.937938
     12100    0.961412    0.911035    0.802922     0.61152
     12150    0.721487    0.623399    0.462796    0.662028
     12200      0.9653    0.865109    0.470876    0.945236
     12250     0.93423    0.847627    0.528222    0.864916
     12300    0.720048    0.566903    0.640853    0.552148
     12350    0.950539    0.548443    0.829618    0.904428
     12400    0.987645    0.934123    0.912259    0.496069
     12450    0.991356    0.759899    0.753372    0.905846
     12500    0.926434     0.87826    0.511571    0.826749
     12550    0.874568     0.34901    0.854624    0.823133
     12600    0.934007    0.718851    0.707159    0.853182
     12650    0.876734       0.824    0.461266    0.803482
     12700    0.896051    0.831622    0.658922     0.69285
     12750    0.818904    0.673965    0.707689    0.621414
     12800     1.04802    0.871063    0.711442    0.965291
     12850     1.04718     1.01578    0.460701    0.974232
     12900    0.991154    0.783841    0.741302    0.894895
     12950     0.90841    0.804832    0.577635    0.817924
     13000    0.968048    0.885103     0.50711    0.913053
     13050    0.754249     0.61195     0.53823    0.688193
     13100     1.01585    0.433634    0.999023    0.936918
     13150     1.04927    0.399383     1.03601    0.984432
     13200    0.898571    0.666199     0.64114    0.871768
     13250    0.706319    0.622209    0.530137    0.574093
     13300    0.928499    0.875447    0.743939      0.6359
     13350    0.843951    0.789734    0.774785    0.447811
     13400    0.882192     0.76217    0.847704    0.506971
     13450    0.944521    0.890228    0.437104    0.894805
     13500    0.923136    0.549094    0.906413    0.762411
     13550    0.903947    0.594865    0.898427      0.6879
     13600    0.814261    0.532673    0.796389    0.638801
     13650    0.815193    0.518992    0.669316     0.78214
     13700     1.03432    0.418938    0.999271    0.982632
     13750     1.00662    0.692032    0.991681    0.751143
     13800    0.759559    0.556156    0.630433    0.668658
     13850    0.984769    0.777925    0.839816    0.793146
     13900     1.05648     1.02871    0.877431    0.635747
     13950    0.996649    0.496894    0.880479    0.982075
     14000     1.02129    0.646713    0.802225     1.01206
     14050    0.982216    0.660768    0.742776    0.970137
     14100    0.974278    0.268521    0.964488    0.946623
     14150     0.95901    0.779442    0.921521    0.618602
     14200    0.963662    0.882927    0.741206    0.726871
     14250    0.992039    0.822092    0.725214    0.875507
     14300    0.983975    0.967208    0.935638    0.354264
     14350    0.868746    0.737908    0.524516    0.830551
     14400    0.973581    0.885489    0.567785    0.888398
     14450    0.963582     0.95329    0.721648    0.653791
     14500    0.658104    0.515613    0.568576    0.526372
     14550     0.97253    0.945566    0.731387    0.680153
     14600    0.870637    0.828016    0.600502    0.685422
     14650    0.978636    0.937058    0.378549    0.945558
     14700      1.0269    0.558074    0.950705    0.945382
     14750     1.02291    0.934998    0.459869     1.00348
     14800     1.01141    0.880731    0.838518    0.753057
     14850    0.813313    0.748015    0.586972     0.64722
     14900     0.58799    0.468334    0.419273    0.544369
     14950    0.860719    0.327984    0.809694    0.847643
     15000      0.9422    0.910704     0.93639    0.263198
     15050    0.623743    0.548634    0.533251    0.439039
     15100    0.827566    0.818461    0.280607    0.788107
     15150    0.865482     0.80225    0.705268    0.597587
     15200     1.04791    0.905226    0.608956     1.00298
     15250    0.992291    0.894753    0.476034    0.970614
     15300    0.950526    0.461439    0.917232    0.867616
     15350    0.863408    0.625287     0.77991    0.701216
     15400    0.943943    0.878634    0.525027    0.856975
     15450    0.691646    0.575044    0.497295    0.615442
     15500    0.905012    0.693369    0.645499    0.860618
     15550     1.03856    0.450113     1.03646    0.938282
     15600    0.968297    0.944822    0.648444    0.749685
     15650     1.06922    0.991173    0.741871    0.868151
     15700     1.02551     1.00234    0.716213    0.765306
     15750    0.907774    0.659226    0.865003    0.682126
     15800    0.970803    0.429425    0.928375    0.915768
     15850     1.07026     1.05906     1.04676    0.271322
     15900     1.06078    0.504388    0.949587     1.04613
     15950     1.03477    0.767539    0.809357    0.947268
     16000    0.945702    0.872277    0.443026    0.911902
     16050     1.00981     1.00481    0.953567    0.347146
     16100    0.696578    0.568394    0.576761    0.560997
     16150     1.03528    0.949913    0.571743    0.956239
     16200    0.982485    0.962934    0.912408    0.413309
     16250    0.950965    0.296699    0.934131     0.92089
     16300    0.990896    0.949714    0.657265    0.793597
     16350     0.94262    0.530927    0.805965    0.919567
     16400    0.716743    0.538694     0.69162    0.508833
     16450    0.771051    0.622453    0.747524    0.492747
     16500     1.00221    0.742824    0.816298    0.889232
     16550    0.946592    0.608498    0.918373    0.760522
     16600    0.897786    0.593763    0.853431    0.728794
     16650    0.826026    0.327092    0.795105    0.790858
     16700     0.94862    0.559288    0.865122    0.859372
     16750    0.871014    0.663258    0.633808    0.822014
     16800    0.869202    0.635638    0.805731      0.6766
     16850    0.956761     0.51695    0.928936    0.837033
     16900    0.965818    0.868078    0.706575    0.782816
     16950     1.02301    0.653492    0.817233    0.999081
     17000    0.856997    0.665545    0.822772    0.590748
     17050    0.876263    0.398456    0.817698    0.841591
     17100    0.929117    0.803671    0.511483    0.904993
     17150    0.940733    0.390864    0.903334    0.895081
     17200    0.911374     0.88487    0.531093    0.772107
     17250    0.777599    0.548359    0.719925    0.624764
     17300     0.99754    0.279094    0.972333    0.983284
     17350     1.02217     0.48603     1.01279    0.909779
     17400    0.979789     0.75119     0.75824    0.883606
     17450     0.87549    0.686026     0.72085    0.736688
     17500     0.82104    0.729486    0.460887    0.776947
     17550    0.956469    0.857494    0.852759    0.605946
     17600    0.938413    0.806446    0.805985     0.67917
     17650    0.969737    0.929593    0.686379    0.738594
     17700    0.946371    0.907995    0.322494     0.92886
     17750     1.00744    0.525299    0.951074    0.921627
     17800     0.99447    0.358739    0.951719    0.971329
     17850     0.99167    0.684047    0.763203    0.957298
     17900    0.667467    0.423995     0.55512    0.634898
     17950    0.916319     0.80905    0.561496    0.842284
     18000    0.957138     0.71275    0.939762    0.664125
     18050    0.799912    0.589558     0.64071    0.722239
     18100    0.817131    0.451484    0.728445      0.7752
     18150    0.609578    0.471036     0.53537    0.484432
     18200    0.636439    0.526526    0.572091    0.453422
     18250    0.876526    0.846509    0.675357     0.60325
     18300    0.994365    0.708756    0.812062    0.903184
     18350    0.754508    0.649586    0.639116    0.555097
     18400     0.85348    0.584722    0.792598     0.69767
     18450     1.00984    0.849995    0.648663     0.94672
     18500    0.980748    0.596398     0.94594    0.820513
     18550     0.88832    0.605465     0.66235    0.879164
     18600    0.682584    0.665425    0.479828     0.50874
     18650     1.00429    0.833667     0.72084    0.895876
     18700    0.913178    0.392712    0.896036    0.843022
     18750     1.04247    0.948483    0.449417     1.03532
     18800    0.975801    0.373127    0.942154    0.936748
     18850    0.928262    0.763217    0.625943     0.86547
     18900     0.93003     0.73404    0.769195    0.774232
     18950     1.04751    0.892316    0.846235    0.825956
