         0    0.908025    0.651804    0.897162     0.64751
        50    0.996778     0.81229    0.903664    0.714638
       100     1.01516    0.885511     1.00363     0.51931
       150    0.981097    0.268722     0.96677    0.958253
       200    0.902849    0.357753    0.873078    0.860245
       250    0.914092    0.643357    0.880234    0.694556
       300    0.934488    0.868139     0.80851    0.582393
       350     0.98889    0.916914    0.702391    0.788493
       400     1.02808    0.610804    0.932124    0.933787
       450    0.950272    0.585976    0.933335    0.769123
       500    0.968362    0.685997     0.95856    0.697152
       550    0.957608     0.77109    0.933799    0.606189
       600    0.684245    0.496667    0.574001    0.600188
       650    0.902759    0.544014     0.84167    0.790941
       700     1.04095    0.971217       1.033     0.39597
       750    0.881704    0.870932    0.526305    0.720615
       800    0.923746    0.811957    0.610923    0.821044
       850    0.682285    0.669757    0.573158    0.392353
       900    0.851266    0.806668    0.744131    0.494837
       950    0.681559    0.449076    0.654572    0.546727
      1000    0.946715     0.86218    0.686482    0.760216
      1050    0.699284    0.630844    0.654706    0.389092
      1100    0.905152    0.321608    0.871773    0.880443
      1150    0.795297    0.644796    0.774468    0.499432
      1200    0.989767    0.924193    0.474225    0.938221
      1250     0.78618    0.731288    0.312116    0.777149
      1300    0.779966    0.678409     0.44919    0.744772
      1350    0.842177    0.770089    0.714422    0.561327
      1400    0.870062    0.500916    0.854474    0.730049
      1450    0.981035    0.883427      0.9605    0.471016
      1500    0.675847    0.584775     0.61311    0.442348
      1550    0.811395    0.771258    0.679559    0.509986
      1600    0.892298    0.564301    0.833549    0.761021
      1650    0.851319    0.563056    0.732343    0.772095
      1700    0.872257    0.698257     0.63136    0.797175
      1750    0.869513    0.766244    0.510255     0.81524
      1800    0.946641    0.804379    0.531305     0.92895
      1850    0.989831       0.879    0.758886    0.781653
      1900     0.74137    0.403776    0.723918    0.642001
      1950    0.885074    0.817693    0.801536    0.505599
      2000    0.761905    0.725049    0.500275    0.620507
      2050    0.629039    0.576459    0.408668    0.540431
      2100    0.953656    0.463038    0.876682      0.9143
      2150     1.02284    0.796677    0.657498     1.01262
      2200    0.996386    0.872864    0.865603    0.688772
      2250     1.00688     1.00112    0.413287    0.924436
      2300    0.913427    0.759569    0.696445    0.778919
      2350    0.918208    0.872954    0.561945    0.779987
      2400    0.945368    0.910206    0.862781    0.463223
      2450    0.962073    0.910212    0.908894    0.443388
      2500     1.00054    0.991067    0.438498    0.909766
      2550    0.880084    0.673565    0.687951    0.788752
      2600    0.633898    0.466291    0.498778    0.580901
      2650    0.949118    0.714917    0.643481    0.936203
      2700     1.01087    0.811658    0.620543    0.999922
      2750    0.975305     0.91441    0.692434    0.766047
      2800      0.9797    0.931333    0.956402    0.370864
      2850    0.888939    0.693385     0.75433    0.728442
      2900    0.972676    0.439415    0.964035    0.877352
      2950    0.913979    0.780369    0.885765    0.526458
      3000     1.04533     0.95562    0.476385     1.02238
      3050    0.950251      0.9163    0.878058    0.441996
      3100    0.766794    0.721255    0.426643    0.688269
      3150    0.824251     0.76579    0.369951    0.797171
      3200    0.899071    0.605424    0.705307    0.867561
      3250    0.971095    0.760719    0.725217    0.883979
      3300    0.916093    0.787351    0.725394    0.729613
      3350    0.758656    0.709982     0.63522    0.493495
      3400    0.876674    0.859715     0.78817    0.420467
      3450    0.880051    0.593039    0.845276    0.694833
      3500    0.869083    0.450037    0.796811    0.820469
      3550    0.845011    0.803691    0.674712    0.571779
      3600    0.992069    0.485756     0.96449    0.895659
      3650    0.930536    0.774025    0.529667    0.923111
      3700    0.888308    0.688806     0.71319     0.77142
      3750    0.874181     0.79179    0.839258    0.443958
      3800     1.03124     1.01989    0.948704    0.432108
      3850     1.04055     1.02337    0.486702    0.938785
      3900    0.926075    0.639256     0.86949    0.742003
      3950    0.924766    0.920848    0.455696    0.809176
      4000    0.950963    0.944143     0.75811    0.585258
      4050     1.04683    0.921502    0.743852    0.888391
      4100    0.940785    0.759428    0.823598     0.71771
      4150    0.714663    0.499763    0.657558     0.58253
      4200    0.583043    0.459523    0.453525    0.512867
      4250    0.889711    0.855361    0.375742     0.84282
      4300    0.844738    0.750043    0.656518     0.65847
      4350    0.906244    0.787329     0.76307    0.663621
      4400    0.839255    0.678696    0.566366    0.792022
      4450    0.778354    0.401183    0.675614    0.770887
      4500    0.806096    0.502843    0.800525    0.637094
      4550    0.829945     0.67579    0.696599    0.660057
      4600    0.859345    0.543243    0.719412    0.815035
      4650    0.732168    0.603653    0.680101    0.495184
      4700     0.95013    0.845523    0.892198     0.54274
      4750     0.85703    0.787746    0.642662    0.659881
      4800    0.911564    0.516691    0.767195    0.897964
      4850    0.872998    0.762195    0.811201      0.5341
      4900    0.970152    0.537223    0.830963    0.950411
      4950     0.82285    0.778799    0.719748    0.479165
      5000     0.84589    0.619305    0.770531    0.673648
      5050    0.918202    0.597747    0.874284    0.751342
      5100    0.818723    0.780223    0.307167    0.798446
      5150    0.701868    0.662443    0.458897      0.5795
      5200     1.02814     0.96309    0.994937    0.443503
      5250     0.67081     0.58156    0.489886    0.567248
      5300    0.846078    0.734136    0.804792    0.495024
      5350    0.886984    0.852302    0.838405    0.379661
      5400    0.715258    0.501624    0.692084    0.540908
      5450    0.841111    0.382715    0.771277    0.820729
      5500    0.741599     0.63363     0.63079    0.548229
      5550    0.736218    0.661116    0.427004    0.681635
      5600    0.814735    0.764685    0.320343     0.80014
      5650    0.813496    0.764782    0.417506    0.751233
      5700    0.842384    0.736224    0.731376    0.585052
      5750      1.0156    0.593685     1.00367    0.838494
      5800    0.915626    0.766155    0.850458    0.605368
      5850     1.02773    0.368593    0.972496     1.01531
      5900    0.881996    0.554898    0.696998    0.872992
      5950    0.856761     0.70975    0.635617    0.748547
      6000     1.00709    0.917663    0.849145    0.682122
      6050    0.970228      0.8894    0.926891     0.48221
      6100    0.979627    0.949735    0.731423    0.694522
      6150      1.0454     1.00961    0.703838    0.819164
      6200     1.03047    0.803779    0.751629    0.955363
      6250    0.996024    0.945518    0.864708    0.585152
      6300    0.866709    0.672599    0.662214    0.781954
      6350    0.980492    0.931941    0.627434    0.812738
      6400    0.878588    0.791267     0.85382     0.43442
      6450     1.00246    0.986589    0.991445     0.23135
      6500     1.03914    0.874753     1.02838     0.58041
      6550     0.93804    0.867976    0.834497     0.55684
      6600    0.884763    0.548095    0.851438    0.735022
      6650    0.998223    0.903625     0.90986    0.590351
      6700    0.838364    0.676529    0.810436    0.539639
      6750    0.926963    0.442305    0.828405    0.914676
      6800     1.00773    0.661794    0.780691    0.991765
      6850     1.02876    0.986179      0.9684    0.454255
      6900    0.949869    0.893246    0.458596    0.892359
      6950    0.906537    0.839522    0.890808    0.381159
      7000     0.98141    0.683056    0.819862    0.887464
      7050    0.839267    0.719331      0.6979    0.635795
      7100    0.935747    0.638084    0.913929    0.713321
      7150    0.799049    0.683074    0.498809    0.749372
      7200    0.848101    0.825542     0.35059    0.796315
      7250    0.844156    0.641497    0.589955    0.815865
      7300    0.945036    0.918255    0.899186    0.366687
      7350     0.89043    0.774159    0.503083    0.856339
      7400    0.795579    0.726822    0.389682    0.765355
      7450      1.0091    0.753886    0.993495    0.693678
      7500    0.593789    0.544525    0.519136    0.373044
      7550     1.04319     1.03701    0.954482    0.435961
      7600    0.867163    0.841312    0.537639    0.712097
      7650    0.770516    0.581354    0.751013    0.534224
      7700     1.03815    0.347655      1.0234    0.993643
      7750    0.989105    0.738068    0.811273    0.868189
      7800    0.984713    0.499225    0.904345    0.933945
      7850    0.990179    0.761833    0.980501    0.647407
      7900    0.786151     0.66392    0.479216    0.752083
      7950    0.705839    0.472102    0.625559    0.618235
      8000    0.724963    0.581996    0.564593    0.627422
      8050    0.808201    0.674601    0.473773    0.791726
      8100    0.689044    0.624598    0.554869    0.501558
      8150    0.692295    0.640941    0.329437    0.662731
      8200    0.739871    0.615928    0.570558    0.624432
      8250     0.78593    0.366192    0.765698    0.717622
      8300    0.847373    0.646156    0.841015    0.557903
      8350      0.9796     0.68494    0.719279    0.965779
      8400    0.880598    0.752088    0.851537    0.510053
      8450    0.922681    0.856668    0.783888     0.59525
      8500    0.864101    0.801749    0.689537    0.612437
      8550    0.942496    0.595412    0.847227    0.839218
      8600    0.883644    0.463363    0.796516    0.844104
      8650     1.00825    0.575671    0.994525    0.844187
      8700    0.741113    0.586391    0.479295    0.724512
      8750    0.835386    0.824379    0.525146    0.663595
      8800    0.713133    0.589521    0.637438    0.513084
      8850     1.03871     1.02036     0.96357    0.433861
      8900    0.862697    0.644372    0.657981    0.800212
      8950    0.922752    0.520127    0.863909    0.828294
      9000    0.958438    0.612639    0.949581    0.748449
      9050    0.953441    0.780223    0.682245    0.862492
      9100    0.989904    0.947064    0.942438    0.417973
      9150    0.901575     0.84015    0.799745    0.529366
      9200     1.02481    0.818384    0.733034    0.945189
      9250    0.882603    0.813092    0.845188    0.427219
      9300    0.909629    0.850302    0.338268    0.904107
      9350      1.0163     1.00397    0.358961    0.963798
      9400    0.948442      0.9334    0.537648    0.799238
      9450    0.875018    0.598852    0.656608    0.861136
      9500    0.876002    0.408321    0.843862    0.809894
      9550    0.748559    0.272649     0.71507     0.73145
      9600    0.872965     0.78772    0.714304    0.627217
      9650    0.714149    0.508026    0.586777    0.646236
      9700    0.884223    0.460451    0.858423     0.78409
      9750    0.818564    0.513206    0.790554    0.672114
      9800    0.855756    0.788669    0.477604    0.783922
      9850    0.955234    0.929408    0.470694    0.859995
      9900    0.846097    0.529307    0.790695    0.725531
      9950     0.74199    0.636429    0.664666    0.504256
     10000     0.86801    0.315282    0.836111    0.841664
     10050     1.03384    0.606506    0.971549    0.908791
     10100     1.02885    0.943813    0.446142     1.01353
     10150      1.0133      1.0049    0.775594    0.664964
     10200    0.911241    0.851601    0.872212    0.418022
     10250    0.981718    0.830457    0.973446     0.53878
     10300    0.869201    0.823886    0.478111    0.776944
     10350    0.869791    0.822359    0.607875    0.683583
     10400    0.986658      0.5448    0.835207    0.976018
     10450    0.871077    0.827664     0.69415    0.592181
     10500    0.985578    0.979764    0.937297    0.322898
     10550     0.95797    0.633877    0.910284    0.777815
     10600    0.753292    0.674697    0.514248    0.644384
     10650    0.714432    0.577556      0.5664    0.605348
     10700    0.604399    0.475329    0.465487    0.536638
     10750     0.81478    0.746743    0.761753    0.435705
     10800    0.788542    0.669684    0.676434    0.580996
     10850    0.914495    0.643806    0.774535    0.811302
     10900    0.976279    0.876334    0.563411    0.906006
     10950    0.950469    0.707216    0.920957    0.677101
     11000    0.976014    0.625836    0.825978    0.911754
     11050     1.03969    0.206783     1.03169     1.02702
     11100    0.910749    0.361375    0.903332    0.843994
     11150    0.975887    0.370142    0.927742    0.952366
     11200    0.857057    0.644274    0.785181    0.661434
     11250    0.757044     0.68494    0.658656    0.493214
     11300    0.869114    0.851437    0.837146     0.29148
     11350    0.871116     0.49692    0.802043    0.792138
     11400    0.936585    0.745341    0.910076     0.60878
     11450    0.602151    0.484391     0.48215    0.508005
     11500    0.809314     0.73739    0.754621    0.443602
     11550    0.720619    0.487769      0.6297    0.635721
     11600    0.868781    0.789464    0.747361    0.572503
     11650    0.944481     0.74982    0.836227    0.722899
     11700    0.798882    0.675121    0.747319    0.512004
     11750    0.863769    0.860325     0.79544    0.345415
     11800    0.759612    0.596104    0.617551    0.645996
     11850    0.917592    0.802686    0.535221    0.867862
     11900    0.922608    0.865498    0.711992    0.668126
     11950     0.65626    0.543299    0.624455    0.419807
     12000     1.07026    0.982926      1.0609    0.446376
     12050    0.824072    0.747631    0.535748    0.715689
     12100     0.86013    0.473979    0.739592    0.841424
     12150    0.844239    0.794376    0.400601    0.796219
     12200    0.968888    0.904508    0.426381    0.936778
     12250     1.00656    0.901784    0.767632    0.789845
     12300    0.959341    0.903746    0.341552      0.9525
     12350     1.07298     1.06359     1.01453    0.376955
     12400    0.990501    0.876492    0.745808    0.798571
     12450    0.817496    0.651683    0.731121    0.614305
     12500     0.78088    0.704094    0.684429    0.505328
     12550     1.00511    0.453671    0.988463    0.915208
     12600    0.913829    0.854644    0.714534    0.655129
     12650    0.916211    0.751666    0.797907    0.690818
     12700     1.02449    0.547221    0.905118    0.990189
     12750    0.952469    0.754664    0.907587     0.64897
     12800    0.875877    0.844903    0.811838     0.40172
     12850    0.949597    0.613137    0.915469    0.767756
     12900     1.01632     0.76686    0.835777    0.882732
     12950    0.826811    0.745946    0.800134    0.413018
     13000    0.952003    0.177727    0.943671    0.943673
     13050     0.92374    0.776778    0.841819    0.628128
     13100    0.939688    0.410604     0.92091    0.865654
     13150    0.998518    0.665375    0.791084    0.962049
     13200     1.01196     1.00501    0.928113    0.420338
     13250     1.01388     0.96935    0.310307     1.00993
     13300    0.915856     0.79141    0.903691    0.484352
     13350    0.934234    0.470277    0.928803    0.813482
     13400    0.909952    0.855424    0.522023     0.80732
     13450    0.801412    0.752312    0.621203    0.576762
     13500    0.943229    0.890886    0.386285    0.914587
     13550     0.87822    0.830901    0.525245    0.759119
     13600    0.798656    0.750657    0.422311    0.730665
     13650    0.861378    0.450452     0.75357    0.844493
     13700    0.911656    0.754931    0.818149    0.650342
     13750     1.03517    0.519896     1.00754    0.926128
     13800     1.00987    0.951049    0.815604    0.685547
     13850    0.901799    0.658952    0.638803    0.885547
     13900    0.918157    0.845313     0.48219     0.85963
     13950    0.894731    0.871249    0.734155     0.55048
     14000    0.997216    0.450294    0.942778    0.947252
     14050    0.964595    0.865893    0.865383    0.601855
     14100    0.993074    0.795316     0.97437    0.624872
     14150    0.891893    0.824939    0.414277    0.859533
     14200     1.01229    0.591742      1.0087    0.825733
     14250     1.05053     1.04329    0.628667    0.850615
     14300     1.03055    0.825481    0.718637    0.962394
     14350    0.941497    0.724391    0.760207    0.818643
     14400     1.02375     1.00306    0.645178    0.820817
     14450       1.046    0.285265     1.03943     1.01313
     14500     1.06581     1.02019    0.880082    0.675696
     14550    0.716638    0.562639    0.487732    0.687528
     14600    0.888662    0.819748    0.514018    0.802021
     14650    0.904088    0.852926    0.752942    0.583392
     14700    0.982547     0.97567    0.943988    0.296228
     14750    0.855901    0.598522    0.808073    0.673738
     14800    0.753351    0.425354    0.717852    0.662448
     14850     1.03083    0.928855    0.479144     1.01631
     14900    0.983015    0.891683    0.449362    0.967271
     14950    0.998811    0.973166    0.637847     0.80084
     15000     1.04004    0.966825     0.70031    0.859185
     15050    0.811427    0.519386    0.790211    0.650102
     15100    0.975924    0.943301    0.703224    0.721467
     15150    0.929654    0.895216    0.371436    0.888334
     15200     1.03344    0.858994    0.925928    0.735376
     15250      1.0323    0.918375    0.525081     1.00605
     15300     1.01672    0.626835    0.806376     1.01207
     15350    0.873652    0.854448    0.425147    0.784667
     15400    0.979645    0.594473    0.963653    0.798362
     15450        1.03     0.90343     1.01573    0.523339
     15500    0.884957    0.758919    0.637631    0.764046
     15550    0.821154    0.621812      0.7745    0.601737
     15600    0.854954    0.823186     0.57607    0.672607
     15650    0.929942    0.450412    0.877505    0.869885
     15700     1.00971    0.876216    0.745763    0.845643
     15750      1.0027     0.47019    0.976243    0.914694
     15800    0.871107    0.692849    0.587762    0.831956
     15850    0.999575    0.964391    0.945419    0.417652
     15900    0.973951    0.468551    0.937401    0.893811
     15950    0.893743     0.82758    0.364049    0.883251
     16000    0.838073    0.650581    0.765769    0.628551
     16050     0.94006    0.335405    0.929194    0.889677
     16100     1.04032    0.926955    0.859661      0.7525
     16150    0.664771    0.595451    0.521215    0.507556
     16200     0.85929    0.727963    0.703553    0.672191
     16250    0.862551    0.805687    0.448237     0.79871
     16300    0.849274    0.834111    0.371919    0.780044
     16350    0.862996    0.772197    0.687093    0.648952
     16400     0.72374    0.496537    0.552854    0.703848
     16450    0.683891    0.570834    0.542939    0.561052
     16500    0.616099    0.595522    0.392796    0.500222
     16550    0.784995    0.539962    0.664089    0.707008
     16600    0.880926    0.637464    0.617204    0.874506
     16650    0.874313    0.761535    0.568387    0.791105
     16700      1.0184    0.698877    0.987721    0.781178
     16750    0.934108    0.456959    0.903245    0.848796
     16800     1.00375    0.765654    0.723294    0.951666
     16850    0.793392    0.717308    0.625382    0.594397
     16900    0.800876    0.768153    0.479721    0.680158
     16950    0.844999    0.768729    0.540557    0.738174
     17000    0.965528    0.646081    0.950811    0.736903
     17050     1.05272    0.908395    0.972914    0.666854
     17100    0.927121    0.815257    0.781457    0.666176
     17150    0.982008    0.979084    0.769258    0.615073
     17200     1.04775     1.04477    0.873086    0.584574
     17250    0.897994     0.59014    0.893814    0.682363
     17300    0.912999    0.508027    0.875281    0.801826
     17350     1.02162    0.556779     0.86037     1.01843
     17400    0.967724    0.506992    0.867494    0.929188
     17450    0.837188    0.512992    0.734874     0.77367
     17500    0.923343    0.912288    0.219893    0.908021
     17550      1.0482     1.03659     1.02311    0.275986
     17600    0.945273    0.880758    0.935794    0.368292
     17650     1.03701     1.01851    0.941932    0.475591
     17700    0.891639    0.430965    0.831991     0.84386
     17750    0.802002    0.781348    0.477164    0.669496
     17800    0.996947    0.949187     0.33891    0.985897
     17850    0.745626    0.706884    0.697542    0.354495
     17900    0.960198    0.814629    0.551861    0.935837
     17950    0.984726    0.905025    0.440806    0.962284
     18000    0.945509    0.936725    0.879226    0.370783
     18050     1.03442    0.866331     1.02634      0.5798
     18100    0.934672    0.712872    0.896964    0.659161
     18150    0.825535      0.7424    0.555812    0.709176
     18200    0.962804    0.909998    0.958409    0.327626
     18250    0.837274    0.607665    0.633485    0.794667
     18300     0.89321    0.563873    0.821346    0.776587
     18350      1.0487     0.95497    0.919439    0.664985
     18400     0.86989    0.428161    0.781714     0.84795
     18450    0.753122    0.532876    0.667907    0.635867
     18500     1.00004    0.949136    0.832698    0.637101
     18550    0.889955     0.84866    0.653696    0.660679
     18600    0.769672    0.734017     0.56646    0.570203
     18650     1.02214    0.602329    0.940319    0.917906
     18700    0.937351     0.58897    0.889806     0.78652
     18750    0.973456     0.52568    0.935236    0.862687
     18800    0.866609    0.440327     0.84944     0.76589
     18850    0.836281     0.76653    0.591858    0.678873
     18900    0.944205    0.722352    0.919807    0.644366
     18950    0.917062    0.842977      0.5994    0.782378
     19000    0.973943    0.726009    0.826886    0.828434
     19050    0.991513     0.89578    0.857529    0.654536
     19100     1.01439    0.496832    0.897596     1.00271
     19150     0.87624    0.850519    0.837625    0.332559
     19200     1.00163    0.970877    0.969343    0.352571
     19250    0.769673     0.47178    0.721668    0.664389
     19300    0.805282    0.620379    0.627722    0.719758
     19350    0.982923    0.976073    0.550952    0.822197
     19400    0.826975    0.760041    0.514842    0.724604
     19450    0.800979    0.465043    0.720391    0.740206
     19500    0.906329     0.51701    0.886013    0.768471
     19550    0.805148    0.614867    0.730819    0.619974
     19600    0.784602    0.409287    0.738288    0.720149
     19650    0.951667    0.593851    0.836841    0.870851
     19700    0.914254    0.383996    0.876611    0.869379
     19750    0.845381    0.738354    0.581684    0.738794
     19800    0.796836    0.590228    0.605526    0.744893
     19850    0.959129    0.865677    0.909324    0.513412
     19900    0.812813    0.727154    0.694989     0.55639
     19950    0.870514    0.835916    0.278872    0.859688
     20000    0.977189    0.626823    0.796881    0.939079
     20050    0.859674    0.768628    0.762988    0.552395
     20100    0.911077    0.606855    0.791517     0.81569
     20150     0.90204    0.843854    0.404102    0.867159
     20200     1.00415    0.798789      0.8617     0.79753
     20250    0.872988    0.765971    0.571137    0.781862
     20300    0.953905    0.934219    0.356667    0.905479
     20350     0.76581    0.556174    0.609251    0.701722
     20400    0.969112    0.804501    0.670913    0.883747
     20450    0.978262    0.924704    0.688726    0.764573
     20500     0.96636     0.73008    0.700762    0.918486
     20550      1.0725     1.06405     0.69416    0.828515
     20600     1.02218    0.994483     0.80195    0.676452
     20650    0.858729    0.751321    0.468985    0.830903
     20700     1.00284    0.348322    0.955664      0.9883
     20750    0.942856    0.723122    0.787268    0.797031
     20800    0.854689    0.750772     0.48574    0.813255
     20850     1.00657    0.951367    0.671716     0.81858
     20900     0.86885    0.779305    0.819284    0.480893
     20950    0.830175    0.522664    0.676457    0.804742
     21000    0.966282    0.925301    0.526799    0.856564
     21050    0.985591    0.964165    0.300797    0.960566
     21100    0.978766    0.703604    0.777744    0.903338
     21150     1.01572     0.61806    0.937789    0.895507
     21200    0.986585    0.463838    0.978445    0.879887
     21250    0.984312    0.391364    0.971815    0.916597
     21300    0.957742    0.663299    0.929313    0.728663
     21350     0.96558     0.32688    0.950479    0.924353
     21400    0.791922    0.501024     0.77938    0.629144
     21450    0.869295    0.588745    0.710405    0.812436
     21500    0.858904    0.526281    0.732397    0.813669
     21550    0.902815    0.355669    0.838862    0.894405
     21600    0.741776    0.510373    0.721529    0.565137
     21650    0.944587     0.91001    0.757337    0.618719
     21700    0.914032    0.886765    0.903769    0.260304
     21750    0.998133    0.988736    0.667302    0.754751
     21800    0.814518     0.79919    0.399831    0.726849
     21850    0.931423    0.895714    0.739782    0.620899
     21900    0.876105    0.856872     0.42375    0.788243
     21950    0.949838    0.923184    0.440505    0.870673
     22000     1.01323    0.565364     0.96995      0.8904
     22050    0.846614    0.800015    0.398721     0.79656
     22100    0.790509    0.670849    0.589122    0.672835
     22150    0.672948    0.566354    0.476576    0.598194
     22200    0.954032    0.844266    0.943577     0.46608
     22250    0.808013    0.675368    0.731366    0.561027
     22300    0.768233    0.587174    0.694616    0.594221
     22350    0.902761    0.529081    0.766238    0.873446
     22400    0.908567    0.846094    0.499063    0.828282
     22450    0.960478    0.931063    0.943863    0.295431
     22500     0.99931    0.558906     0.89116    0.943769
     22550    0.898934    0.872937    0.485587    0.786352
     22600    0.991999    0.967034     0.98548    0.248591
     22650     1.04426     0.93741    0.993752    0.560971
     22700     1.02826    0.446662    0.993078    0.963798
     22750     1.01379    0.989024     1.00159     0.27238
     22800      0.9287    0.874677    0.766318    0.610461
     22850    0.832806    0.758199     0.44412    0.784235
     22900    0.975968    0.961674    0.184862    0.972643
     22950     1.04337    0.955699    0.949862    0.601376
     23000    0.959516    0.892346    0.435774    0.924749
     23050    0.999856    0.323959    0.975604    0.970913
     23100    0.982445    0.920696    0.871236    0.568914
     23150    0.938874    0.919386    0.901814    0.323158
     23200      1.0125    0.830066    0.711953    0.924347
     23250    0.866804    0.691421    0.664788    0.763344
     23300    0.856124    0.444839    0.774463    0.817449
     23350    0.702972    0.625295    0.523538    0.568552
     23400    0.882698    0.714393    0.753531    0.692924
     23450    0.870861    0.819471     0.39568    0.829882
     23500    0.939768    0.852263    0.619663    0.809934
     23550     1.00262    0.967963    0.278561    0.997972
     23600    0.996622    0.978917    0.975622    0.276396
     23650    0.936952    0.899801     0.86097    0.452603
     23700     1.04509    0.893866    0.954767     0.68836
     23750     1.01449    0.966209     0.79878    0.697693
     23800    0.959958    0.293538    0.946179    0.928235
     23850     1.03861    0.970465    0.862411    0.686916
     23900    0.848366    0.806457     0.78177    0.421794
     23950    0.969741    0.924736    0.334225    0.956007
     24000     1.02204    0.308335     1.01317    0.983634
     24050    0.832422    0.577183    0.739591    0.711139
     24100    0.922906    0.911141    0.631339    0.689018
     24150    0.924502     0.65296    0.840278    0.759596
     24200    0.957127      0.8006    0.619659    0.898468
     24250    0.920219    0.775245    0.520504    0.906464
     24300     1.02313    0.645798    0.815294      1.0059
     24350    0.928064     0.83856    0.619129    0.797559
     24400     1.02257    0.531642     0.93266    0.968915
     24450    0.840236    0.540899    0.747325     0.74895
     24500    0.947991    0.872756    0.911837    0.451912
     24550    0.886086    0.697793    0.655117    0.808828
     24600    0.845558    0.787905    0.733826    0.520232
     24650    0.968164    0.837837    0.848821    0.672468
     24700       1.066     1.01289    0.514951    0.990759
     24750     1.00382    0.867099    0.642498    0.922299
     24800    0.999137    0.947279    0.824668    0.647403
     24850     0.91529    0.906347    0.860798    0.336268
     24900    0.772291    0.589724    0.544939     0.74036
     24950    0.780819    0.658991      0.4828    0.742962
     25000    0.860113    0.792153    0.817544    0.428604
     25050    0.981085    0.881701    0.644986    0.855367
     25100     1.02102    0.957946    0.369721     1.01519
     25150     1.00501    0.957436    0.922656    0.502107
     25200     1.03599       1.029     1.00974     0.26104
     25250    0.880104    0.518452    0.850263    0.746611
     25300    0.642449    0.502528    0.622855    0.430116
     25350    0.678562    0.473373    0.574531    0.605577
     25400    0.933359    0.852252     0.84531    0.549032
     25450    0.766201    0.487575    0.623572    0.739971
     25500    0.698992     0.51619    0.639511     0.54932
     25550    0.872318     0.84686     0.29305    0.847838
     25600    0.873885    0.689088    0.753695    0.696026
     25650     1.01271     1.00523    0.887076    0.503759
     25700    0.709652    0.637277    0.616493    0.470135
     25750      1.0153    0.630894    0.877743      0.9451
     25800    0.980946    0.928125    0.536821    0.880295
     25850    0.953125    0.376929    0.927492    0.902539
     25900    0.990301    0.644034    0.944978    0.808473
     25950    0.872557    0.707087    0.755774    0.671972
     26000      0.9995    0.993216    0.922308    0.401089
     26050     1.03111    0.892835    0.711518    0.907165
     26100    0.937391    0.863175    0.903416    0.442913
     26150    0.996398    0.969202    0.921369    0.444236
     26200    0.981964    0.969708       0.469    0.876477
     26250      1.0232     1.00361      1.0051    0.276424
     26300     0.95693    0.826683    0.828579    0.679326
     26350    0.980064    0.847468    0.551067    0.948247
     26400    0.942466    0.502112     0.93469    0.806674
     26450    0.878411    0.620178    0.676788    0.836989
     26500    0.802112    0.678018    0.632321    0.653627
     26550    0.792492    0.542786    0.704927    0.681577
     26600    0.733796    0.531662    0.684278    0.570975
     26650    0.876682    0.746898    0.834607     0.53171
     26700    0.661519    0.551831    0.496031     0.56978
     26750    0.673203    0.654929    0.556716    0.409315
     26800    0.579996    0.486168     0.43878    0.493867
     26850    0.958881    0.953172     0.86387    0.429068
     26900    0.958745    0.918299     0.92897    0.363492
     26950     0.96455    0.495384    0.922536    0.874206
     27000    0.973438    0.547177    0.828696    0.953426
     27050    0.874944    0.440303    0.833118    0.801937
     27100     1.03121     1.02606     1.02521    0.151423
     27150    0.798798    0.553443    0.690053    0.702627
     27200    0.874951    0.365542    0.842208    0.829544
     27250    0.836077    0.533276    0.662516    0.821424
     27300    0.928426      0.8523    0.821854    0.567529
     27350     1.00656    0.386884    0.996527    0.939989
     27400    0.873832    0.692433    0.636505    0.801601
     27450    0.815887    0.794226    0.329287    0.769493
     27500    0.764103    0.742102    0.694054    0.367803
     27550    0.889389    0.723102    0.865626    0.556633
     27600    0.646528    0.625589    0.519921    0.417515
     27650    0.762266    0.689725    0.578306    0.593246
     27700    0.793166    0.704818    0.620872    0.613166
     27750    0.971895    0.932581    0.484342    0.885927
     27800    0.894288    0.351152    0.871132    0.846949
     27850      1.0239     0.69464    0.975855    0.813595
     27900      1.0415    0.997437    0.808253    0.722004
     27950    0.998535     0.59043    0.977485    0.830698
     28000    0.973028    0.969234    0.879762    0.424468
     28050    0.915111    0.846371    0.877002    0.435178
     28100    0.952708    0.887433    0.921744    0.422082
     28150    0.966046     0.66953    0.946365     0.72292
     28200    0.867963    0.809969    0.630007    0.673618
     28250    0.841863    0.591363    0.736012    0.725288
     28300     0.73377    0.454588    0.633986    0.684288
     28350    0.864954    0.799182    0.463024    0.802002
     28400    0.833286    0.585092    0.770188    0.673209
     28450    0.857063    0.470024    0.812892    0.766418
     28500    0.907478    0.868626     0.71914    0.612665
     28550    0.951251    0.491613    0.903413    0.867131
     28600    0.928207    0.382199    0.915688    0.859404
     28650    0.821261    0.673564    0.508496    0.797924
     28700        0.81    0.453115    0.702574     0.78312
     28750     0.84262    0.641737    0.757732    0.658813
     28800    0.939479    0.677931    0.783734    0.831512
     28850     0.92316    0.769267    0.689815    0.798017
     28900     1.02628    0.986061     0.56942    0.899978
     28950    0.913006     0.74237    0.902177    0.549659
     29000    0.947501    0.800344    0.711304    0.805613
     29050    0.853874    0.785513    0.457663    0.794805
     29100    0.945441    0.567113    0.897538    0.812727
     29150    0.847123    0.536635    0.796434    0.716207
     29200    0.846824    0.730188    0.789249    0.527384
     29250    0.827177    0.720654    0.746699    0.539948
     29300    0.952724    0.703825    0.932189    0.671582
     29350    0.924622    0.612041     0.73319    0.893134
     29400    0.929527    0.637372    0.885345    0.733459
     29450    0.935168    0.921955    0.894674    0.314063
     29500    0.730523    0.583208    0.453927    0.721906
     29550    0.851782    0.833968    0.767503    0.408044
     29600    0.753613    0.733968    0.420985    0.648018
     29650    0.960182     0.42001    0.929674    0.896213
     29700      0.7774    0.575639    0.577159    0.737718
     29750    0.753306    0.622522    0.721969     0.47557
     29800     0.59014    0.493479    0.496845    0.454042
     29850    0.807138    0.760062    0.478409    0.704539
     29900    0.837298    0.719446    0.500995     0.79595
     29950    0.840451    0.705831    0.628042    0.721168
     30000    0.700584    0.592678    0.544617    0.577722
     30050     1.05242     1.00369    0.506306     0.97542
     30100     1.03728    0.417563    0.992983    0.995756
     30150    0.927457     0.82224    0.875337    0.527312
     30200    0.975279    0.814235    0.628129    0.919138
     30250    0.923087    0.817698    0.894745    0.484747
     30300    0.930168     0.83763    0.587551    0.826792
     30350    0.919332    0.888584    0.603496    0.732497
     30400    0.987853    0.303241    0.977486    0.950932
     30450    0.861361    0.419696    0.825926     0.79094
     30500    0.826975    0.733177    0.716747    0.562584
     30550    0.652767    0.562468    0.635047    0.364078
     30600    0.855502    0.821176     0.62885    0.627682
     30650    0.714397    0.512254     0.67351    0.552001
     30700    0.645564    0.569114    0.466037    0.540762
     30750    0.987157    0.583334    0.958733    0.830368
     30800    0.873367    0.766259    0.566664     0.78567
     30850    0.821083     0.71445    0.461733    0.790392
     30900    0.945914    0.913085    0.559086       0.802
     30950    0.941562    0.318273    0.901225    0.927132
     31000    0.947374    0.738743    0.621822    0.928779
     31050    0.848932    0.546508    0.677042    0.827233
     31100    0.881672     0.71618    0.837796     0.58299
     31150    0.857791    0.697847    0.596845    0.792715
     31200    0.795168    0.699324    0.531731    0.701991
     31250      1.0492    0.778145    0.719268     1.03865
     31300    0.937161    0.734879    0.647416    0.892944
     31350    0.628294    0.504062    0.462612    0.566939
     31400    0.777167    0.711852    0.608159    0.575661
     31450    0.962246    0.941265    0.950698    0.249051
     31500    0.794845    0.637427    0.629392    0.679051
     31550    0.731299    0.657218    0.417869    0.680475
     31600     0.74604    0.576543    0.650629    0.597855
     31650     0.62284    0.379499    0.552224    0.571741
     31700     0.57323    0.498591    0.378131    0.515372
     31750    0.921001    0.725982     0.90773    0.587761
     31800     1.03967    0.541381    0.949465     0.98349
     31850     1.04685    0.485438     0.97854    0.999292
     31900    0.915477    0.893184    0.302702    0.887012
     31950    0.874958    0.611915    0.706814    0.810604
     32000    0.806032    0.674035    0.591589    0.703615
     32050    0.821293    0.506587    0.809701    0.660907
     32100    0.870782    0.703675    0.857988    0.534061
     32150    0.881453    0.773731     0.53337    0.819008
     32200    0.908547    0.709891    0.649431    0.851592
     32250    0.973253    0.879015    0.884578    0.582491
     32300    0.849591    0.793588    0.831911    0.348931
     32350    0.967069    0.347682    0.922162    0.948251
     32400    0.998079    0.398594    0.981389    0.932909
     32450     1.01414    0.394864    0.993119    0.956431
     32500    0.689018    0.609283    0.545492    0.529816
     32550    0.807079    0.649156    0.785078    0.514785
     32600     1.06232    0.758339    0.752886     1.05599
     32650    0.833988    0.632328    0.698629    0.709331
     32700     0.84442    0.458083    0.775299    0.784322
     32750    0.673813    0.425978    0.662289    0.536622
     32800    0.678172    0.480541    0.570661    0.602711
     32850    0.872961    0.829018    0.486193    0.774898
     32900    0.770565    0.548824    0.570395    0.748989
     32950     0.91687    0.826401    0.436293    0.898895
     33000    0.724685    0.438239    0.685575    0.623112
     33050     0.79233    0.517621     0.72393    0.680858
     33100     1.04301     1.02525     1.01434     0.30934
     33150    0.888996    0.839833    0.322417    0.878269
     33200    0.989931     0.97986    0.960202    0.278955
     33250    0.981914     0.79811    0.750967    0.852864
     33300     1.04421     0.41206     1.03139    0.973237
     33350    0.853356    0.606695    0.750628    0.724508
     33400    0.978532    0.940671    0.417634    0.925078
     33450    0.968528    0.388371    0.943869     0.91344
     33500    0.930857    0.903137    0.400147    0.870182
     33550     0.94779    0.830532    0.872098     0.58845
     33600    0.859079    0.538381    0.804413    0.734235
     33650    0.977884    0.636274    0.753414    0.969555
     33700    0.892182    0.773765    0.547188    0.832978
     33750    0.770763    0.683021    0.562351    0.636708
     33800    0.767872     0.64681    0.706833    0.511154
     33850    0.852952     0.59632    0.713008    0.768816
     33900    0.879296    0.835565    0.831461    0.396014
     33950    0.985758     0.88057    0.543559     0.93412
     34000    0.986211    0.853215    0.858148     0.69342
     34050    0.851103     0.71268    0.764384    0.597124
     34100    0.841265    0.677563     0.81621    0.538667
     34150    0.833181    0.444052    0.718756    0.821334
     34200    0.822543    0.714353    0.722182    0.566841
     34250    0.916006    0.675695    0.698171    0.856813
     34300     1.02023    0.880482    0.958005    0.623469
     34350    0.713845     0.57773    0.544527    0.623592
     34400    0.878157     0.77096    0.506276    0.831639
     34450    0.939484    0.920276    0.815831    0.502766
     34500    0.863749     0.71084    0.612426    0.782155
     34550    0.871125    0.836159    0.779554    0.459184
     34600    0.927142     0.87663    0.487098    0.844655
     34650    0.752211     0.63279     0.70069    0.490157
     34700    0.823859    0.653413    0.690672    0.673431
     34750    0.817614    0.667875    0.542272    0.772572
     34800    0.830119    0.583313    0.681097    0.757659
     34850     1.01107    0.512307    0.959586    0.928043
     34900     0.96238    0.779728    0.719292     0.85264
     34950     1.02624     1.01352     1.00438    0.265247
     35000    0.988061    0.852903    0.513415    0.980556
     35050     1.01514    0.994278    0.858261    0.579499
     35100    0.851894    0.774885    0.672129    0.631857
     35150    0.871445    0.850419    0.682197    0.574656
     35200     1.03495     1.00074     1.02001    0.316791
     35250    0.994492    0.699082    0.985586    0.719675
     35300     1.00091    0.983524    0.733139    0.706276
     35350    0.947418    0.376452    0.928785    0.889295
     35400    0.914797    0.881812    0.464332     0.82493
     35450    0.879401    0.854664    0.330415    0.840874
     35500     0.89873    0.649968    0.716729    0.824179
     35550    0.979699    0.713736    0.779659    0.895731
     35600    0.638472    0.475195    0.464326    0.611461
     35650    0.615583    0.445454    0.501976    0.554506
     35700    0.813559    0.738367     0.45209    0.757751
     35750    0.861425    0.661024    0.748064    0.698251
     35800    0.959701    0.877973    0.454242     0.92999
     35850     0.81155    0.728979    0.730487    0.502202
     35900     0.71087    0.572526    0.636328    0.527232
     35950    0.799416    0.722245    0.706436    0.507388
     36000    0.843157    0.661513     0.58764    0.799317
     36050    0.732886     0.32749    0.698598    0.692065
     36100    0.986612    0.855545    0.746062    0.811321
     36150    0.936688    0.676932    0.826085    0.783654
     36200     1.02457    0.872183    0.875818    0.756132
     36250    0.899163    0.871918    0.561983    0.735474
     36300    0.937473    0.708445    0.663902    0.902802
     36350    0.735394    0.685861    0.656907    0.423882
     36400    0.917827    0.880845    0.898193    0.319649
     36450    0.926783     0.79907    0.537377    0.889138
     36500    0.899086    0.832003    0.604511    0.747696
     36550    0.837999    0.644561    0.747051    0.656461
     36600    0.998805    0.961289    0.954662    0.399705
     36650    0.743769    0.622886    0.718984    0.448844
     36700    0.633466    0.487724    0.603165    0.448191
     36750    0.630254    0.552617    0.485212    0.503612
     36800     0.93996     0.82254    0.839674    0.620828
     36850    0.898114    0.836871    0.645641    0.704281
     36900    0.963254    0.956929    0.281779    0.927688
     36950    0.844378    0.315318    0.826605    0.802026
     37000    0.806574    0.589648    0.771574    0.598425
     37050     0.82073    0.539415    0.666758    0.782087
     37100    0.669065    0.432607    0.663237     0.51794
     37150    0.766012    0.601396    0.702541    0.564187
     37200    0.699056    0.500955    0.607468    0.597818
     37250    0.760627    0.494825    0.618766    0.727588
     37300     1.02613    0.909656    0.678071    0.904778
     37350    0.920612    0.829422    0.535475    0.848752
     37400     1.02857    0.975848    0.974542    0.462501
     37450    0.939402    0.781746    0.881448    0.613901
     37500    0.996483    0.346883    0.949116    0.982247
     37550    0.941803    0.596519    0.792621    0.888765
     37600    0.910945    0.810575     0.86495    0.504449
     37650    0.926989    0.586573    0.858127    0.798854
     37700    0.796454    0.685122    0.456682    0.768588
     37750     1.04617     1.03909    0.632778    0.841932
     37800    0.813665    0.710083    0.727651    0.538894
     37850     0.98388    0.567363    0.937236    0.857746
     37900    0.922173    0.823195    0.777913    0.646534
     37950    0.893206    0.846656    0.884801    0.309729
     38000    0.890449    0.829277    0.620969     0.71589
     38050    0.959322    0.588152    0.927274    0.796766
     38100    0.832132    0.809226    0.375242    0.767615
     38150    0.961144    0.887379    0.651302    0.797472
     38200    0.918143    0.536899    0.846561    0.825256
     38250    0.981507    0.838599     0.68377    0.869438
     38300     1.00624    0.862437     0.68152    0.903743
     38350    0.831377    0.417431    0.774776    0.779646
     38400    0.905832    0.882538    0.857753    0.355598
     38450    0.880617    0.825391    0.542713    0.758395
     38500    0.909495    0.724706    0.819333     0.67665
     38550    0.809632    0.697509     0.48617    0.766894
     38600    0.832252     0.61825    0.613106    0.791931
     38650    0.948419    0.938034    0.639156    0.714542
     38700    0.910344     0.86784    0.868365     0.38762
     38750    0.926778    0.509753    0.865954    0.841493
     38800    0.969061    0.962714    0.942805    0.249912
     38850    0.713529    0.630311    0.541449    0.572527
     38900    0.985572    0.951417    0.957413     0.34766
     38950    0.666893    0.578467    0.567484    0.482526
     39000    0.896579    0.840586    0.825566    0.468576
     39050    0.948653    0.542991    0.816081    0.916002
     39100     1.03475    0.868558    0.804844    0.859787
     39150     0.93989    0.819385    0.551428    0.889564
     39200    0.981016    0.710017    0.697034    0.966853
     39250    0.900541    0.793132    0.882292    0.463088
     39300    0.955038    0.923697    0.284212    0.943504
     39350    0.964942    0.832632    0.683791    0.837484
     39400    0.938074    0.872695    0.534698    0.844077
     39450    0.790792    0.675845    0.656993    0.601911
     39500     1.03665    0.910276     1.03239    0.504834
     39550    0.855551    0.688715    0.687795    0.718712
     39600    0.958369    0.708111    0.679901    0.934482
     39650     1.06871     0.96497     1.01827    0.562353
     39700    0.823089    0.688258    0.790581    0.506196
     39750     1.03989    0.874762    0.702032    0.951154
     39800    0.945475    0.871228    0.654171    0.775158
     39850    0.962698    0.926856    0.308873    0.948215
     39900    0.783378    0.678563    0.660228    0.575338
     39950    0.832665    0.500793    0.800377    0.703752
     40000    0.908113    0.390538    0.839186    0.890272
     40050    0.862002    0.827306    0.607917    0.657341
     40100    0.736653    0.685813    0.569148    0.539488
     40150     0.98994    0.605335      0.7978    0.978288
     40200     1.05257    0.605235    0.892156     1.02642
     40250     1.03994    0.405684     1.03407    0.963884
     40300    0.890228    0.805207     0.41421    0.874691
     40350    0.818458    0.514354    0.768341    0.696304
     40400    0.839972     0.81443    0.520301    0.690723
     40450    0.848166    0.797363    0.463071    0.767169
     40500    0.940726    0.810245    0.889858    0.567087
     40550    0.964618    0.949793    0.277043     0.93921
     40600    0.882458    0.827632    0.536359    0.764728
     40650    0.814999    0.645964     0.70497    0.643578
     40700     1.02149    0.886708     0.80659    0.806257
     40750     1.01535    0.821501    0.987611    0.641584
     40800    0.952026    0.894235    0.862162    0.519353
     40850    0.826175    0.807534    0.314946    0.783472
     40900    0.994903    0.564548    0.895414    0.926922
     40950    0.889718    0.808328    0.689745    0.673834
     41000     1.00979    0.860043    0.761931     0.84802
     41050    0.690709    0.677726     0.45876    0.533277
     41100    0.890075    0.550371    0.709491    0.882145
     41150     0.91615    0.851456      0.6844    0.696622
     41200    0.969235    0.943286    0.737038    0.667697
     41250    0.884797    0.863161    0.553851    0.716892
     41300    0.942968    0.821309    0.704121    0.779771
     41350    0.809169    0.473824    0.759248    0.713121
     41400    0.699301    0.594746    0.555384    0.562022
     41450    0.713874    0.506177    0.590079    0.644068
     41500    0.665298    0.520465     0.62613    0.471509
     41550    0.741339    0.600288    0.493808    0.703544
     41600    0.992554     0.16762    0.981566    0.989321
     41650    0.838911    0.781724    0.480589    0.751988
     41700    0.911176    0.888905     0.49022    0.793735
     41750     1.03559     1.00562    0.353572     1.00429
     41800    0.769602    0.664628    0.710377    0.488065
     41850    0.792667    0.714479    0.569297    0.649664
     41900    0.752541    0.558838    0.596316     0.68172
     41950    0.958059    0.291358    0.953704    0.917232
     42000     1.03715    0.514171     1.01571    0.924835
     42050     0.85093    0.721589    0.665059    0.696542
     42100    0.991827     0.71057    0.887314     0.82171
     42150     1.00812    0.976528    0.716136    0.752441
     42200     1.05521    0.479635     1.04541     0.95079
     42250     1.03095    0.203095     1.02128     1.02051
     42300     1.00822    0.714814    0.925368    0.815933
     42350     1.01314    0.997456     1.00546      0.2169
     42400    0.971254    0.262729    0.961082    0.945495
     42450    0.863066    0.345087    0.836407    0.819209
     42500    0.941526    0.175207    0.931397    0.935277
     42550     0.94283    0.874951    0.599982    0.807675
     42600    0.829219    0.419178    0.750721    0.797443
     42650    0.747276    0.313449    0.714111    0.713187
     42700    0.895641    0.387664    0.879148    0.825326
     42750    0.935489    0.908875    0.907588     0.31703
     42800    0.836309    0.648123    0.780288    0.608203
     42850    0.948999    0.918059    0.859935    0.467843
     42900    0.866288    0.456117    0.833939    0.772925
     42950    0.661785    0.449594    0.522892    0.632746
     43000    0.957248    0.888859    0.831697    0.592333
     43050    0.960426    0.554086    0.946633    0.801069
     43100    0.791363    0.607874    0.635997    0.691742
     43150    0.918652    0.745272     0.89847    0.570234
     43200    0.917926    0.835209    0.910726    0.397716
     43250    0.632912    0.482263     0.45014    0.604939
     43300    0.799578    0.614056    0.742059    0.592396
     43350     0.79597    0.403984    0.715946    0.768995
     43400     0.84321    0.629886    0.796515    0.625152
     43450    0.908378    0.561142    0.781992    0.850829
     43500     1.06166     1.02365      1.0182     0.41188
     43550     1.01322     1.00005    0.289421    0.984576
     43600     0.81939    0.744295    0.543131    0.702733
     43650     1.04283     0.32844     1.03975     0.99299
     43700    0.875329    0.302971    0.833816    0.863343
     43750    0.928854    0.889897    0.695277    0.670979
     43800    0.873764    0.582045     0.78541    0.755833
     43850    0.975089    0.819178    0.807644    0.760432
     43900     1.05672    0.738419    0.779365     1.03954
     43950    0.932558    0.897088     0.81913    0.513409
     44000    0.706974    0.546708    0.467083    0.694672
     44050    0.906424     0.84636    0.509862    0.816656
     44100    0.941948     0.33482    0.888495    0.934348
     44150    0.933692    0.641876    0.808534    0.823305
     44200     0.92048    0.885346    0.881842    0.364809
     44250     1.07194    0.711399    0.840631      1.0418
     44300    0.972992    0.632174    0.806492    0.918343
     44350    0.670497    0.551008    0.547249    0.544097
     44400    0.908358    0.579382    0.732114    0.882357
     44450    0.997149    0.717166    0.993682    0.697769
     44500    0.950082    0.878266    0.532225    0.866427
     44550    0.725155    0.537672    0.557326    0.672307
     44600    0.855315    0.562994    0.780132    0.733184
     44650     0.75493    0.608922    0.627945    0.612159
     44700    0.790921    0.754576    0.518379    0.642658
     44750    0.898421    0.309329    0.885977    0.856552
     44800    0.852277    0.794601    0.828725    0.366847
     44850    0.708125    0.652545    0.491681    0.579066
     44900    0.924368    0.719784    0.647405    0.878459
     44950    0.773467      0.7482    0.737615    0.304338
     45000    0.799635    0.689383     0.59111    0.673922
     45050     1.01691    0.488951    0.989898     0.92155
     45100     1.03322    0.365025    0.998948     1.00197
     45150     1.00952     0.86176    0.560634    0.990624
     45200      0.5905    0.505273    0.517177    0.417859
     45250    0.576233    0.469222    0.396974    0.535101
     45300    0.839332    0.446402    0.799718    0.755071
     45350     0.82307    0.703774    0.617365    0.691702
     45400    0.852054    0.611655    0.634489    0.821762
     45450    0.961791    0.877789    0.904068    0.512087
     45500    0.618248    0.560745    0.502329    0.444624
     45550    0.684065    0.504169    0.536531    0.627564
     45600     1.04769    0.978593    0.381401     1.04507
     45650    0.698485    0.486523    0.629711    0.585254
     45700    0.898299    0.704246    0.852587    0.625311
     45750    0.847334    0.576503    0.719132    0.765795
     45800    0.994731    0.758696    0.954935    0.701041
     45850    0.654718    0.554734    0.494178    0.552601
     45900    0.917934    0.870878    0.684826    0.676604
     45950    0.992515    0.896944    0.489417    0.962358
     46000    0.968484    0.704845    0.866843    0.792275
     46050    0.762489    0.430811    0.735249    0.660749
     46100     1.04053     0.99953    0.788174    0.738321
     46150     1.00857    0.956691    0.855646    0.622124
     46200    0.885369    0.852352    0.551672    0.732742
     46250    0.982137    0.421755    0.941467    0.930026
     46300     1.01969    0.935095    0.584657    0.929145
     46350    0.950273     0.74982    0.703017    0.865781
     46400    0.858861    0.831037    0.674305    0.574434
     46450     1.00547    0.951009      0.4448    0.958997
     46500    0.960011    0.894027    0.929802    0.423585
     46550    0.991671    0.334064    0.970881    0.955308
     46600     1.00872    0.986861    0.658729    0.791974
     46650     0.90414    0.883437    0.728231    0.569348
     46700    0.977422    0.507742    0.873347    0.943489
     46750    0.914747     0.59423    0.766262    0.856304
     46800    0.926708    0.848079    0.575903      0.8165
     46850    0.925082    0.764314    0.865076    0.615648
     46900     0.96669    0.505242    0.886898    0.909463
     46950    0.967902     0.83471    0.550011    0.935103
     47000    0.926478    0.582267    0.825337     0.83457
     47050    0.915883    0.826334    0.439235    0.895505
     47100    0.824303    0.779204    0.740227    0.451504
     47150    0.978274    0.595744    0.846658    0.917768
     47200    0.996854    0.805581    0.697768    0.922818
     47250    0.831114    0.443971    0.744054    0.794212
     47300    0.688132    0.590632    0.634336    0.442518
     47350     1.02334    0.969988     1.02054    0.334749
     47400    0.975681    0.555976    0.810876    0.968131
     47450      1.0152    0.950931    0.951222    0.502159
     47500    0.887712    0.625079    0.667656    0.859987
     47550    0.595658    0.444792    0.470915    0.538532
     47600    0.914565     0.41547    0.854489    0.877549
     47650    0.641598    0.550856    0.484993    0.533512
     47700    0.797003     0.73401    0.393986    0.759231
     47750    0.849438    0.803181     0.67797    0.581676
     47800    0.885803    0.851151    0.842372    0.367754
     47850    0.658874    0.391264    0.640589    0.552076
     47900    0.766089    0.540317    0.579156    0.739202
     47950    0.945408    0.251611    0.920106    0.936852
     48000    0.907885     0.67052    0.869457    0.665551
     48050    0.965152    0.730632    0.890507    0.732264
     48100     1.02184    0.659125     1.00189    0.806271
     48150     1.01771    0.932915    0.969122    0.511796
     48200    0.927534    0.668705    0.895028    0.687311
     48250     1.00554    0.718176    0.833559    0.900906
     48300    0.876989     0.71842    0.843348    0.557544
     48350    0.947774    0.904416     0.89128    0.429187
     48400      1.0704    0.721503    0.814074     1.05273
     48450     1.03557    0.578499    0.890182     1.00882
     48500     1.04026    0.492213     1.03376    0.923775
     48550    0.764863     0.64217    0.456471    0.741137
     48600    0.938402    0.595642    0.897183    0.775545
     48650    0.998021    0.992564    0.917319    0.406734
     48700    0.797966    0.695921    0.616906    0.639235
     48750     1.04162     1.03591    0.664612    0.809393
     48800    0.706388     0.67083    0.560297    0.483759
     48850    0.969781    0.769436    0.701141    0.892927
     48900     1.03148    0.756798     1.02255    0.713845
     48950     0.73076    0.624085    0.532022    0.628881
     49000    0.953123    0.778027    0.746427    0.808954
     49050    0.865197    0.746333    0.569282     0.78488
     49100    0.797499    0.663735    0.711283    0.570563
     49150    0.897558    0.590493     0.73731    0.847886
     49200    0.846169    0.813271    0.809082     0.34056
     49250     0.64604    0.585768    0.387209    0.584534
     49300    0.709883    0.567939    0.515287    0.647914
     49350     0.70092    0.645586    0.602172    0.450763
     49400    0.965121    0.891767    0.809461    0.642216
     49450     0.79799    0.726462    0.378254    0.776371
     49500    0.947287    0.495909    0.887023    0.872908
     49550    0.949834    0.909316    0.904203    0.399913
     49600    0.728864    0.609961    0.496181    0.666512
     49650     1.00709    0.853877     0.84869    0.760981
     49700    0.817097    0.355051    0.809038    0.744777
     49750    0.884507    0.762493    0.620326     0.77363
     49800     0.95186    0.901384    0.383304    0.923396
     49850    0.917412    0.719775    0.649862    0.861912
     49900     0.93561    0.718992    0.652439    0.898946
     49950    0.969497    0.724779    0.947635    0.675672
     50000    0.844743    0.751077    0.547253    0.750719
     50050     0.86896    0.573064    0.670068    0.856031
     50100    0.978139    0.794984    0.653706    0.924218
     50150    0.887173    0.881823    0.453425    0.768731
     50200    0.905603    0.464189     0.80242    0.883676
     50250    0.804489    0.493369    0.779831    0.665473
     50300    0.871765    0.721934    0.694567    0.718567
     50350    0.929288    0.880195    0.722096    0.656495
     50400    0.951037    0.941977    0.933657    0.223395
     50450     0.95433    0.740879    0.927594    0.641995
     50500    0.991264     0.78764    0.956266    0.656041
     50550     0.88084    0.534075    0.710348    0.872883
     50600    0.697286    0.513065    0.510083    0.670071
     50650    0.846089     0.76335    0.738949    0.550442
     50700    0.799787    0.465809    0.748901    0.708159
     50750    0.896555     0.43855    0.815635    0.866046
     50800     1.03711    0.930325    0.588537     0.96918
     50850    0.849431    0.666144     0.67986    0.732876
     50900    0.990561    0.959991    0.851851    0.561419
     50950    0.950448    0.937822    0.392728     0.87918
     51000    0.924704    0.882455    0.354388    0.897684
     51050     1.04823     1.02781    0.345397     1.01089
     51100    0.746728     0.65015    0.652263    0.516782
     51150      0.9571    0.588932    0.897555      0.8244
     51200    0.894403    0.869036    0.852362    0.343756
     51250    0.800581     0.77386    0.668779    0.485524
     51300     1.01224     0.93153    0.735299    0.800531
     51350     1.00029    0.896916    0.646595    0.882383
     51400     0.94036    0.706588    0.739705    0.849779
     51450    0.913524    0.804462    0.445629    0.907363
     51500    0.899182    0.833861     0.68983    0.667733
     51550     1.02489    0.930847    0.920313    0.622371
     51600    0.759952    0.362734    0.691828     0.73814
     51650    0.887787    0.852122    0.771268    0.505336
     51700    0.708913    0.643603    0.611439     0.46587
     51750     1.02829     1.00989     1.00139    0.303433
     51800     1.04659     1.03382       0.197     1.04072
     51850    0.767176    0.532727    0.696104    0.639342
     51900    0.770678    0.426511    0.756312    0.658763
     51950    0.909489    0.852309    0.611982    0.743901
     52000    0.933783    0.757705    0.599616    0.900136
     52050    0.833722    0.627331    0.699857    0.711928
     52100    0.977371    0.550529    0.956087     0.83266
     52150    0.941553    0.414509    0.872789    0.916223
     52200    0.992542    0.349964    0.963495    0.958895
     52250    0.876664    0.816418    0.510507    0.780977
     52300    0.979342    0.971642    0.695916    0.699881
     52350    0.902537    0.754904    0.755354    0.699076
     52400    0.858203    0.820879    0.816925    0.363063
     52450    0.756984    0.580243    0.710437    0.551948
     52500    0.853561    0.812895    0.564922    0.690794
     52550    0.726778    0.706659    0.438859    0.603695
     52600    0.909596    0.874629    0.625476     0.70607
     52650    0.766644    0.717985    0.444201    0.680198
     52700    0.877202    0.824864    0.857006    0.352291
     52750    0.817154    0.568378    0.739241    0.682605
     52800    0.826362    0.734209    0.638339    0.647463
     52850    0.917731    0.881594    0.459952    0.834083
     52900    0.674654    0.493127    0.633736    0.515285
     52950    0.639536    0.498529    0.416422    0.629345
     53000    0.727306    0.688262     0.52142    0.558896
     53050    0.949269    0.809046    0.512939    0.940511
     53100    0.907592    0.836963    0.643867    0.729641
     53150     1.00084    0.893275    0.935388    0.574861
