    2     1    11     3     2    gi_2
    3     6     5     4     2    gi_1
    4     5     7     9     2    gi_1
    4     6     8     9     2    gi_1
    5     4     6     8     2    gi_1
    5     7     9     8     2    gi_1
    6     4     5     7     2    gi_1
    6     8     9     7     2    gi_1
    9     7     8    10     2    gi_1
   11     2    13    12     2    gi_1
   14    13    18    15     2    gi_2
   14    17    16    15     2    gi_2
   18    14    20    19     2    gi_1
   21    20    26    22     2    gi_2
   21    24    23    22     2    gi_2
   26    21    28    27     2    gi_1
   29    28    31    30     2    gi_2
   31    29    33    32     2    gi_1
   34    33    36    35     2    gi_2
   36    34    38    37     2    gi_1
   39    38    44    40     2    gi_2
   40    42    43    41     2    gi_2
   44    39    46    45     2    gi_1
   47    46    52    48     2    gi_2
   48    50    51    49     2    gi_2
   52    47    54    53     2    gi_1
   55    54    58    56     2    gi_2
   58    55    60    59     2    gi_1
   60    58    61    64     2    gi_1
   61    60    65    62     2    gi_2
   65    61    67    66     2    gi_1
   68    67    77    69     2    gi_2
   69    72    71    70     2    gi_1
   70    71    73    75     2    gi_1
   70    72    74    75     2    gi_1
   71    70    72    74     2    gi_1
   71    73    75    74     2    gi_1
   72    70    71    73     2    gi_1
   72    74    75    73     2    gi_1
   75    73    74    76     2    gi_1
   77    68    79    78     2    gi_1
   80    79    83    81     2    gi_2
   83    80    85    84     2    gi_1
