     ai      aj  type            c6           c12            sigma  epsilon
   CA_1    CA_1     1  7.164209e-03  3.719267e-05     4.161164e-01    0.345
   CA_1    CB_1     1  8.252946e-03  4.935589e-05     4.260445e-01    0.345
   CA_1   CB_11     1  7.219616e-03  3.777018e-05     4.166511e-01    0.345
   CA_1    CB_2     1  6.754238e-03  3.305778e-05     4.120496e-01    0.345
   CA_1   CD1_1     1  4.098414e-03  1.217173e-05     3.791311e-01    0.345
   CA_1  CE2_10     1  5.527739e-03  2.214196e-05     3.985151e-01    0.345
   CA_1    CG_1     1  9.849906e-03  7.030482e-05     4.387921e-01    0.345
   CA_1   CZ_10     1  1.020997e-02  7.553882e-05     4.414257e-01    0.345
   CA_1     C_1     1  6.101348e-03  2.697569e-05     4.051269e-01    0.345
   CA_1    C_11     1  5.679862e-03  2.337742e-05     4.003223e-01    0.345
   CA_1     C_2     1  5.645536e-03  2.309571e-05     3.999181e-01    0.345
   CA_1     N_1     1  1.952676e-03  2.763003e-06     3.350620e-01    0.345
   CA_1     N_2     1  5.849670e-03  2.479611e-05     4.022926e-01    0.345
   CA_1   O1_11     1  4.284512e-03  1.330220e-05     3.819475e-01    0.345
   CA_1   O2_11     1  1.984772e-03  2.854580e-06     3.359737e-01    0.345
   CA_1   OG1_2     1  3.470813e-03  8.729377e-06     3.687726e-01    0.345
   CA_1   OG_11     1  2.599027e-03  4.894886e-06     3.514163e-01    0.345
   CA_1    OH_1     1  4.602687e-03  1.535125e-05     3.865349e-01    0.345
   CA_1   OH_10     1  5.308105e-03  2.041738e-05     3.958312e-01    0.345
   CA_1     O_1     1  1.713928e-03  2.128660e-06     3.278579e-01    0.345
   CA_1     O_2     1  8.003117e-03  4.641295e-05     4.238674e-01    0.345
  CA_10   CA_10     1  7.169150e-03  3.724400e-05     4.161642e-01    0.345
  CA_10   CB_10     1  3.364063e-03  8.200668e-06     3.668576e-01    0.345
  CA_10   CB_11     1  5.362388e-03  2.083710e-05     3.965030e-01    0.345
  CA_10    CB_2     1  9.703418e-03  6.822922e-05     4.376977e-01    0.345
  CA_10    CB_9     1  6.269980e-03  2.848743e-05     4.069720e-01    0.345
  CA_10  CD1_10     1  8.252009e-03  4.934467e-05     4.260365e-01    0.345
  CA_10  CE1_10     1  1.061577e-02  8.166270e-05     4.443025e-01    0.345
  CA_10   CG2_2     1  4.735589e-03  1.625058e-05     3.883731e-01    0.345
  CA_10    C_10     1  5.834913e-03  2.467117e-05     4.021233e-01    0.345
  CA_10    C_11     1  8.323147e-03  5.019911e-05     4.266464e-01    0.345
  CA_10     C_8     1  5.831889e-03  2.464560e-05     4.020885e-01    0.345
  CA_10     C_9     1  8.633186e-03  5.400862e-05     4.292550e-01    0.345
  CA_10    N_10     1  5.257907e-03  2.003303e-05     3.952049e-01    0.345
  CA_10    N_11     1  7.931861e-03  4.559015e-05     4.232361e-01    0.345
  CA_10     N_9     1  4.635922e-03  1.557375e-05     3.869987e-01    0.345
  CA_10   O1_11     1  1.042959e-02  7.882337e-05     4.429942e-01    0.345
  CA_10   OG1_2     1  6.805182e-03  3.355834e-05     4.125660e-01    0.345
  CA_10    O_10     1  1.984592e-03  2.854062e-06     3.359686e-01    0.345
  CA_10     O_8     1  3.746754e-03  1.017259e-05     3.735047e-01    0.345
  CA_10     O_9     1  3.063850e-04  6.802301e-08     2.460734e-01    0.345
  CA_11   CA_11     1  7.161388e-03  3.716339e-05     4.160891e-01    0.345
  CA_11   CB_10     1  5.623266e-03  2.291385e-05     3.996547e-01    0.345
  CA_11   CB_11     1  2.681845e-03  5.211806e-06     3.532583e-01    0.345
  CA_11    CB_8     1  5.691825e-03  2.347600e-05     4.004627e-01    0.345
  CA_11   CD1_1     1  4.276289e-03  1.325119e-05     3.818253e-01    0.345
  CA_11   CE1_1     1  1.706029e-03  2.109082e-06     3.276055e-01    0.345
  CA_11   CE2_1     1  9.152429e-03  6.070070e-05     4.334539e-01    0.345
  CA_11    CZ_1     1  3.255131e-03  7.678172e-06     3.648505e-01    0.345
  CA_11    C_10     1  6.828504e-03  3.378874e-05     4.128013e-01    0.345
  CA_11    C_11     1  5.655193e-03  2.317479e-05     4.000320e-01    0.345
  CA_11     C_8     1  7.641610e-03  4.231464e-05     4.206146e-01    0.345
  CA_11     C_9     1  1.062906e-02  8.186727e-05     4.443951e-01    0.345
  CA_11    N_10     1  3.626605e-03  9.530627e-06     3.714812e-01    0.345
  CA_11    N_11     1  6.802459e-03  3.353148e-05     4.125385e-01    0.345
  CA_11     N_8     1  1.005861e-02  7.331568e-05     4.403282e-01    0.345
  CA_11   O1_11     1  1.466111e-03  1.557596e-06     3.194341e-01    0.345
  CA_11   O2_11     1  7.916660e-03  4.541558e-05     4.231008e-01    0.345
  CA_11   OG1_2     1  2.400806e-03  4.176718e-06     3.468005e-01    0.345
  CA_11    OH_1     1  3.890515e-03  1.096819e-05     3.758559e-01    0.345
  CA_11     O_1     1  9.121661e-03  6.029325e-05     4.332107e-01    0.345
  CA_11    O_10     1  2.776841e-04  5.587568e-08     2.420724e-01    0.345
  CA_11     O_8     1  3.489342e-03  8.822832e-06     3.691000e-01    0.345
   CA_2    CA_2     1  7.179481e-03  3.735141e-05     4.162641e-01    0.345
   CA_2    CB_1     1  4.966706e-03  1.787548e-05     3.914698e-01    0.345
   CA_2    CB_2     1  3.646946e-03  9.637835e-06     3.718277e-01    0.345
   CA_2    CB_3     1  6.539394e-03  3.098817e-05     4.098357e-01    0.345
   CA_2   CG1_3     1  6.852913e-03  3.403074e-05     4.130469e-01    0.345
   CA_2     C_1     1  4.861386e-03  1.712542e-05     3.900738e-01    0.345
   CA_2     C_2     1  3.823347e-03  1.059274e-05     3.747665e-01    0.345
   CA_2     C_3     1  5.789320e-03  2.428712e-05     4.015979e-01    0.345
   CA_2     N_1     1  8.290220e-03  4.980272e-05     4.263646e-01    0.345
   CA_2     N_2     1  7.187006e-03  3.742975e-05     4.163368e-01    0.345
   CA_2   OG1_2     1  6.111342e-03  2.706413e-05     4.052375e-01    0.345
   CA_2   OG_11     1  9.288803e-03  6.252309e-05     4.345237e-01    0.345
   CA_2   OH_10     1  4.528959e-03  1.486338e-05     3.854960e-01    0.345
   CA_2     O_1     1  3.119224e-04  7.050403e-08     2.468091e-01    0.345
   CA_2    O_10     1  8.041362e-03  4.685762e-05     4.242043e-01    0.345
   CA_2     O_2     1  7.843675e-04  4.458206e-07     2.878106e-01    0.345
   CA_2     O_3     1  8.390639e-03  5.101654e-05     4.272211e-01    0.345
   CA_3    CA_3     1  7.191839e-03  3.748010e-05     4.163835e-01    0.345
   CA_3    CB_2     1  6.390147e-03  2.958984e-05     4.082617e-01    0.345
   CA_3    CB_3     1  4.073510e-03  1.202426e-05     3.787462e-01    0.345
   CA_3    CB_4     1  6.319230e-03  2.893672e-05     4.075030e-01    0.345
   CA_3    CB_9     1  1.075434e-02  8.380862e-05     4.452639e-01    0.345
   CA_3   CG1_3     1  9.728675e-03  6.858486e-05     4.378874e-01    0.345
   CA_3   CG2_2     1  6.430525e-03  2.996496e-05     4.086905e-01    0.345
   CA_3   CG2_3     1  8.558422e-03  5.307724e-05     4.286332e-01    0.345
   CA_3    CG_9     1  9.638879e-03  6.732462e-05     4.372112e-01    0.345
   CA_3     C_3     1  5.513666e-03  2.202936e-05     3.983458e-01    0.345
   CA_3     C_4     1  6.817118e-03  3.367616e-05     4.126865e-01    0.345
   CA_3     N_2     1  7.208616e-03  3.765518e-05     4.165452e-01    0.345
   CA_3     N_3     1  4.555869e-03  1.504054e-05     3.858768e-01    0.345
   CA_3     N_4     1  6.310861e-03  2.886012e-05     4.074130e-01    0.345
   CA_3   OH_10     1  7.065790e-03  3.617782e-05     4.151582e-01    0.345
   CA_3     O_2     1  3.070958e-04  6.833899e-08     2.461685e-01    0.345
   CA_3     O_3     1  1.357839e-03  1.336033e-06     3.153757e-01    0.345
   CA_3     O_4     1  7.774546e-03  4.379968e-05     4.218253e-01    0.345
   CA_4    CA_4     1  7.218108e-03  3.775441e-05     4.166366e-01    0.345
   CA_4    CB_3     1  6.342262e-03  2.914804e-05     4.077502e-01    0.345
   CA_4    CB_4     1  4.547951e-03  1.498830e-05     3.857650e-01    0.345
   CA_4    CB_5     1  6.250155e-03  2.830756e-05     4.067572e-01    0.345
   CA_4    CB_7     1  8.310121e-03  5.004211e-05     4.265350e-01    0.345
   CA_4    CB_9     1  9.626429e-03  6.715082e-05     4.371170e-01    0.345
   CA_4   CD1_7     1  4.608416e-03  1.538949e-05     3.866151e-01    0.345
   CA_4   CG2_3     1  3.178775e-03  7.322179e-06     3.634099e-01    0.345
   CA_4    CG_9     1  7.022538e-03  3.573626e-05     4.147336e-01    0.345
   CA_4     C_3     1  5.185963e-03  1.948856e-05     3.942984e-01    0.345
   CA_4     C_4     1  3.307695e-03  7.928148e-06     3.658258e-01    0.345
   CA_4     C_5     1  8.074631e-03  4.724614e-05     4.244963e-01    0.345
   CA_4     N_3     1  6.362106e-03  2.933072e-05     4.079626e-01    0.345
   CA_4     N_4     1  6.699694e-03  3.252601e-05     4.114932e-01    0.345
   CA_4     O_3     1  3.141179e-04  7.150002e-08     2.470978e-01    0.345
   CA_4     O_4     1  4.664607e-04  1.576707e-07     2.639303e-01    0.345
   CA_4     O_5     1  9.591739e-03  6.666772e-05     4.368541e-01    0.345
   CA_5    CA_5     1  7.237169e-03  3.795407e-05     4.168197e-01    0.345
   CA_5    CB_4     1  6.384956e-03  2.954178e-05     4.082064e-01    0.345
   CA_5    CB_5     1  8.206549e-03  4.880250e-05     4.256444e-01    0.345
   CA_5    CB_6     1  6.859711e-03  3.409828e-05     4.131151e-01    0.345
   CA_5   CD1_7     1  7.694402e-03  4.290132e-05     4.210975e-01    0.345
   CA_5   CD2_6     1  5.822505e-03  2.456635e-05     4.019806e-01    0.345
   CA_5     C_5     1  3.479033e-03  8.770777e-06     3.689181e-01    0.345
   CA_5     C_6     1  6.325425e-03  2.899348e-05     4.075696e-01    0.345
   CA_5     N_4     1  7.272718e-03  3.832784e-05     4.171603e-01    0.345
   CA_5     N_5     1  4.001091e-03  1.160053e-05     3.776156e-01    0.345
   CA_5     O_4     1  3.029762e-04  6.651779e-08     2.456150e-01    0.345
   CA_5     O_5     1  5.165680e-04  1.933641e-07     2.684570e-01    0.345
   CA_5     O_6     1  9.083177e-03  5.978558e-05     4.329055e-01    0.345
   CA_6    CA_6     1  7.227673e-03  3.785453e-05     4.167285e-01    0.345
   CA_6    CB_5     1  6.436580e-03  3.002142e-05     4.087546e-01    0.345
   CA_6    CB_6     1  6.545598e-03  3.104700e-05     4.099004e-01    0.345
   CA_6    CB_7     1  6.556267e-03  3.114829e-05     4.100117e-01    0.345
   CA_6   CD1_6     1  6.079021e-03  2.677862e-05     4.048795e-01    0.345
   CA_6   CD2_6     1  2.353039e-03  4.012167e-06     3.456408e-01    0.345
   CA_6   CD2_7     1  3.265774e-03  7.728466e-06     3.650490e-01    0.345
   CA_6    CG_6     1  1.686840e-03  2.061906e-06     3.269885e-01    0.345
   CA_6    CG_7     1  4.451038e-03  1.435633e-05     3.843826e-01    0.345
   CA_6     C_6     1  3.993719e-03  1.155782e-05     3.774995e-01    0.345
   CA_6     C_7     1  8.177139e-03  4.845333e-05     4.253898e-01    0.345
   CA_6     N_5     1  8.443858e-03  5.166575e-05     4.276715e-01    0.345
   CA_6     N_6     1  4.317466e-03  1.350762e-05     3.824356e-01    0.345
   CA_6     N_7     1  1.013848e-02  7.448468e-05     4.409090e-01    0.345
   CA_6     O_5     1  3.096471e-04  6.947920e-08     2.465082e-01    0.345
   CA_6     O_6     1  6.745079e-04  3.296818e-07     2.806627e-01    0.345
   CA_7    CA_7     1  7.200984e-03  3.757549e-05     4.164717e-01    0.345
   CA_7    CB_4     1  8.153181e-03  4.816983e-05     4.251818e-01    0.345
   CA_7    CB_6     1  6.706546e-03  3.259257e-05     4.115633e-01    0.345
   CA_7    CB_7     1  6.801244e-03  3.351951e-05     4.125262e-01    0.345
   CA_7    CB_8     1  7.086800e-03  3.639329e-05     4.153637e-01    0.345
   CA_7   CD1_6     1  3.982575e-03  1.149341e-05     3.773237e-01    0.345
   CA_7   CD1_7     1  2.913014e-03  6.149020e-06     3.581601e-01    0.345
   CA_7    CD_9     1  4.963693e-03  1.785380e-05     3.914302e-01    0.345
   CA_7    CG_6     1  7.060751e-03  3.612623e-05     4.151088e-01    0.345
   CA_7    CG_7     1  3.930736e-03  1.119615e-05     3.765007e-01    0.345
   CA_7     C_6     1  8.457377e-03  5.183133e-05     4.277855e-01    0.345
   CA_7     C_7     1  3.194781e-03  7.396108e-06     3.637143e-01    0.345
   CA_7     C_8     1  6.484093e-03  3.046628e-05     4.092560e-01    0.345
   CA_7     N_6     1  6.427790e-03  2.993948e-05     4.086615e-01    0.345
   CA_7     N_7     1  4.936664e-03  1.765989e-05     3.910741e-01    0.345
   CA_7     N_9     1  9.882639e-03  7.077286e-05     4.390348e-01    0.345
   CA_7   O1_11     1  3.258016e-03  7.691788e-06     3.649043e-01    0.345
   CA_7    OG_8     1  5.868215e-03  2.495359e-05     4.025049e-01    0.345
   CA_7     O_6     1  3.136779e-04  7.129989e-08     2.470401e-01    0.345
   CA_7     O_7     1  4.592760e-04  1.528510e-07     2.632484e-01    0.345
   CA_7     O_8     1  5.563880e-03  2.243243e-05     3.989481e-01    0.345
   CA_8    CA_8     1  7.194309e-03  3.750586e-05     4.164073e-01    0.345
   CA_8    CB_7     1  5.608932e-03  2.279718e-05     3.994847e-01    0.345
   CA_8    CB_8     1  7.421304e-03  3.990996e-05     4.185688e-01    0.345
   CA_8    CB_9     1  8.226299e-03  4.903768e-05     4.258149e-01    0.345
   CA_8  CD1_10     1  8.565304e-03  5.316264e-05     4.286906e-01    0.345
   CA_8    CD_3     1  5.979497e-03  2.590897e-05     4.037671e-01    0.345
   CA_8    CD_9     1  4.208590e-04  1.283495e-07     2.594436e-01    0.345
   CA_8  CE1_10     1  8.113765e-03  4.770521e-05     4.248385e-01    0.345
   CA_8    CG_9     1  4.545387e-03  1.497141e-05     3.857287e-01    0.345
   CA_8    C_11     1  6.112039e-03  2.707031e-05     4.052452e-01    0.345
   CA_8     C_8     1  3.963739e-03  1.138494e-05     3.770257e-01    0.345
   CA_8     C_9     1  5.375272e-03  2.093735e-05     3.966617e-01    0.345
   CA_8    N_10     1  5.490060e-03  2.184113e-05     3.980610e-01    0.345
   CA_8    N_11     1  5.766185e-03  2.409340e-05     4.013300e-01    0.345
   CA_8     N_7     1  7.373524e-03  3.939772e-05     4.181184e-01    0.345
   CA_8     N_8     1  3.847908e-03  1.072927e-05     3.751667e-01    0.345
   CA_8     N_9     1  7.886127e-03  4.506594e-05     4.228284e-01    0.345
   CA_8   O1_11     1  1.227720e-03  1.092244e-06     3.101250e-01    0.345
   CA_8    OG_8     1  6.246221e-03  2.827194e-05     4.067145e-01    0.345
   CA_8     O_7     1  3.039960e-04  6.696635e-08     2.457526e-01    0.345
   CA_8     O_8     1  2.431257e-03  4.283342e-06     3.475297e-01    0.345
   CA_8     O_9     1  5.120473e-03  1.899945e-05     3.934641e-01    0.345
   CA_9    CA_9     1  7.176130e-03  3.731655e-05     4.162317e-01    0.345
   CA_9   CB_10     1  6.970894e-03  3.521258e-05     4.142237e-01    0.345
   CA_9    CB_2     1  8.497272e-03  5.232147e-05     4.281212e-01    0.345
   CA_9    CB_4     1  8.822996e-03  5.640961e-05     4.308137e-01    0.345
   CA_9    CB_8     1  5.774700e-03  2.416461e-05     4.014287e-01    0.345
   CA_9    CB_9     1  4.667988e-03  1.578994e-05     3.874436e-01    0.345
   CA_9  CD1_10     1  4.548786e-03  1.499381e-05     3.857768e-01    0.345
   CA_9    CD_9     1  2.347250e-03  3.992450e-06     3.454989e-01    0.345
   CA_9   CG2_2     1  2.106340e-03  3.214977e-06     3.393190e-01    0.345
   CA_9   CG_10     1  9.808683e-03  6.971758e-05     4.384855e-01    0.345
   CA_9    CG_9     1  1.066305e-03  8.239180e-07     3.029240e-01    0.345
   CA_9    C_10     1  7.904907e-03  4.528083e-05     4.229960e-01    0.345
   CA_9     C_8     1  8.670806e-03  5.448035e-05     4.295662e-01    0.345
   CA_9     C_9     1  4.345766e-03  1.368528e-05     3.828523e-01    0.345
   CA_9    N_10     1  1.016048e-02  7.480828e-05     4.410683e-01    0.345
   CA_9    N_11     1  6.307664e-03  2.883089e-05     4.073786e-01    0.345
   CA_9     N_8     1  5.103584e-03  1.887432e-05     3.932476e-01    0.345
   CA_9     N_9     1  4.382887e-03  1.392007e-05     3.833954e-01    0.345
   CA_9    O_10     1  8.574308e-03  5.327446e-05     4.287657e-01    0.345
   CA_9     O_8     1  2.753301e-04  5.493236e-08     2.417292e-01    0.345
   CA_9     O_9     1  8.183250e-04  4.852579e-07     2.898508e-01    0.345
   CB_1    CB_1     1  7.161530e-03  3.716486e-05     4.160905e-01    0.345
   CB_1   CD1_1     1  3.125366e-03  7.078197e-06     3.623851e-01    0.345
   CB_1   CD2_1     1  6.780421e-03  3.331458e-05     4.123154e-01    0.345
   CB_1  CD2_10     1  1.834448e-03  2.438551e-06     3.315923e-01    0.345
   CB_1    CD_3     1  7.399665e-03  3.967757e-05     4.183651e-01    0.345
   CB_1   CE1_1     1  7.338761e-03  3.902711e-05     4.177893e-01    0.345
   CB_1  CE2_10     1  9.755278e-04  6.896048e-07     2.984650e-01    0.345
   CB_1    CG_1     1  6.604985e-03  3.161292e-05     4.105179e-01    0.345
   CB_1   CG_10     1  9.576607e-03  6.645754e-05     4.367391e-01    0.345
   CB_1   CZ_10     1  2.171441e-03  3.416778e-06     3.410448e-01    0.345
   CB_1     C_1     1  8.702578e-03  5.488033e-05     4.298281e-01    0.345
   CB_1    C_11     1  9.444240e-03  6.463309e-05     4.357272e-01    0.345
   CB_1     C_2     1  9.082677e-03  5.977900e-05     4.329015e-01    0.345
   CB_1     N_1     1  3.337890e-03  8.073560e-06     3.663803e-01    0.345
   CB_1     N_2     1  5.637429e-04  2.302942e-07     2.723957e-01    0.345
   CB_1   O1_11     1  6.692244e-03  3.245372e-05     4.114169e-01    0.345
   CB_1   O2_11     1  4.869301e-03  1.718122e-05     3.901796e-01    0.345
   CB_1   OH_10     1  1.390065e-03  1.400203e-06     3.166110e-01    0.345
   CB_1     O_1     1  3.834565e-03  1.065499e-05     3.749496e-01    0.345
   CB_1     O_2     1  9.893710e-03  7.093152e-05     4.391168e-01    0.345
  CB_10   CB_10     1  7.172697e-03  3.728086e-05     4.161986e-01    0.345
  CB_10  CD1_10     1  2.305611e-03  3.852059e-06     3.444698e-01    0.345
  CB_10   CD2_1     1  5.300345e-03  2.035772e-05     3.957347e-01    0.345
  CB_10  CD2_10     1  3.248212e-03  7.645564e-06     3.647211e-01    0.345
  CB_10  CE1_10     1  2.429295e-03  4.276430e-06     3.474830e-01    0.345
  CB_10   CE2_1     1  6.269479e-03  2.848287e-05     4.069666e-01    0.345
  CB_10  CE2_10     1  3.408495e-03  8.418725e-06     3.676607e-01    0.345
  CB_10   CG_10     1  2.729125e-03  5.397189e-06     3.542888e-01    0.345
  CB_10   CZ_10     1  2.962510e-03  6.359759e-06     3.591673e-01    0.345
  CB_10    C_10     1  8.666268e-03  5.442333e-05     4.295287e-01    0.345
  CB_10     C_9     1  1.100134e-03  8.770250e-07     3.045050e-01    0.345
  CB_10    N_10     1  9.638518e-03  6.731959e-05     4.372084e-01    0.345
  CB_10    N_11     1  7.071107e-04  3.623229e-07     2.828794e-01    0.345
  CB_10   OH_10     1  7.536225e-03  4.115557e-05     4.196422e-01    0.345
  CB_10    O_10     1  9.471131e-03  6.500169e-05     4.359337e-01    0.345
  CB_10     O_8     1  5.402187e-03  2.114756e-05     3.969920e-01    0.345
  CB_10     O_9     1  1.642915e-03  1.955920e-06     3.255537e-01    0.345
  CB_11   CB_11     1  7.159639e-03  3.714524e-05     4.160722e-01    0.345
  CB_11    CB_2     1  6.386626e-03  2.955724e-05     4.082242e-01    0.345
  CB_11    CB_8     1  3.952404e-03  1.131993e-05     3.768458e-01    0.345
  CB_11   CD1_1     1  8.294277e-03  4.985148e-05     4.263994e-01    0.345
  CB_11   CE1_1     1  2.317791e-03  3.892866e-06     3.447724e-01    0.345
  CB_11   CE2_1     1  5.792496e-03  2.431377e-05     4.016346e-01    0.345
  CB_11   CG2_2     1  8.343604e-03  5.044618e-05     4.268210e-01    0.345
  CB_11    CZ_1     1  2.344805e-03  3.984139e-06     3.454389e-01    0.345
  CB_11     C_1     1  3.441063e-03  8.580373e-06     3.682439e-01    0.345
  CB_11    C_10     1  6.739203e-04  3.291077e-07     2.806219e-01    0.345
  CB_11    C_11     1  8.402396e-03  5.115961e-05     4.273208e-01    0.345
  CB_11     N_1     1  4.664624e-03  1.576719e-05     3.873970e-01    0.345
  CB_11    N_10     1  8.051161e-03  4.697188e-05     4.242904e-01    0.345
  CB_11    N_11     1  5.967845e-03  2.580809e-05     4.036359e-01    0.345
  CB_11     N_2     1  8.260948e-03  4.945163e-05     4.261133e-01    0.345
  CB_11   O1_11     1  6.689812e-03  3.243014e-05     4.113920e-01    0.345
  CB_11   O2_11     1  6.943061e-03  3.493195e-05     4.139475e-01    0.345
  CB_11   OG1_2     1  1.146685e-03  9.528158e-07     3.066155e-01    0.345
  CB_11   OG_11     1  2.498457e-03  4.523398e-06     3.491126e-01    0.345
  CB_11    OG_8     1  8.209247e-03  4.883459e-05     4.256677e-01    0.345
  CB_11    OH_1     1  1.743503e-03  2.202756e-06     3.287940e-01    0.345
  CB_11     O_1     1  1.574013e-03  1.795302e-06     3.232374e-01    0.345
  CB_11    O_10     1  8.330953e-04  5.029332e-07     2.907162e-01    0.345
  CB_11     O_8     1  1.052762e-02  8.031216e-05     4.436854e-01    0.345
   CB_2    CB_2     1  7.184692e-03  3.740565e-05     4.163145e-01    0.345
   CB_2    CB_9     1  3.578337e-03  9.278620e-06     3.706526e-01    0.345
   CB_2   CG2_2     1  3.008091e-03  6.556966e-06     3.600825e-01    0.345
   CB_2     C_1     1  9.705269e-04  6.825525e-07     2.982095e-01    0.345
   CB_2    C_10     1  3.838671e-03  1.067782e-05     3.750164e-01    0.345
   CB_2     C_9     1  7.915002e-03  4.539657e-05     4.230860e-01    0.345
   CB_2    N_10     1  4.596261e-03  1.530842e-05     3.864449e-01    0.345
   CB_2    N_11     1  1.050161e-02  7.991580e-05     4.435026e-01    0.345
   CB_2     N_2     1  7.119781e-03  3.673281e-05     4.156852e-01    0.345
   CB_2     N_3     1  8.963414e-04  5.821941e-07     2.942834e-01    0.345
   CB_2   OG1_2     1  8.804181e-03  5.616928e-05     4.306604e-01    0.345
   CB_2   OG_11     1  2.929096e-03  6.217105e-06     3.584889e-01    0.345
   CB_2     O_1     1  5.406045e-04  2.117777e-07     2.704997e-01    0.345
   CB_2    O_10     1  1.046176e-03  7.931038e-07     3.019634e-01    0.345
   CB_2     O_2     1  4.827536e-03  1.688776e-05     3.896198e-01    0.345
   CB_2     O_9     1  8.970005e-03  5.830506e-05     4.320018e-01    0.345
   CB_3    CB_3     1  7.188305e-03  3.744328e-05     4.163494e-01    0.345
   CB_3    CB_8     1  1.014538e-02  7.458599e-05     4.409590e-01    0.345
   CB_3    CD_3     1  1.056594e-02  8.089790e-05     4.439542e-01    0.345
   CB_3   CG1_3     1  3.030340e-03  6.654318e-06     3.605250e-01    0.345
   CB_3   CG2_3     1  7.933283e-03  4.560651e-05     4.232487e-01    0.345
   CB_3     C_2     1  9.082713e-04  5.977948e-07     2.949326e-01    0.345
   CB_3     C_3     1  9.985980e-03  7.226072e-05     4.397967e-01    0.345
   CB_3     N_4     1  8.909545e-04  5.752173e-07     2.939879e-01    0.345
   CB_3    OG_8     1  7.913211e-03  4.537602e-05     4.230700e-01    0.345
   CB_3   OH_10     1  2.398402e-03  4.168358e-06     3.467426e-01    0.345
   CB_3     O_2     1  1.297655e-03  1.220224e-06     3.130017e-01    0.345
   CB_3     O_3     1  5.701117e-03  2.355271e-05     4.005716e-01    0.345
   CB_3     O_4     1  1.056409e-02  8.086963e-05     4.439413e-01    0.345
   CB_4    CB_4     1  7.223367e-03  3.780944e-05     4.166871e-01    0.345
   CB_4    CB_7     1  1.624873e-03  1.913198e-06     3.249551e-01    0.345
   CB_4    CB_9     1  2.535529e-03  4.658630e-06     3.499706e-01    0.345
   CB_4   CD1_7     1  3.327071e-03  8.021306e-06     3.661821e-01    0.345
   CB_4    CD_9     1  1.623992e-03  1.911122e-06     3.249257e-01    0.345
   CB_4    CG_7     1  5.571307e-03  2.249236e-05     3.990368e-01    0.345
   CB_4    CG_9     1  1.358865e-03  1.338054e-06     3.154154e-01    0.345
   CB_4     C_3     1  8.757310e-04  5.557281e-07     2.931446e-01    0.345
   CB_4     C_4     1  9.520445e-03  6.568034e-05     4.363112e-01    0.345
   CB_4     C_7     1  9.607263e-03  6.688369e-05     4.369718e-01    0.345
   CB_4     N_4     1  8.921285e-03  5.767342e-05     4.316099e-01    0.345
   CB_4     N_5     1  9.077566e-04  5.971175e-07     2.949047e-01    0.345
   CB_4     N_9     1  6.545121e-03  3.104247e-05     4.098955e-01    0.345
   CB_4     O_3     1  7.603044e-04  4.188861e-07     2.863198e-01    0.345
   CB_4     O_4     1  2.373789e-03  4.083243e-06     3.461470e-01    0.345
   CB_4     O_7     1  1.026534e-02  7.636027e-05     4.418237e-01    0.345
   CB_5    CB_5     1  7.231404e-03  3.789362e-05     4.167644e-01    0.345
   CB_5    CB_6     1  4.511577e-03  1.474951e-05     3.852490e-01    0.345
   CB_5   CD1_6     1  1.538805e-03  1.715886e-06     3.220209e-01    0.345
   CB_5   CD2_6     1  9.927647e-04  7.141897e-07     2.993376e-01    0.345
   CB_5   CD2_7     1  4.872602e-03  1.720453e-05     3.902237e-01    0.345
   CB_5    CG_6     1  2.662584e-03  5.137212e-06     3.528342e-01    0.345
   CB_5     C_4     1  8.514571e-04  5.253472e-07     2.917745e-01    0.345
   CB_5     C_5     1  5.530598e-03  2.216486e-05     3.985494e-01    0.345
   CB_5     C_6     1  1.016466e-02  7.486975e-05     4.410985e-01    0.345
   CB_5     N_5     1  6.267563e-03  2.846547e-05     4.069458e-01    0.345
   CB_5     N_6     1  8.996319e-04  5.864765e-07     2.944632e-01    0.345
   CB_5     O_4     1  1.235134e-03  1.105475e-06     3.104363e-01    0.345
   CB_5     O_5     1  1.238128e-03  1.110841e-06     3.105616e-01    0.345
   CB_6    CB_6     1  7.231617e-03  3.789586e-05     4.167664e-01    0.345
   CB_6   CD1_6     1  4.051893e-03  1.189698e-05     3.784105e-01    0.345
   CB_6   CD1_7     1  9.624569e-03  6.712487e-05     4.371029e-01    0.345
   CB_6   CD2_6     1  6.512399e-04  3.073286e-07     2.790253e-01    0.345
   CB_6   CD2_7     1  1.504536e-03  1.640311e-06     3.208144e-01    0.345
   CB_6    CG_6     1  1.182377e-03  1.013055e-06     3.081859e-01    0.345
   CB_6    CG_7     1  9.089387e-03  5.986736e-05     4.329548e-01    0.345
   CB_6     C_5     1  1.030795e-03  7.699554e-07     3.012189e-01    0.345
   CB_6     C_6     1  8.018895e-03  4.659615e-05     4.240066e-01    0.345
   CB_6     N_6     1  8.558188e-03  5.307433e-05     4.286312e-01    0.345
   CB_6     N_7     1  9.504491e-04  6.546040e-07     2.971723e-01    0.345
   CB_6     O_5     1  1.676758e-03  2.037331e-06     3.266619e-01    0.345
   CB_6     O_6     1  2.208059e-03  3.532988e-06     3.419967e-01    0.345
   CB_7    CB_7     1  7.197091e-03  3.753486e-05     4.164341e-01    0.345
   CB_7   CD1_7     1  8.796710e-04  5.607400e-07     2.933640e-01    0.345
   CB_7    CD_9     1  4.516837e-03  1.478392e-05     3.853238e-01    0.345
   CB_7    CG_7     1  2.984919e-03  6.456334e-06     3.596187e-01    0.345
   CB_7     C_4     1  9.837724e-03  7.013103e-05     4.387016e-01    0.345
   CB_7     C_6     1  9.222659e-04  6.163583e-07     2.956851e-01    0.345
   CB_7     C_7     1  6.314980e-03  2.889780e-05     4.074573e-01    0.345
   CB_7     C_8     1  1.019031e-02  7.524820e-05     4.412839e-01    0.345
   CB_7     N_7     1  9.033030e-03  5.912727e-05     4.325063e-01    0.345
   CB_7     N_8     1  8.584854e-04  5.340559e-07     2.921745e-01    0.345
   CB_7     O_6     1  1.379284e-03  1.378569e-06     3.162004e-01    0.345
   CB_7     O_7     1  1.280029e-03  1.187301e-06     3.122891e-01    0.345
   CB_7     O_8     1  8.068221e-03  4.717115e-05     4.244401e-01    0.345
   CB_8    CB_8     1  7.199280e-03  3.755771e-05     4.164552e-01    0.345
   CB_8  CD1_10     1  6.536581e-03  3.096151e-05     4.098063e-01    0.345
   CB_8   CD1_6     1  8.259017e-03  4.942853e-05     4.260967e-01    0.345
   CB_8    CD_3     1  9.691075e-04  6.805575e-07     2.981367e-01    0.345
   CB_8    CD_9     1  1.194141e-03  1.033313e-06     3.086949e-01    0.345
   CB_8  CE1_10     1  3.951806e-03  1.131650e-05     3.768363e-01    0.345
   CB_8   CG1_3     1  3.734663e-03  1.010703e-05     3.733035e-01    0.345
   CB_8   CG2_3     1  4.697140e-03  1.598777e-05     3.878458e-01    0.345
   CB_8    CG_9     1  9.996278e-03  7.240983e-05     4.398722e-01    0.345
   CB_8    C_11     1  4.517405e-03  1.478765e-05     3.853319e-01    0.345
   CB_8     C_7     1  1.097862e-03  8.734060e-07     3.044001e-01    0.345
   CB_8     C_8     1  6.762465e-03  3.313836e-05     4.121333e-01    0.345
   CB_8     C_9     1  9.152115e-03  6.069652e-05     4.334514e-01    0.345
   CB_8    N_10     1  4.973794e-03  1.792654e-05     3.915628e-01    0.345
   CB_8    N_11     1  3.423894e-03  8.494964e-06     3.679371e-01    0.345
   CB_8     N_8     1  6.640120e-03  3.195014e-05     4.108811e-01    0.345
   CB_8     N_9     1  7.037314e-04  3.588681e-07     2.826537e-01    0.345
   CB_8   O1_11     1  1.364904e-03  1.349973e-06     3.156486e-01    0.345
   CB_8    OG_8     1  3.571583e-03  9.243625e-06     3.705359e-01    0.345
   CB_8     O_7     1  1.865827e-03  2.522688e-06     3.325309e-01    0.345
   CB_8     O_8     1  3.274528e-03  7.769950e-06     3.652119e-01    0.345
   CB_9    CB_9     1  7.166268e-03  3.721405e-05     4.161364e-01    0.345
   CB_9  CD1_10     1  2.474273e-03  4.436250e-06     3.485471e-01    0.345
   CB_9    CD_9     1  4.280799e-03  1.327916e-05     3.818923e-01    0.345
   CB_9  CE1_10     1  4.916314e-03  1.751460e-05     3.908050e-01    0.345
   CB_9   CG2_2     1  1.233606e-03  1.102742e-06     3.103723e-01    0.345
   CB_9   CG_10     1  9.011203e-03  5.884187e-05     4.323319e-01    0.345
   CB_9    CG_9     1  1.642684e-03  1.955370e-06     3.255461e-01    0.345
   CB_9     C_2     1  8.276744e-03  4.964094e-05     4.262490e-01    0.345
   CB_9     C_3     1  6.736568e-03  3.288504e-05     4.118698e-01    0.345
   CB_9     C_8     1  1.553533e-03  1.748887e-06     3.225326e-01    0.345
   CB_9    N_10     1  7.946134e-04  4.575438e-07     2.884338e-01    0.345
   CB_9     N_3     1  6.788890e-03  3.339785e-05     4.124012e-01    0.345
   CB_9     N_4     1  6.573328e-03  3.131061e-05     4.101893e-01    0.345
   CB_9     N_9     1  1.044398e-02  7.904115e-05     4.430960e-01    0.345
   CB_9     O_3     1  2.564430e-03  4.765437e-06     3.506323e-01    0.345
   CB_9     O_8     1  3.637079e-03  9.585754e-06     3.716598e-01    0.345
   CB_9     O_9     1  3.571731e-03  9.244392e-06     3.705384e-01    0.345
  CD1_1   CD1_1     1  7.155323e-03  3.710047e-05     4.160304e-01    0.345
  CD1_1   CD2_1     1  7.715379e-04  4.313556e-07     2.870206e-01    0.345
  CD1_1  CD2_10     1  2.987495e-03  6.467485e-06     3.596704e-01    0.345
  CD1_1   CE1_1     1  6.495107e-03  3.056987e-05     4.093718e-01    0.345
  CD1_1   CE2_1     1  1.581741e-03  1.812973e-06     3.235013e-01    0.345
  CD1_1  CE2_10     1  3.100772e-03  6.967235e-06     3.619082e-01    0.345
  CD1_1    CG_1     1  2.167018e-03  3.402875e-06     3.409290e-01    0.345
  CD1_1    CZ_1     1  5.948096e-03  2.563757e-05     4.034129e-01    0.345
  CD1_1    C_11     1  9.915136e-04  7.123907e-07     2.992747e-01    0.345
  CD1_1     N_1     1  7.755239e-04  4.358241e-07     2.872672e-01    0.345
  CD1_1     N_2     1  1.066398e-02  8.240615e-05     4.446381e-01    0.345
  CD1_1   O1_11     1  5.511079e-04  2.200869e-07     2.713686e-01    0.345
  CD1_1   O2_11     1  5.349463e-04  2.073678e-07     2.700258e-01    0.345
  CD1_1   OG_11     1  8.762404e-03  5.563748e-05     4.303192e-01    0.345
  CD1_1     O_1     1  9.536249e-03  6.589859e-05     4.364318e-01    0.345
 CD1_10  CD1_10     1  7.180706e-03  3.736416e-05     4.162760e-01    0.345
 CD1_10  CD2_10     1  9.100851e-03  6.001848e-05     4.330458e-01    0.345
 CD1_10    CD_3     1  2.289845e-03  3.799558e-06     3.440761e-01    0.345
 CD1_10  CE1_10     1  2.934612e-03  6.240540e-06     3.586014e-01    0.345
 CD1_10  CE2_10     1  9.394896e-03  6.395947e-05     4.353469e-01    0.345
 CD1_10   CG1_3     1  7.551622e-03  4.132391e-05     4.197849e-01    0.345
 CD1_10   CG_10     1  4.486790e-03  1.458789e-05     3.848955e-01    0.345
 CD1_10   CZ_10     1  3.467391e-03  8.712173e-06     3.687120e-01    0.345
 CD1_10     C_8     1  2.327687e-03  3.926178e-06     3.450173e-01    0.345
 CD1_10     C_9     1  8.407958e-04  5.122736e-07     2.911624e-01    0.345
 CD1_10    N_10     1  5.434637e-03  2.140237e-05     3.973884e-01    0.345
 CD1_10     N_9     1  5.198030e-03  1.957936e-05     3.944512e-01    0.345
 CD1_10   OH_10     1  3.375519e-03  8.256614e-06     3.670655e-01    0.345
 CD1_10     O_8     1  5.839060e-04  2.470625e-07     2.739958e-01    0.345
 CD1_10     O_9     1  5.599124e-04  2.271753e-07     2.720864e-01    0.345
  CD1_6   CD1_6     1  7.219463e-03  3.776858e-05     4.166496e-01    0.345
  CD1_6   CD2_6     1  4.959468e-03  1.782342e-05     3.913746e-01    0.345
  CD1_6    CG_6     1  6.542861e-03  3.102104e-05     4.098719e-01    0.345
  CD1_6     C_6     1  1.032520e-02  7.725341e-05     4.422521e-01    0.345
  CD1_6     C_7     1  5.587850e-03  2.262614e-05     3.992341e-01    0.345
  CD1_6     N_7     1  1.497653e-03  1.625337e-06     3.205694e-01    0.345
  CD1_6     N_8     1  5.511572e-03  2.201263e-05     3.983206e-01    0.345
  CD1_6    OG_8     1  2.716792e-03  5.348520e-06     3.540214e-01    0.345
  CD1_6     O_5     1  1.005334e-02  7.323882e-05     4.402897e-01    0.345
  CD1_6     O_6     1  1.026822e-02  7.640316e-05     4.418444e-01    0.345
  CD1_6     O_7     1  4.324716e-03  1.355302e-05     3.825426e-01    0.345
  CD1_7   CD1_7     1  7.200683e-03  3.757234e-05     4.164688e-01    0.345
  CD1_7   CD2_6     1  4.288092e-03  1.332444e-05     3.820007e-01    0.345
  CD1_7   CD2_7     1  7.514217e-04  4.091555e-07     2.857596e-01    0.345
  CD1_7    CG_7     1  2.212691e-03  3.547826e-06     3.421162e-01    0.345
  CD1_7     C_4     1  3.912271e-03  1.109121e-05     3.762054e-01    0.345
  CD1_7     C_5     1  4.495957e-03  1.464756e-05     3.850264e-01    0.345
  CD1_7     C_6     1  6.923637e-03  3.473678e-05     4.137543e-01    0.345
  CD1_7     N_5     1  2.844408e-03  5.862794e-06     3.567403e-01    0.345
  CD1_7     N_6     1  8.377029e-03  5.085117e-05     4.271055e-01    0.345
  CD1_7     N_7     1  7.539370e-03  4.118993e-05     4.196714e-01    0.345
  CD1_7     O_4     1  2.678479e-03  5.198730e-06     3.531844e-01    0.345
  CD1_7     O_5     1  2.266849e-03  3.723626e-06     3.434978e-01    0.345
  CD1_7     O_6     1  2.681652e-03  5.211057e-06     3.532541e-01    0.345
  CD2_1   CD2_1     1  7.154463e-03  3.709155e-05     4.160220e-01    0.345
  CD2_1  CD2_10     1  1.059493e-03  8.134246e-07     3.026006e-01    0.345
  CD2_1   CE1_1     1  9.650217e-04  6.748311e-07     2.979269e-01    0.345
  CD2_1   CE2_1     1  6.497063e-03  3.058828e-05     4.093923e-01    0.345
  CD2_1  CE2_10     1  9.627101e-04  6.716020e-07     2.978078e-01    0.345
  CD2_1    CG_1     1  2.756206e-03  5.504834e-06     3.548723e-01    0.345
  CD2_1   CG_10     1  4.582675e-03  1.521805e-05     3.862543e-01    0.345
  CD2_1    CZ_1     1  2.855910e-03  5.910307e-06     3.569803e-01    0.345
  CD2_1   CZ_10     1  4.248164e-03  1.307746e-05     3.814056e-01    0.345
  CD2_1    C_11     1  5.734110e-03  2.382610e-05     4.009570e-01    0.345
  CD2_1   O1_11     1  3.774077e-03  1.032149e-05     3.739572e-01    0.345
  CD2_1   O2_11     1  6.146817e-03  2.737924e-05     4.056286e-01    0.345
  CD2_1    OH_1     1  6.408428e-03  2.975938e-05     4.084561e-01    0.345
  CD2_1   OH_10     1  7.003350e-03  3.554125e-05     4.145445e-01    0.345
 CD2_10  CD2_10     1  7.173759e-03  3.729190e-05     4.162088e-01    0.345
 CD2_10    CD_3     1  1.044829e-02  7.910628e-05     4.431264e-01    0.345
 CD2_10   CE1_1     1  5.894790e-03  2.518011e-05     4.028081e-01    0.345
 CD2_10  CE1_10     1  5.021974e-03  1.827552e-05     3.921924e-01    0.345
 CD2_10   CE2_1     1  2.660952e-03  5.130916e-06     3.527982e-01    0.345
 CD2_10  CE2_10     1  2.916503e-03  6.163762e-06     3.582316e-01    0.345
 CD2_10    CG_1     1  1.154022e-03  9.650483e-07     3.069417e-01    0.345
 CD2_10   CG_10     1  6.327016e-03  2.900806e-05     4.075867e-01    0.345
 CD2_10    CZ_1     1  5.604757e-03  2.276326e-05     3.994352e-01    0.345
 CD2_10   CZ_10     1  2.355467e-03  4.020453e-06     3.457002e-01    0.345
 CD2_10     C_9     1  8.886089e-03  5.721925e-05     4.313256e-01    0.345
 CD2_10    N_11     1  8.261770e-03  4.946148e-05     4.261204e-01    0.345
 CD2_10   OH_10     1  2.241244e-03  3.639981e-06     3.428480e-01    0.345
 CD2_10     O_9     1  7.478283e-03  4.052516e-05     4.191027e-01    0.345
  CD2_6   CD2_6     1  7.237969e-03  3.796247e-05     4.168274e-01    0.345
  CD2_6   CD2_7     1  8.925936e-04  5.773358e-07     2.940779e-01    0.345
  CD2_6    CG_6     1  4.002478e-03  1.160857e-05     3.776374e-01    0.345
  CD2_6    CG_7     1  3.610921e-03  9.448372e-06     3.712130e-01    0.345
  CD2_6     C_5     1  5.366880e-03  2.087203e-05     3.965584e-01    0.345
  CD2_6     C_6     1  9.738378e-03  6.872175e-05     4.379601e-01    0.345
  CD2_6     N_6     1  8.785478e-03  5.593089e-05     4.305078e-01    0.345
  CD2_6     N_7     1  1.073846e-02  8.356127e-05     4.451542e-01    0.345
  CD2_6     O_5     1  4.615109e-03  1.543422e-05     3.867086e-01    0.345
  CD2_7   CD2_7     1  7.212099e-03  3.769158e-05     4.165787e-01    0.345
  CD2_7    CG_6     1  3.163338e-03  7.251236e-06     3.631152e-01    0.345
  CD2_7    CG_7     1  2.507121e-03  4.554824e-06     3.493140e-01    0.345
  CD2_7     C_5     1  5.219227e-03  1.973937e-05     3.947188e-01    0.345
  CD2_7     C_6     1  9.884877e-04  7.080492e-07     2.991222e-01    0.345
  CD2_7     N_6     1  3.289526e-03  7.841291e-06     3.654902e-01    0.345
  CD2_7     N_8     1  1.042637e-02  7.877485e-05     4.429714e-01    0.345
  CD2_7     O_5     1  7.515582e-03  4.093041e-05     4.194504e-01    0.345
  CD2_7     O_6     1  1.395899e-03  1.411981e-06     3.168321e-01    0.345
   CD_3    CD_3     1  7.178781e-03  3.734413e-05     4.162574e-01    0.345
   CD_3  CE1_10     1  9.967100e-04  7.198774e-07     2.995355e-01    0.345
   CD_3  CE2_10     1  6.330146e-03  2.903677e-05     4.076203e-01    0.345
   CD_3   CG1_3     1  3.752807e-03  1.020548e-05     3.736052e-01    0.345
   CD_3   CG_10     1  7.127476e-03  3.681226e-05     4.157601e-01    0.345
   CD_3   CZ_10     1  1.776921e-03  2.288006e-06     3.298361e-01    0.345
   CD_3     C_2     1  2.603303e-03  4.911005e-06     3.515126e-01    0.345
   CD_3     C_8     1  5.295410e-03  2.031983e-05     3.956733e-01    0.345
   CD_3     N_2     1  1.056397e-02  8.086778e-05     4.439404e-01    0.345
   CD_3    OG_8     1  3.336315e-03  8.065942e-06     3.663515e-01    0.345
   CD_3   OH_10     1  4.271860e-04  1.322376e-07     2.600896e-01    0.345
   CD_3     O_2     1  2.391438e-03  4.144186e-06     3.465746e-01    0.345
   CD_3     O_8     1  1.369294e-03  1.358671e-06     3.158176e-01    0.345
   CD_9    CD_9     1  7.175885e-03  3.731401e-05     4.162294e-01    0.345
   CD_9    CG_9     1  6.076219e-03  2.675394e-05     4.048484e-01    0.345
   CD_9     C_7     1  9.914586e-04  7.123117e-07     2.992719e-01    0.345
   CD_9     C_8     1  3.189551e-03  7.371910e-06     3.636150e-01    0.345
   CD_9    N_10     1  2.266426e-03  3.722237e-06     3.434871e-01    0.345
   CD_9     N_8     1  6.604271e-04  3.160608e-07     2.796776e-01    0.345
   CD_9     N_9     1  2.696583e-03  5.269247e-06     3.535812e-01    0.345
   CD_9    OG_8     1  5.651282e-03  2.314275e-05     3.999859e-01    0.345
   CD_9     O_3     1  5.139040e-03  1.913749e-05     3.937016e-01    0.345
   CD_9     O_7     1  9.986757e-04  7.227197e-07     2.996339e-01    0.345
   CD_9     O_8     1  1.575227e-03  1.798073e-06     3.232789e-01    0.345
  CE1_1   CE1_1     1  7.152243e-03  3.706853e-05     4.160005e-01    0.345
  CE1_1   CE2_1     1  7.518965e-04  4.096728e-07     2.857897e-01    0.345
  CE1_1  CE2_10     1  8.705835e-03  5.492143e-05     4.298549e-01    0.345
  CE1_1    CG_1     1  2.912242e-03  6.145762e-06     3.581443e-01    0.345
  CE1_1    CZ_1     1  2.691966e-03  5.251218e-06     3.534802e-01    0.345
  CE1_1    C_11     1  8.000173e-04  4.637881e-07     2.887598e-01    0.345
  CE1_1     N_1     1  2.941976e-03  6.271899e-06     3.587512e-01    0.345
  CE1_1   O1_11     1  3.289351e-04  7.840457e-08     2.490034e-01    0.345
  CE1_1   O2_11     1  7.769291e-04  4.374049e-07     2.873539e-01    0.345
  CE1_1   OG_11     1  1.886856e-03  2.579873e-06     3.331526e-01    0.345
  CE1_1    OH_1     1  5.889384e-03  2.513394e-05     4.027465e-01    0.345
 CE1_10  CE1_10     1  7.186335e-03  3.742276e-05     4.163303e-01    0.345
 CE1_10  CE2_10     1  9.021628e-03  5.897810e-05     4.324152e-01    0.345
 CE1_10   CG1_3     1  2.221626e-03  3.576539e-06     3.423460e-01    0.345
 CE1_10   CG_10     1  2.363180e-03  4.046826e-06     3.458886e-01    0.345
 CE1_10   CZ_10     1  6.526347e-03  3.086464e-05     4.096993e-01    0.345
 CE1_10     C_8     1  4.039484e-03  1.182422e-05     3.782171e-01    0.345
 CE1_10     C_9     1  4.777390e-03  1.653873e-05     3.889424e-01    0.345
 CE1_10    N_10     1  7.869258e-03  4.487335e-05     4.226775e-01    0.345
 CE1_10   OH_10     1  3.514930e-03  8.952704e-06     3.695498e-01    0.345
 CE1_10     O_8     1  1.413511e-03  1.447836e-06     3.174949e-01    0.345
 CE1_10     O_9     1  2.478672e-03  4.452038e-06     3.486503e-01    0.345
  CE2_1   CE2_1     1  7.151849e-03  3.706445e-05     4.159967e-01    0.345
  CE2_1  CE2_10     1  4.983125e-03  1.799386e-05     3.916852e-01    0.345
  CE2_1    CG_1     1  6.090317e-03  2.687824e-05     4.050048e-01    0.345
  CE2_1   CG_10     1  8.019021e-03  4.659761e-05     4.240077e-01    0.345
  CE2_1    CZ_1     1  2.123350e-03  3.267112e-06     3.397742e-01    0.345
  CE2_1    C_11     1  5.370010e-03  2.089638e-05     3.965969e-01    0.345
  CE2_1   O1_11     1  4.023242e-03  1.172933e-05     3.779632e-01    0.345
  CE2_1   O2_11     1  4.935406e-03  1.765089e-05     3.910575e-01    0.345
  CE2_1   OG_11     1  3.217127e-03  7.499932e-06     3.641370e-01    0.345
  CE2_1    OH_1     1  2.819842e-03  5.761965e-06     3.562249e-01    0.345
 CE2_10  CE2_10     1  7.179611e-03  3.735276e-05     4.162654e-01    0.345
 CE2_10   CG1_3     1  7.083558e-03  3.635999e-05     4.153320e-01    0.345
 CE2_10    CG_1     1  1.536503e-03  1.710755e-06     3.219406e-01    0.345
 CE2_10   CG_10     1  3.403782e-03  8.395457e-06     3.675760e-01    0.345
 CE2_10   CZ_10     1  4.498342e-03  1.466310e-05     3.850604e-01    0.345
 CE2_10     C_1     1  7.244542e-03  3.803144e-05     4.168905e-01    0.345
 CE2_10     N_1     1  8.152106e-03  4.815713e-05     4.251725e-01    0.345
 CE2_10     N_2     1  8.959068e-03  5.816297e-05     4.319140e-01    0.345
 CE2_10   OH_10     1  2.338456e-03  3.962593e-06     3.452829e-01    0.345
 CE2_10     O_1     1  8.828550e-03  5.648064e-05     4.308589e-01    0.345
 CE2_10     O_2     1  8.214486e-03  4.889694e-05     4.257130e-01    0.345
  CG1_3   CG1_3     1  7.181541e-03  3.737285e-05     4.162840e-01    0.345
  CG1_3   CG2_3     1  7.227674e-03  3.785455e-05     4.167285e-01    0.345
  CG1_3   CZ_10     1  2.088306e-03  3.160162e-06     3.388331e-01    0.345
  CG1_3     C_2     1  1.005444e-03  7.325487e-07     2.999714e-01    0.345
  CG1_3     N_2     1  9.682866e-03  6.794051e-05     4.375431e-01    0.345
  CG1_3     N_3     1  7.778905e-03  4.384881e-05     4.218647e-01    0.345
  CG1_3     N_4     1  5.351582e-03  2.075321e-05     3.963698e-01    0.345
  CG1_3    OG_8     1  6.499348e-03  3.060980e-05     4.094163e-01    0.345
  CG1_3   OH_10     1  8.829325e-04  5.649057e-07     2.935450e-01    0.345
  CG1_3     O_2     1  6.678785e-04  3.232331e-07     2.802010e-01    0.345
  CG1_3     O_3     1  9.128341e-03  6.038159e-05     4.332635e-01    0.345
  CG1_3     O_8     1  9.859035e-03  7.043519e-05     4.388599e-01    0.345
  CG2_2   CG2_2     1  7.192183e-03  3.748369e-05     4.163868e-01    0.345
  CG2_2    CG_9     1  1.987190e-03  2.861540e-06     3.360419e-01    0.345
  CG2_2     C_1     1  4.856449e-03  1.709065e-05     3.900078e-01    0.345
  CG2_2    C_10     1  2.808878e-03  5.717243e-06     3.559937e-01    0.345
  CG2_2     C_2     1  8.079793e-03  4.730656e-05     4.245415e-01    0.345
  CG2_2     C_3     1  4.893857e-03  1.735496e-05     3.905069e-01    0.345
  CG2_2     C_9     1  1.813095e-03  2.382111e-06     3.309458e-01    0.345
  CG2_2    N_10     1  1.231371e-03  1.098750e-06     3.102785e-01    0.345
  CG2_2    N_11     1  8.693384e-03  5.476444e-05     4.297524e-01    0.345
  CG2_2     N_3     1  1.282501e-03  1.191891e-06     3.123895e-01    0.345
  CG2_2     N_4     1  7.948555e-03  4.578227e-05     4.233844e-01    0.345
  CG2_2   OG1_2     1  5.869716e-03  2.496635e-05     4.025220e-01    0.345
  CG2_2     O_1     1  3.872651e-03  1.086770e-05     3.755677e-01    0.345
  CG2_2    O_10     1  6.555087e-04  3.113707e-07     2.793293e-01    0.345
  CG2_2     O_2     1  4.361459e-03  1.378429e-05     3.830823e-01    0.345
  CG2_2     O_3     1  5.167542e-03  1.935036e-05     3.940647e-01    0.345
  CG2_2     O_9     1  1.062972e-03  8.187748e-07     3.027660e-01    0.345
  CG2_3   CG2_3     1  7.195810e-03  3.752151e-05     4.164218e-01    0.345
  CG2_3     C_2     1  7.604175e-03  4.190107e-05     4.202704e-01    0.345
  CG2_3     C_4     1  4.846594e-03  1.702135e-05     3.898758e-01    0.345
  CG2_3     N_4     1  5.781199e-04  2.421903e-07     2.735414e-01    0.345
  CG2_3     N_5     1  7.357951e-03  3.923148e-05     4.179711e-01    0.345
  CG2_3    OG_8     1  2.710297e-03  5.322980e-06     3.538802e-01    0.345
  CG2_3     O_2     1  8.487153e-03  5.219693e-05     4.280362e-01    0.345
  CG2_3     O_3     1  5.647672e-03  2.311319e-05     3.999433e-01    0.345
  CG2_3     O_4     1  3.510760e-03  8.931475e-06     3.694767e-01    0.345
   CG_1    CG_1     1  7.157072e-03  3.711861e-05     4.160473e-01    0.345
   CG_1   CG_10     1  7.132621e-03  3.686542e-05     4.158101e-01    0.345
   CG_1    CZ_1     1  9.908807e-03  7.114815e-05     4.392284e-01    0.345
   CG_1   CZ_10     1  6.208581e-03  2.793223e-05     4.063050e-01    0.345
   CG_1    C_11     1  3.244748e-03  7.629270e-06     3.646562e-01    0.345
   CG_1     N_1     1  3.242369e-03  7.618084e-06     3.646117e-01    0.345
   CG_1     N_2     1  5.506676e-03  2.197353e-05     3.982616e-01    0.345
   CG_1   O1_11     1  2.392921e-03  4.149326e-06     3.466104e-01    0.345
   CG_1   O2_11     1  2.025522e-03  2.972998e-06     3.371136e-01    0.345
   CG_1   OH_10     1  6.668910e-03  3.222780e-05     4.111775e-01    0.345
  CG_10   CG_10     1  7.177396e-03  3.732972e-05     4.162440e-01    0.345
  CG_10   CZ_10     1  1.933320e-03  2.708496e-06     3.345061e-01    0.345
  CG_10     C_9     1  2.019027e-03  2.953964e-06     3.369332e-01    0.345
  CG_10    N_10     1  1.061620e-02  8.166932e-05     4.443055e-01    0.345
  CG_10    N_11     1  3.854858e-03  1.076807e-05     3.752795e-01    0.345
  CG_10   OH_10     1  2.757677e-03  5.510711e-06     3.549038e-01    0.345
  CG_10     O_8     1  3.392358e-03  8.339196e-06     3.673701e-01    0.345
  CG_10     O_9     1  1.897995e-03  2.610425e-06     3.334797e-01    0.345
   CG_6    CG_6     1  7.229621e-03  3.787494e-05     4.167472e-01    0.345
   CG_6     C_5     1  5.781743e-03  2.422359e-05     4.015102e-01    0.345
   CG_6     C_6     1  5.462684e-03  2.162386e-05     3.977295e-01    0.345
   CG_6     N_6     1  8.155461e-03  4.819677e-05     4.252016e-01    0.345
   CG_6     N_7     1  1.707070e-03  2.111658e-06     3.276388e-01    0.345
   CG_6     O_5     1  3.997694e-03  1.158084e-05     3.775621e-01    0.345
   CG_6     O_6     1  1.057563e-02  8.104632e-05     4.440220e-01    0.345
   CG_6     O_7     1  1.036810e-02  7.789679e-05     4.425578e-01    0.345
   CG_7    CG_7     1  7.204358e-03  3.761071e-05     4.165042e-01    0.345
   CG_7     C_5     1  1.016439e-02  7.486582e-05     4.410966e-01    0.345
   CG_7     C_6     1  1.120964e-03  9.105504e-07     3.054584e-01    0.345
   CG_7     N_6     1  8.339402e-03  5.039538e-05     4.267852e-01    0.345
   CG_7     N_7     1  7.341226e-03  3.905334e-05     4.178127e-01    0.345
   CG_7     N_8     1  7.214187e-03  3.771340e-05     4.165988e-01    0.345
   CG_7     O_5     1  9.521523e-03  6.569522e-05     4.363194e-01    0.345
   CG_7     O_6     1  8.134680e-04  4.795146e-07     2.895633e-01    0.345
   CG_7     O_7     1  9.644623e-03  6.740489e-05     4.372546e-01    0.345
   CG_9    CG_9     1  7.170148e-03  3.725437e-05     4.161739e-01    0.345
   CG_9     C_3     1  3.084011e-03  6.892120e-06     3.615815e-01    0.345
   CG_9     C_7     1  8.367827e-03  5.073951e-05     4.270273e-01    0.345
   CG_9     C_8     1  1.532293e-03  1.701394e-06     3.217934e-01    0.345
   CG_9     C_9     1  6.755754e-03  3.307262e-05     4.120651e-01    0.345
   CG_9    N_10     1  4.119924e-03  1.229984e-05     3.794621e-01    0.345
   CG_9     N_3     1  5.404402e-03  2.116490e-05     3.970191e-01    0.345
   CG_9     N_4     1  6.658152e-03  3.212391e-05     4.110668e-01    0.345
   CG_9     N_8     1  6.764995e-03  3.316316e-05     4.121590e-01    0.345
   CG_9     N_9     1  2.673103e-03  5.177884e-06     3.530662e-01    0.345
   CG_9     O_3     1  9.147030e-04  6.062910e-07     2.952796e-01    0.345
   CG_9     O_7     1  7.398538e-03  3.966549e-05     4.183545e-01    0.345
   CG_9     O_8     1  5.766522e-03  2.409622e-05     4.013339e-01    0.345
   CZ_1    CZ_1     1  7.158801e-03  3.713654e-05     4.160641e-01    0.345
   CZ_1    C_11     1  2.368716e-03  4.065807e-06     3.460235e-01    0.345
   CZ_1   O1_11     1  2.708323e-03  5.315226e-06     3.538373e-01    0.345
   CZ_1   O2_11     1  3.684929e-03  9.839638e-06     3.724703e-01    0.345
   CZ_1   OG_11     1  8.675875e-04  5.454407e-07     2.926885e-01    0.345
   CZ_1    OH_1     1  6.486225e-03  3.048631e-05     4.092784e-01    0.345
  CZ_10   CZ_10     1  7.182369e-03  3.738147e-05     4.162920e-01    0.345
  CZ_10     C_1     1  9.154121e-03  6.072314e-05     4.334672e-01    0.345
  CZ_10   OH_10     1  2.933135e-03  6.234260e-06     3.585713e-01    0.345
  CZ_10     O_2     1  4.673008e-03  1.582392e-05     3.875130e-01    0.345
  CZ_10     O_8     1  8.936542e-03  5.787086e-05     4.317328e-01    0.345
    C_1     C_1     1  7.169428e-03  3.724688e-05     4.161669e-01    0.345
    C_1     C_2     1  6.160875e-03  2.750462e-05     4.057830e-01    0.345
    C_1     N_1     1  5.808424e-03  2.444768e-05     4.018185e-01    0.345
    C_1     N_2     1  2.020321e-03  2.957752e-06     3.369692e-01    0.345
    C_1     N_3     1  3.264308e-03  7.721525e-06     3.650217e-01    0.345
    C_1   OG1_2     1  6.212688e-04  2.796920e-07     2.768429e-01    0.345
    C_1   OG_11     1  1.375218e-03  1.370452e-06     3.160449e-01    0.345
    C_1    OH_1     1  8.556284e-03  5.305072e-05     4.286153e-01    0.345
    C_1   OH_10     1  2.962856e-03  6.361243e-06     3.591743e-01    0.345
    C_1     O_1     1  1.431096e-03  1.484083e-06     3.181498e-01    0.345
    C_1     O_2     1  1.997534e-03  2.891409e-06     3.363328e-01    0.345
   C_10    C_10     1  7.164942e-03  3.720029e-05     4.161235e-01    0.345
   C_10     C_8     1  7.345020e-03  3.909371e-05     4.178486e-01    0.345
   C_10    N_11     1  2.906492e-03  6.121518e-06     3.580264e-01    0.345
   C_10     N_9     1  9.805333e-03  6.966997e-05     4.384606e-01    0.345
   C_10   O1_11     1  3.165218e-03  7.259857e-06     3.631511e-01    0.345
   C_10   O2_11     1  3.088700e-03  6.913092e-06     3.616730e-01    0.345
   C_10   OG1_2     1  1.361054e-03  1.342369e-06     3.155000e-01    0.345
   C_10   OG_11     1  2.460802e-03  4.388076e-06     3.482301e-01    0.345
   C_10    O_10     1  1.889543e-03  2.587226e-06     3.332317e-01    0.345
   C_10     O_8     1  3.882337e-03  1.092213e-05     3.757241e-01    0.345
   C_10     O_9     1  2.167608e-03  3.404728e-06     3.409444e-01    0.345
   C_11    C_11     1  7.154929e-03  3.709638e-05     4.160265e-01    0.345
   C_11     C_8     1  5.462317e-03  2.162095e-05     3.977251e-01    0.345
   C_11     N_1     1  1.275633e-03  1.179159e-06     3.121101e-01    0.345
   C_11    N_10     1  9.496772e-03  6.535411e-05     4.361302e-01    0.345
   C_11     N_8     1  3.108291e-03  7.001067e-06     3.620543e-01    0.345
   C_11   O1_11     1  1.323769e-03  1.269830e-06     3.140428e-01    0.345
   C_11   O2_11     1  2.356019e-03  4.022336e-06     3.457137e-01    0.345
   C_11    OH_1     1  5.508805e-03  2.199053e-05     3.982872e-01    0.345
   C_11    O_10     1  3.398980e-03  8.371786e-06     3.674895e-01    0.345
   C_11     O_6     1  7.689904e-03  4.285118e-05     4.210564e-01    0.345
   C_11     O_8     1  1.971456e-03  2.816406e-06     3.355970e-01    0.345
    C_2     C_2     1  7.182299e-03  3.738074e-05     4.162914e-01    0.345
    C_2     N_2     1  8.442046e-03  5.164358e-05     4.276562e-01    0.345
    C_2     N_3     1  3.394261e-03  8.348558e-06     3.674044e-01    0.345
    C_2     N_4     1  2.609526e-03  4.934511e-06     3.516525e-01    0.345
    C_2   OH_10     1  3.177299e-03  7.315386e-06     3.633818e-01    0.345
    C_2     O_1     1  1.887453e-03  2.581506e-06     3.331702e-01    0.345
    C_2     O_2     1  1.394449e-03  1.409048e-06     3.167772e-01    0.345
    C_2     O_3     1  2.333044e-03  3.944270e-06     3.451495e-01    0.345
    C_3     C_3     1  7.201492e-03  3.758078e-05     4.164766e-01    0.345
    C_3     C_4     1  5.739759e-03  2.387307e-05     4.010228e-01    0.345
    C_3     N_4     1  2.064502e-03  3.088528e-06     3.381863e-01    0.345
    C_3     N_5     1  4.327421e-03  1.356998e-05     3.825824e-01    0.345
    C_3     O_2     1  1.675874e-03  2.035185e-06     3.266333e-01    0.345
    C_3     O_3     1  1.333366e-03  1.288307e-06     3.144211e-01    0.345
    C_3     O_4     1  1.858327e-03  2.502448e-06     3.323078e-01    0.345
    C_4     C_4     1  7.224124e-03  3.781736e-05     4.166944e-01    0.345
    C_4     N_4     1  7.964859e-03  4.597027e-05     4.235290e-01    0.345
    C_4     N_5     1  3.048384e-03  6.733801e-06     3.608819e-01    0.345
    C_4     N_6     1  5.523376e-03  2.210702e-05     3.984626e-01    0.345
    C_4     O_3     1  1.718989e-03  2.141250e-06     3.280190e-01    0.345
    C_4     O_4     1  1.156921e-03  9.699032e-07     3.070700e-01    0.345
    C_4     O_5     1  2.900755e-03  6.097374e-06     3.579085e-01    0.345
    C_5     C_5     1  7.243367e-03  3.801911e-05     4.168792e-01    0.345
    C_5     N_6     1  2.947164e-03  6.294040e-06     3.588565e-01    0.345
    C_5     N_7     1  3.323296e-03  8.003112e-06     3.661129e-01    0.345
    C_5     O_4     1  2.969885e-03  6.391463e-06     3.593162e-01    0.345
    C_5     O_5     1  1.165722e-03  9.847161e-07     3.074581e-01    0.345
    C_5     O_6     1  2.721895e-03  5.368634e-06     3.541322e-01    0.345
    C_6     C_6     1  7.215631e-03  3.772850e-05     4.166127e-01    0.345
    C_6     C_7     1  8.696678e-03  5.480595e-05     4.297795e-01    0.345
    C_6     N_7     1  2.496547e-03  4.516482e-06     3.490681e-01    0.345
    C_6     N_8     1  4.300601e-03  1.340230e-05     3.821862e-01    0.345
    C_6     O_5     1  2.235933e-03  3.622751e-06     3.427125e-01    0.345
    C_6     O_6     1  1.187027e-03  1.021039e-06     3.083876e-01    0.345
    C_6     O_7     1  3.045830e-03  6.722520e-06     3.608315e-01    0.345
    C_7     C_7     1  7.193524e-03  3.749767e-05     4.163997e-01    0.345
    C_7     N_7     1  1.013969e-02  7.450247e-05     4.409178e-01    0.345
    C_7     N_8     1  3.110753e-03  7.012163e-06     3.621021e-01    0.345
    C_7     N_9     1  2.123171e-03  3.266560e-06     3.397694e-01    0.345
    C_7   O1_11     1  2.457473e-03  4.376211e-06     3.481515e-01    0.345
    C_7    OG_8     1  1.050339e-03  7.994292e-07     3.021633e-01    0.345
    C_7     O_6     1  1.898597e-03  2.612080e-06     3.334973e-01    0.345
    C_7     O_7     1  1.150507e-03  9.591790e-07     3.067857e-01    0.345
    C_7     O_8     1  2.049787e-03  3.044658e-06     3.377834e-01    0.345
    C_8     C_8     1  7.186747e-03  3.742705e-05     4.163343e-01    0.345
    C_8    N_10     1  8.278136e-04  4.965764e-07     2.904082e-01    0.345
    C_8    N_11     1  2.224442e-03  3.585610e-06     3.424183e-01    0.345
    C_8     N_9     1  5.953282e-03  2.568229e-05     4.034715e-01    0.345
    C_8   O1_11     1  1.231796e-03  1.099509e-06     3.102963e-01    0.345
    C_8    OG_8     1  7.970244e-03  4.603246e-05     4.235767e-01    0.345
    C_8     O_7     1  2.555680e-03  4.732970e-06     3.504326e-01    0.345
    C_8     O_8     1  3.072751e-03  6.841885e-06     3.613611e-01    0.345
    C_8     O_9     1  8.544817e-04  5.290862e-07     2.919470e-01    0.345
    C_9     C_9     1  7.173476e-03  3.728896e-05     4.162061e-01    0.345
    C_9    N_10     1  2.605466e-03  4.919168e-06     3.515613e-01    0.345
    C_9    N_11     1  1.425069e-03  1.471610e-06     3.179261e-01    0.345
    C_9   O1_11     1  1.047029e-02  7.943987e-05     4.432819e-01    0.345
    C_9    O_10     1  2.480388e-03  4.458206e-06     3.486905e-01    0.345
    C_9     O_8     1  3.567250e-04  9.221213e-08     2.523921e-01    0.345
    C_9     O_9     1  1.266459e-03  1.162260e-06     3.117348e-01    0.345
    N_1     N_1     1  7.162260e-03  3.717244e-05     4.160976e-01    0.345
    N_1     N_2     1  4.249400e-03  1.308507e-05     3.814241e-01    0.345
    N_1   O1_11     1  6.669866e-04  3.223704e-07     2.801386e-01    0.345
    N_1   O2_11     1  5.438370e-04  2.143179e-07     2.707686e-01    0.345
    N_1   OG1_2     1  7.463401e-03  4.036402e-05     4.189636e-01    0.345
    N_1   OG_11     1  9.299634e-04  6.266898e-07     2.960950e-01    0.345
    N_1    OH_1     1  3.268071e-03  7.739338e-06     3.650918e-01    0.345
    N_1     O_1     1  1.065175e-02  8.221729e-05     4.445531e-01    0.345
   N_10    N_10     1  7.170652e-03  3.725960e-05     4.161788e-01    0.345
   N_10   O1_11     1  7.053141e-03  3.604840e-05     4.150342e-01    0.345
   N_10   OG1_2     1  5.571298e-03  2.249229e-05     3.990367e-01    0.345
   N_10    O_10     1  6.073382e-03  2.672896e-05     4.048169e-01    0.345
   N_10     O_8     1  7.199421e-04  3.755917e-07     2.837286e-01    0.345
   N_10     O_9     1  3.471800e-04  8.734346e-08     2.512538e-01    0.345
   N_11    N_11     1  7.163797e-03  3.718839e-05     4.161124e-01    0.345
   N_11     N_8     1  7.951899e-03  4.582080e-05     4.234141e-01    0.345
   N_11     N_9     1  5.010116e-03  1.818932e-05     3.920380e-01    0.345
   N_11   O1_11     1  4.586713e-03  1.524488e-05     3.863110e-01    0.345
   N_11   OG1_2     1  3.187474e-03  7.362312e-06     3.635755e-01    0.345
   N_11    O_10     1  7.035013e-04  3.586334e-07     2.826383e-01    0.345
   N_11     O_8     1  8.992458e-04  5.859732e-07     2.944421e-01    0.345
   N_11     O_9     1  2.929755e-03  6.219900e-06     3.585024e-01    0.345
    N_2     N_2     1  7.172401e-03  3.727778e-05     4.161957e-01    0.345
    N_2   OG1_2     1  7.660819e-03  4.252765e-05     4.207906e-01    0.345
    N_2   OG_11     1  4.962597e-03  1.784592e-05     3.914158e-01    0.345
    N_2   OH_10     1  2.753867e-03  5.495494e-06     3.548221e-01    0.345
    N_2     O_1     1  2.610606e-04  4.938595e-08     2.395946e-01    0.345
    N_2     O_2     1  2.191129e-03  3.479018e-06     3.415583e-01    0.345
    N_3     N_3     1  7.187249e-03  3.743229e-05     4.163392e-01    0.345
    N_3     N_4     1  8.513371e-03  5.251992e-05     4.282563e-01    0.345
    N_3   OG1_2     1  6.696640e-03  3.249637e-05     4.114619e-01    0.345
    N_3   OH_10     1  3.660335e-03  9.708732e-06     3.720548e-01    0.345
    N_3     O_1     1  3.768252e-03  1.028966e-05     3.738610e-01    0.345
    N_3     O_2     1  6.163017e-04  2.752375e-07     2.764728e-01    0.345
    N_3     O_3     1  5.670015e-03  2.329643e-05     4.002065e-01    0.345
    N_4     N_4     1  7.207635e-03  3.764493e-05     4.165358e-01    0.345
    N_4     O_2     1  2.620839e-03  4.977388e-06     3.519062e-01    0.345
    N_4     O_3     1  2.442919e-04  4.324531e-08     2.369582e-01    0.345
    N_4     O_4     1  1.837998e-03  2.447997e-06     3.316991e-01    0.345
    N_5     N_5     1  7.229958e-03  3.787847e-05     4.167505e-01    0.345
    N_5     O_3     1  4.484510e-03  1.457307e-05     3.848628e-01    0.345
    N_5     O_4     1  4.024415e-04  1.173617e-07     2.575158e-01    0.345
    N_5     O_5     1  3.532921e-03  9.044585e-06     3.698643e-01    0.345
    N_6     N_6     1  7.235578e-03  3.793738e-05     4.168045e-01    0.345
    N_6     O_4     1  6.900251e-03  3.450251e-05     4.135211e-01    0.345
    N_6     O_5     1  3.664646e-04  9.731614e-08     2.535277e-01    0.345
    N_6     O_6     1  3.920831e-03  1.113979e-05     3.763424e-01    0.345
    N_7     N_7     1  7.208578e-03  3.765478e-05     4.165448e-01    0.345
    N_7    OG_8     1  7.359261e-03  3.924545e-05     4.179835e-01    0.345
    N_7     O_5     1  3.952412e-03  1.131997e-05     3.768459e-01    0.345
    N_7     O_6     1  2.904295e-04  6.112266e-08     2.438898e-01    0.345
    N_7     O_7     1  2.591643e-03  4.867111e-06     3.512497e-01    0.345
    N_8     N_8     1  7.189965e-03  3.746058e-05     4.163654e-01    0.345
    N_8   O1_11     1  3.882073e-04  1.092064e-07     2.559749e-01    0.345
    N_8   O2_11     1  8.608219e-03  5.369669e-05     4.290478e-01    0.345
    N_8    OG_8     1  3.358132e-03  8.171777e-06     3.667497e-01    0.345
    N_8     O_6     1  3.600266e-03  9.392691e-06     3.710302e-01    0.345
    N_8     O_7     1  3.952327e-04  1.131949e-07     2.567412e-01    0.345
    N_9     N_9     1  7.173086e-03  3.728490e-05     4.162023e-01    0.345
    N_9   O1_11     1  7.331499e-03  3.894992e-05     4.177203e-01    0.345
    N_9    OG_8     1  5.355000e-03  2.077973e-05     3.964119e-01    0.345
    N_9     O_7     1  3.161946e-03  7.244857e-06     3.630886e-01    0.345
    N_9     O_8     1  3.299774e-03  7.890225e-06     3.656797e-01    0.345
    N_9     O_9     1  4.256421e-03  1.312835e-05     3.815290e-01    0.345
  O1_11   O1_11     1  7.154600e-03  3.709297e-05     4.160234e-01    0.345
  O1_11   O2_11     1  2.754655e-04  5.498639e-08     2.417490e-01    0.345
  O1_11   OG_11     1  5.008713e-03  1.817913e-05     3.920197e-01    0.345
  O1_11    OG_8     1  4.164312e-03  1.256630e-05     3.801404e-01    0.345
  O1_11    OH_1     1  5.998905e-03  2.607744e-05     4.039852e-01    0.345
  O1_11    O_10     1  4.417453e-03  1.414050e-05     3.838977e-01    0.345
  O1_11     O_6     1  3.700572e-03  9.923359e-06     3.727334e-01    0.345
  O1_11     O_8     1  3.542086e-04  9.091576e-08     2.520945e-01    0.345
  O2_11   O2_11     1  7.157754e-03  3.712569e-05     4.160539e-01    0.345
  O2_11    OH_1     1  1.186084e-03  1.019417e-06     3.083468e-01    0.345
  O2_11    O_10     1  5.571080e-03  2.249053e-05     3.990341e-01    0.345
  O2_11     O_6     1  4.847948e-03  1.703087e-05     3.898939e-01    0.345
  O2_11     O_8     1  8.323278e-03  5.020069e-05     4.266475e-01    0.345
  OG1_2   OG1_2     1  7.181376e-03  3.737113e-05     4.162824e-01    0.345
  OG1_2   OG_11     1  2.907490e-04  6.125722e-08     2.439345e-01    0.345
  OG1_2    OH_1     1  6.070808e-03  2.670631e-05     4.047883e-01    0.345
  OG1_2     O_1     1  2.953269e-04  6.320142e-08     2.445704e-01    0.345
  OG1_2    O_10     1  2.421946e-04  4.250595e-08     2.366179e-01    0.345
  OG_11   OG_11     1  7.158297e-03  3.713131e-05     4.160592e-01    0.345
  OG_11    OH_1     1  2.665648e-04  5.149045e-08     2.404292e-01    0.345
  OG_11     O_1     1  3.782349e-04  1.036679e-07     2.548671e-01    0.345
  OG_11    O_10     1  1.597432e-03  1.849123e-06     3.240340e-01    0.345
   OG_8    OG_8     1  7.207137e-03  3.763973e-05     4.165310e-01    0.345
   OG_8     O_7     1  1.289455e-03  1.204850e-06     3.126712e-01    0.345
   OG_8     O_8     1  5.301027e-03  2.036296e-05     3.957432e-01    0.345
   OH_1    OH_1     1  1.523863e-03  1.682724e-06     3.214977e-01    0.345
   OH_1     O_1     1  9.371305e-03  6.363867e-05     4.351645e-01    0.345
  OH_10   OH_10     1  7.188935e-03  3.744985e-05     4.163554e-01    0.345
  OH_10     O_1     1  4.579619e-03  1.519776e-05     3.862114e-01    0.345
  OH_10     O_2     1  1.076615e-03  8.399275e-07     3.034102e-01    0.345
    O_1     O_1     1  7.171032e-03  3.726355e-05     4.161824e-01    0.345
    O_1    O_10     1  9.556574e-03  6.617979e-05     4.365867e-01    0.345
    O_1     O_2     1  7.908530e-04  4.532236e-07     2.882058e-01    0.345
   O_10    O_10     1  7.163514e-03  3.718546e-05     4.161097e-01    0.345
   O_10     O_9     1  2.421815e-03  4.250135e-06     3.473044e-01    0.345
    O_2     O_2     1  7.180748e-03  3.736459e-05     4.162764e-01    0.345
    O_2     O_3     1  4.443809e-03  1.430974e-05     3.842785e-01    0.345
    O_3     O_3     1  7.202952e-03  3.759603e-05     4.164906e-01    0.345
    O_3     O_4     1  6.818972e-04  3.369448e-07     2.811728e-01    0.345
    O_4     O_4     1  7.223888e-03  3.781490e-05     4.166922e-01    0.345
    O_4     O_5     1  1.993493e-03  2.879722e-06     3.362193e-01    0.345
    O_5     O_5     1  7.243677e-03  3.802236e-05     4.168822e-01    0.345
    O_5     O_6     1  1.901586e-03  2.620310e-06     3.335847e-01    0.345
    O_6     O_6     1  7.214509e-03  3.771676e-05     4.166019e-01    0.345
    O_6     O_7     1  1.195915e-03  1.036387e-06     3.087713e-01    0.345
    O_7     O_7     1  7.193411e-03  3.749650e-05     4.163986e-01    0.345
    O_7     O_8     1  6.782815e-03  3.333810e-05     4.123397e-01    0.345
    O_8     O_8     1  7.185557e-03  3.741466e-05     4.163228e-01    0.345
    O_8     O_9     1  1.012201e-03  7.424276e-07     3.003064e-01    0.345
    O_9     O_9     1  7.174274e-03  3.729726e-05     4.162138e-01    0.345