   ; ai      aj  type            c6           c12            sigma  epsilon
   CA_1    CA_1     1  7.268038e-03  3.773170e-05  ;  4.161164e-01     0.35
   CA_1    CB_1     1  8.372554e-03  5.007119e-05  ;  4.260445e-01     0.35
   CA_1   CB_11     1  7.324248e-03  3.831758e-05  ;  4.166511e-01     0.35
   CA_1    CB_2     1  6.852126e-03  3.353688e-05  ;  4.120496e-01     0.35
   CA_1   CD1_1     1  4.157811e-03  1.234814e-05  ;  3.791311e-01     0.35
   CA_1  CE2_10     1  5.607851e-03  2.246286e-05  ;  3.985151e-01     0.35
   CA_1    CG_1     1  9.992658e-03  7.132373e-05  ;  4.387921e-01     0.35
   CA_1   CZ_10     1  1.035794e-02  7.663359e-05  ;  4.414257e-01     0.35
   CA_1     C_1     1  6.189774e-03  2.736664e-05  ;  4.051269e-01     0.35
   CA_1    C_11     1  5.762179e-03  2.371622e-05  ;  4.003223e-01     0.35
   CA_1     C_2     1  5.727355e-03  2.343043e-05  ;  3.999181e-01     0.35
   CA_1     N_1     1  1.980976e-03  2.803047e-06  ;  3.350620e-01     0.35
   CA_1     N_2     1  5.934448e-03  2.515548e-05  ;  4.022926e-01     0.35
   CA_1   O1_11     1  4.346606e-03  1.349499e-05  ;  3.819475e-01     0.35
   CA_1   O2_11     1  2.013537e-03  2.895951e-06  ;  3.359737e-01     0.35
   CA_1   OG1_2     1  3.521114e-03  8.855889e-06  ;  3.687726e-01     0.35
   CA_1   OG_11     1  2.636694e-03  4.965826e-06  ;  3.514163e-01     0.35
   CA_1    OH_1     1  4.669393e-03  1.557374e-05  ;  3.865349e-01     0.35
   CA_1   OH_10     1  5.385034e-03  2.071328e-05  ;  3.958312e-01     0.35
   CA_1     O_1     1  1.738768e-03  2.159510e-06  ;  3.278579e-01     0.35
   CA_1     O_2     1  8.119104e-03  4.708561e-05  ;  4.238674e-01     0.35
  CA_10   CA_10     1  7.273051e-03  3.778377e-05  ;  4.161642e-01     0.35
  CA_10   CB_10     1  3.412818e-03  8.319518e-06  ;  3.668576e-01     0.35
  CA_10   CB_11     1  5.440104e-03  2.113909e-05  ;  3.965030e-01     0.35
  CA_10    CB_2     1  9.844048e-03  6.921805e-05  ;  4.376977e-01     0.35
  CA_10    CB_9     1  6.360849e-03  2.890029e-05  ;  4.069720e-01     0.35
  CA_10  CD1_10     1  8.371603e-03  5.005981e-05  ;  4.260365e-01     0.35
  CA_10  CE1_10     1  1.076962e-02  8.284621e-05  ;  4.443025e-01     0.35
  CA_10   CG2_2     1  4.804221e-03  1.648610e-05  ;  3.883731e-01     0.35
  CA_10    C_10     1  5.919477e-03  2.502872e-05  ;  4.021233e-01     0.35
  CA_10    C_11     1  8.443772e-03  5.092663e-05  ;  4.266464e-01     0.35
  CA_10     C_8     1  5.916409e-03  2.500278e-05  ;  4.020885e-01     0.35
  CA_10     C_9     1  8.758305e-03  5.479136e-05  ;  4.292550e-01     0.35
  CA_10    N_10     1  5.334108e-03  2.032337e-05  ;  3.952049e-01     0.35
  CA_10    N_11     1  8.046815e-03  4.625088e-05  ;  4.232361e-01     0.35
  CA_10     N_9     1  4.703109e-03  1.579945e-05  ;  3.869987e-01     0.35
  CA_10   O1_11     1  1.058074e-02  7.996574e-05  ;  4.429942e-01     0.35
  CA_10   OG1_2     1  6.903808e-03  3.404469e-05  ;  4.125660e-01     0.35
  CA_10    O_10     1  2.013354e-03  2.895425e-06  ;  3.359686e-01     0.35
  CA_10     O_8     1  3.801055e-03  1.032001e-05  ;  3.735047e-01     0.35
  CA_10     O_9     1  3.108253e-04  6.900885e-08  ;  2.460734e-01     0.35
  CA_11   CA_11     1  7.265176e-03  3.770199e-05  ;  4.160891e-01     0.35
  CA_11   CB_10     1  5.704762e-03  2.324594e-05  ;  3.996547e-01     0.35
  CA_11   CB_11     1  2.720712e-03  5.287340e-06  ;  3.532583e-01     0.35
  CA_11    CB_8     1  5.774315e-03  2.381623e-05  ;  4.004627e-01     0.35
  CA_11   CD1_1     1  4.338264e-03  1.344324e-05  ;  3.818253e-01     0.35
  CA_11   CE1_1     1  1.730754e-03  2.139649e-06  ;  3.276055e-01     0.35
  CA_11   CE2_1     1  9.285073e-03  6.158042e-05  ;  4.334539e-01     0.35
  CA_11    CZ_1     1  3.302307e-03  7.789450e-06  ;  3.648505e-01     0.35
  CA_11    C_10     1  6.927468e-03  3.427843e-05  ;  4.128013e-01     0.35
  CA_11    C_11     1  5.737153e-03  2.351066e-05  ;  4.000320e-01     0.35
  CA_11     C_8     1  7.752358e-03  4.292790e-05  ;  4.206146e-01     0.35
  CA_11     C_9     1  1.078310e-02  8.305375e-05  ;  4.443951e-01     0.35
  CA_11    N_10     1  3.679165e-03  9.668753e-06  ;  3.714812e-01     0.35
  CA_11    N_11     1  6.901045e-03  3.401745e-05  ;  4.125385e-01     0.35
  CA_11     N_8     1  1.020439e-02  7.437823e-05  ;  4.403282e-01     0.35
  CA_11   O1_11     1  1.487359e-03  1.580170e-06  ;  3.194341e-01     0.35
  CA_11   O2_11     1  8.031394e-03  4.607378e-05  ;  4.231008e-01     0.35
  CA_11   OG1_2     1  2.435600e-03  4.237250e-06  ;  3.468005e-01     0.35
  CA_11    OH_1     1  3.946899e-03  1.112715e-05  ;  3.758559e-01     0.35
  CA_11     O_1     1  9.253859e-03  6.116707e-05  ;  4.332107e-01     0.35
  CA_11    O_10     1  2.817085e-04  5.668547e-08  ;  2.420724e-01     0.35
  CA_11     O_8     1  3.539912e-03  8.950699e-06  ;  3.691000e-01     0.35
   CA_2    CA_2     1  7.283532e-03  3.789274e-05  ;  4.162641e-01     0.35
   CA_2    CB_1     1  5.038687e-03  1.813455e-05  ;  3.914698e-01     0.35
   CA_2    CB_2     1  3.699800e-03  9.777514e-06  ;  3.718277e-01     0.35
   CA_2    CB_3     1  6.634168e-03  3.143728e-05  ;  4.098357e-01     0.35
   CA_2   CG1_3     1  6.952230e-03  3.452393e-05  ;  4.130469e-01     0.35
   CA_2     C_1     1  4.931841e-03  1.737361e-05  ;  3.900738e-01     0.35
   CA_2     C_2     1  3.878758e-03  1.074626e-05  ;  3.747665e-01     0.35
   CA_2     C_3     1  5.873223e-03  2.463911e-05  ;  4.015979e-01     0.35
   CA_2     N_1     1  8.410369e-03  5.052450e-05  ;  4.263646e-01     0.35
   CA_2     N_2     1  7.291165e-03  3.797221e-05  ;  4.163368e-01     0.35
   CA_2   OG1_2     1  6.199912e-03  2.745636e-05  ;  4.052375e-01     0.35
   CA_2   OG_11     1  9.423423e-03  6.342922e-05  ;  4.345237e-01     0.35
   CA_2   OH_10     1  4.594596e-03  1.507880e-05  ;  3.854960e-01     0.35
   CA_2     O_1     1  3.164430e-04  7.152583e-08  ;  2.468091e-01     0.35
   CA_2    O_10     1  8.157904e-03  4.753671e-05  ;  4.242043e-01     0.35
   CA_2     O_2     1  7.957352e-04  4.522818e-07  ;  2.878106e-01     0.35
   CA_2     O_3     1  8.512242e-03  5.175591e-05  ;  4.272211e-01     0.35
   CA_3    CA_3     1  7.296068e-03  3.802329e-05  ;  4.163835e-01     0.35
   CA_3    CB_2     1  6.482758e-03  3.001868e-05  ;  4.082617e-01     0.35
   CA_3    CB_3     1  4.132546e-03  1.219853e-05  ;  3.787462e-01     0.35
   CA_3    CB_4     1  6.410813e-03  2.935609e-05  ;  4.075030e-01     0.35
   CA_3    CB_9     1  1.091020e-02  8.502324e-05  ;  4.452639e-01     0.35
   CA_3   CG1_3     1  9.869670e-03  6.957885e-05  ;  4.378874e-01     0.35
   CA_3   CG2_2     1  6.523721e-03  3.039924e-05  ;  4.086905e-01     0.35
   CA_3   CG2_3     1  8.682457e-03  5.384647e-05  ;  4.286332e-01     0.35
   CA_3    CG_9     1  9.778573e-03  6.830034e-05  ;  4.372112e-01     0.35
   CA_3     C_3     1  5.593574e-03  2.234862e-05  ;  3.983458e-01     0.35
   CA_3     C_4     1  6.915917e-03  3.416422e-05  ;  4.126865e-01     0.35
   CA_3     N_2     1  7.313089e-03  3.820091e-05  ;  4.165452e-01     0.35
   CA_3     N_3     1  4.621896e-03  1.525852e-05  ;  3.858768e-01     0.35
   CA_3     N_4     1  6.402323e-03  2.927839e-05  ;  4.074130e-01     0.35
   CA_3   OH_10     1  7.168193e-03  3.670214e-05  ;  4.151582e-01     0.35
   CA_3     O_2     1  3.115464e-04  6.932941e-08  ;  2.461685e-01     0.35
   CA_3     O_3     1  1.377517e-03  1.355396e-06  ;  3.153757e-01     0.35
   CA_3     O_4     1  7.887220e-03  4.443446e-05  ;  4.218253e-01     0.35
   CA_4    CA_4     1  7.322719e-03  3.830158e-05  ;  4.166366e-01     0.35
   CA_4    CB_3     1  6.434179e-03  2.957047e-05  ;  4.077502e-01     0.35
   CA_4    CB_4     1  4.613863e-03  1.520552e-05  ;  3.857650e-01     0.35
   CA_4    CB_5     1  6.340737e-03  2.871781e-05  ;  4.067572e-01     0.35
   CA_4    CB_7     1  8.430557e-03  5.076736e-05  ;  4.265350e-01     0.35
   CA_4    CB_9     1  9.765942e-03  6.812402e-05  ;  4.371170e-01     0.35
   CA_4   CD1_7     1  4.675204e-03  1.561253e-05  ;  3.866151e-01     0.35
   CA_4   CG2_3     1  3.224844e-03  7.428298e-06  ;  3.634099e-01     0.35
   CA_4    CG_9     1  7.124314e-03  3.625418e-05  ;  4.147336e-01     0.35
   CA_4     C_3     1  5.261122e-03  1.977100e-05  ;  3.942984e-01     0.35
   CA_4     C_4     1  3.355632e-03  8.043049e-06  ;  3.658258e-01     0.35
   CA_4     C_5     1  8.191655e-03  4.793086e-05  ;  4.244963e-01     0.35
   CA_4     N_3     1  6.454310e-03  2.975580e-05  ;  4.079626e-01     0.35
   CA_4     N_4     1  6.796791e-03  3.299741e-05  ;  4.114932e-01     0.35
   CA_4     O_3     1  3.186703e-04  7.253625e-08  ;  2.470978e-01     0.35
   CA_4     O_4     1  4.732210e-04  1.599558e-07  ;  2.639303e-01     0.35
   CA_4     O_5     1  9.730750e-03  6.763392e-05  ;  4.368541e-01     0.35
   CA_5    CA_5     1  7.342056e-03  3.850413e-05  ;  4.168197e-01     0.35
   CA_5    CB_4     1  6.477491e-03  2.996992e-05  ;  4.082064e-01     0.35
   CA_5    CB_5     1  8.325484e-03  4.950978e-05  ;  4.256444e-01     0.35
   CA_5    CB_6     1  6.959127e-03  3.459246e-05  ;  4.131151e-01     0.35
   CA_5   CD1_7     1  7.805915e-03  4.352308e-05  ;  4.210975e-01     0.35
   CA_5   CD2_6     1  5.906889e-03  2.492239e-05  ;  4.019806e-01     0.35
   CA_5     C_5     1  3.529454e-03  8.897889e-06  ;  3.689181e-01     0.35
   CA_5     C_6     1  6.417098e-03  2.941368e-05  ;  4.075696e-01     0.35
   CA_5     N_4     1  7.378119e-03  3.888332e-05  ;  4.171603e-01     0.35
   CA_5     N_5     1  4.059078e-03  1.176865e-05  ;  3.776156e-01     0.35
   CA_5     O_4     1  3.073671e-04  6.748182e-08  ;  2.456150e-01     0.35
   CA_5     O_5     1  5.240545e-04  1.961665e-07  ;  2.684570e-01     0.35
   CA_5     O_6     1  9.214817e-03  6.065204e-05  ;  4.329055e-01     0.35
   CA_6    CA_6     1  7.332422e-03  3.840315e-05  ;  4.167285e-01     0.35
   CA_6    CB_5     1  6.529864e-03  3.045652e-05  ;  4.087546e-01     0.35
   CA_6    CB_6     1  6.640462e-03  3.149695e-05  ;  4.099004e-01     0.35
   CA_6    CB_7     1  6.651285e-03  3.159971e-05  ;  4.100117e-01     0.35
   CA_6   CD1_6     1  6.167123e-03  2.716672e-05  ;  4.048795e-01     0.35
   CA_6   CD2_6     1  2.387141e-03  4.070314e-06  ;  3.456408e-01     0.35
   CA_6   CD2_7     1  3.313104e-03  7.840472e-06  ;  3.650490e-01     0.35
   CA_6    CG_6     1  1.711287e-03  2.091789e-06  ;  3.269885e-01     0.35
   CA_6    CG_7     1  4.515546e-03  1.456440e-05  ;  3.843826e-01     0.35
   CA_6     C_6     1  4.051599e-03  1.172532e-05  ;  3.774995e-01     0.35
   CA_6     C_7     1  8.295648e-03  4.915555e-05  ;  4.253898e-01     0.35
   CA_6     N_5     1  8.566233e-03  5.241453e-05  ;  4.276715e-01     0.35
   CA_6     N_6     1  4.380038e-03  1.370338e-05  ;  3.824356e-01     0.35
   CA_6     N_7     1  1.028542e-02  7.556417e-05  ;  4.409090e-01     0.35
   CA_6     O_5     1  3.141347e-04  7.048615e-08  ;  2.465082e-01     0.35
   CA_6     O_6     1  6.842834e-04  3.344598e-07  ;  2.806627e-01     0.35
   CA_7    CA_7     1  7.305346e-03  3.812006e-05  ;  4.164717e-01     0.35
   CA_7    CB_4     1  8.271343e-03  4.886794e-05  ;  4.251818e-01     0.35
   CA_7    CB_6     1  6.803742e-03  3.306493e-05  ;  4.115633e-01     0.35
   CA_7    CB_7     1  6.899813e-03  3.400530e-05  ;  4.125262e-01     0.35
   CA_7    CB_8     1  7.189507e-03  3.692073e-05  ;  4.153637e-01     0.35
   CA_7   CD1_6     1  4.040293e-03  1.165998e-05  ;  3.773237e-01     0.35
   CA_7   CD1_7     1  2.955231e-03  6.238137e-06  ;  3.581601e-01     0.35
   CA_7    CD_9     1  5.035630e-03  1.811255e-05  ;  3.914302e-01     0.35
   CA_7    CG_6     1  7.163080e-03  3.664980e-05  ;  4.151088e-01     0.35
   CA_7    CG_7     1  3.987703e-03  1.135841e-05  ;  3.765007e-01     0.35
   CA_7     C_6     1  8.579948e-03  5.258250e-05  ;  4.277855e-01     0.35
   CA_7     C_7     1  3.241083e-03  7.503298e-06  ;  3.637143e-01     0.35
   CA_7     C_8     1  6.578066e-03  3.090782e-05  ;  4.092560e-01     0.35
   CA_7     N_6     1  6.520946e-03  3.037338e-05  ;  4.086615e-01     0.35
   CA_7     N_7     1  5.008210e-03  1.791583e-05  ;  3.910741e-01     0.35
   CA_7     N_9     1  1.002587e-02  7.179856e-05  ;  4.390348e-01     0.35
   CA_7   O1_11     1  3.305233e-03  7.803263e-06  ;  3.649043e-01     0.35
   CA_7    OG_8     1  5.953262e-03  2.531523e-05  ;  4.025049e-01     0.35
   CA_7     O_6     1  3.182240e-04  7.233322e-08  ;  2.470401e-01     0.35
   CA_7     O_7     1  4.659321e-04  1.550663e-07  ;  2.632484e-01     0.35
   CA_7     O_8     1  5.644516e-03  2.275754e-05  ;  3.989481e-01     0.35
   CA_8    CA_8     1  7.298575e-03  3.804942e-05  ;  4.164073e-01     0.35
   CA_8    CB_7     1  5.690221e-03  2.312758e-05  ;  3.994847e-01     0.35
   CA_8    CB_8     1  7.528859e-03  4.048837e-05  ;  4.185688e-01     0.35
   CA_8    CB_9     1  8.345521e-03  4.974837e-05  ;  4.258149e-01     0.35
   CA_8  CD1_10     1  8.689439e-03  5.393311e-05  ;  4.286906e-01     0.35
   CA_8    CD_3     1  6.066156e-03  2.628446e-05  ;  4.037671e-01     0.35
   CA_8    CD_9     1  4.269584e-04  1.302096e-07  ;  2.594436e-01     0.35
   CA_8  CE1_10     1  8.231356e-03  4.839659e-05  ;  4.248385e-01     0.35
   CA_8    CG_9     1  4.611262e-03  1.518838e-05  ;  3.857287e-01     0.35
   CA_8    C_11     1  6.200620e-03  2.746263e-05  ;  4.052452e-01     0.35
   CA_8     C_8     1  4.021184e-03  1.154994e-05  ;  3.770257e-01     0.35
   CA_8     C_9     1  5.453174e-03  2.124079e-05  ;  3.966617e-01     0.35
   CA_8    N_10     1  5.569627e-03  2.215767e-05  ;  3.980610e-01     0.35
   CA_8    N_11     1  5.849753e-03  2.444258e-05  ;  4.013300e-01     0.35
   CA_8     N_7     1  7.480386e-03  3.996870e-05  ;  4.181184e-01     0.35
   CA_8     N_8     1  3.903675e-03  1.088477e-05  ;  3.751667e-01     0.35
   CA_8     N_9     1  8.000418e-03  4.571907e-05  ;  4.228284e-01     0.35
   CA_8   O1_11     1  1.245513e-03  1.108074e-06  ;  3.101250e-01     0.35
   CA_8    OG_8     1  6.336746e-03  2.868168e-05  ;  4.067145e-01     0.35
   CA_8     O_7     1  3.084017e-04  6.793688e-08  ;  2.457526e-01     0.35
   CA_8     O_8     1  2.466493e-03  4.345420e-06  ;  3.475297e-01     0.35
   CA_8     O_9     1  5.194683e-03  1.927481e-05  ;  3.934641e-01     0.35
   CA_9    CA_9     1  7.280132e-03  3.785737e-05  ;  4.162317e-01     0.35
   CA_9   CB_10     1  7.071921e-03  3.572291e-05  ;  4.142237e-01     0.35
   CA_9    CB_2     1  8.620421e-03  5.307975e-05  ;  4.281212e-01     0.35
   CA_9    CB_4     1  8.950865e-03  5.722714e-05  ;  4.308137e-01     0.35
   CA_9    CB_8     1  5.858391e-03  2.451482e-05  ;  4.014287e-01     0.35
   CA_9    CB_9     1  4.735640e-03  1.601878e-05  ;  3.874436e-01     0.35
   CA_9  CD1_10     1  4.614710e-03  1.521111e-05  ;  3.857768e-01     0.35
   CA_9    CD_9     1  2.381268e-03  4.050311e-06  ;  3.454989e-01     0.35
   CA_9   CG2_2     1  2.136867e-03  3.261571e-06  ;  3.393190e-01     0.35
   CA_9   CG_10     1  9.950838e-03  7.072798e-05  ;  4.384855e-01     0.35
   CA_9    CG_9     1  1.081759e-03  8.358589e-07  ;  3.029240e-01     0.35
   CA_9    C_10     1  8.019470e-03  4.593708e-05  ;  4.229960e-01     0.35
   CA_9     C_8     1  8.796470e-03  5.526992e-05  ;  4.295662e-01     0.35
   CA_9     C_9     1  4.408749e-03  1.388362e-05  ;  3.828523e-01     0.35
   CA_9    N_10     1  1.030774e-02  7.589246e-05  ;  4.410683e-01     0.35
   CA_9    N_11     1  6.399080e-03  2.924873e-05  ;  4.073786e-01     0.35
   CA_9     N_8     1  5.177549e-03  1.914787e-05  ;  3.932476e-01     0.35
   CA_9     N_9     1  4.446407e-03  1.412181e-05  ;  3.833954e-01     0.35
   CA_9    O_10     1  8.698573e-03  5.404655e-05  ;  4.287657e-01     0.35
   CA_9     O_8     1  2.793204e-04  5.572848e-08  ;  2.417292e-01     0.35
   CA_9     O_9     1  8.301848e-04  4.922906e-07  ;  2.898508e-01     0.35
   CB_1    CB_1     1  7.265320e-03  3.770348e-05  ;  4.160905e-01     0.35
   CB_1   CD1_1     1  3.170661e-03  7.180779e-06  ;  3.623851e-01     0.35
   CB_1   CD2_1     1  6.878688e-03  3.379740e-05  ;  4.123154e-01     0.35
   CB_1  CD2_10     1  1.861035e-03  2.473893e-06  ;  3.315923e-01     0.35
   CB_1    CD_3     1  7.506907e-03  4.025261e-05  ;  4.183651e-01     0.35
   CB_1   CE1_1     1  7.445119e-03  3.959272e-05  ;  4.177893e-01     0.35
   CB_1  CE2_10     1  9.896659e-04  6.995990e-07  ;  2.984650e-01     0.35
   CB_1    CG_1     1  6.700710e-03  3.207108e-05  ;  4.105179e-01     0.35
   CB_1   CG_10     1  9.715398e-03  6.742069e-05  ;  4.367391e-01     0.35
   CB_1   CZ_10     1  2.202911e-03  3.466297e-06  ;  3.410448e-01     0.35
   CB_1     C_1     1  8.828702e-03  5.567570e-05  ;  4.298281e-01     0.35
   CB_1    C_11     1  9.581113e-03  6.556980e-05  ;  4.357272e-01     0.35
   CB_1     C_2     1  9.214310e-03  6.064536e-05  ;  4.329015e-01     0.35
   CB_1     N_1     1  3.386266e-03  8.190568e-06  ;  3.663803e-01     0.35
   CB_1     N_2     1  5.719130e-04  2.336318e-07  ;  2.723957e-01     0.35
   CB_1   O1_11     1  6.789233e-03  3.292406e-05  ;  4.114169e-01     0.35
   CB_1   O2_11     1  4.939870e-03  1.743023e-05  ;  3.901796e-01     0.35
   CB_1   OH_10     1  1.410211e-03  1.420496e-06  ;  3.166110e-01     0.35
   CB_1     O_1     1  3.890139e-03  1.080941e-05  ;  3.749496e-01     0.35
   CB_1     O_2     1  1.003710e-02  7.195951e-05  ;  4.391168e-01     0.35
  CB_10   CB_10     1  7.276649e-03  3.782116e-05  ;  4.161986e-01     0.35
  CB_10  CD1_10     1  2.339025e-03  3.907886e-06  ;  3.444698e-01     0.35
  CB_10   CD2_1     1  5.377161e-03  2.065276e-05  ;  3.957347e-01     0.35
  CB_10  CD2_10     1  3.295287e-03  7.756370e-06  ;  3.647211e-01     0.35
  CB_10  CE1_10     1  2.464502e-03  4.338407e-06  ;  3.474830e-01     0.35
  CB_10   CE2_1     1  6.360341e-03  2.889567e-05  ;  4.069666e-01     0.35
  CB_10  CE2_10     1  3.457894e-03  8.540735e-06  ;  3.676607e-01     0.35
  CB_10   CG_10     1  2.768677e-03  5.475410e-06  ;  3.542888e-01     0.35
  CB_10   CZ_10     1  3.005445e-03  6.451930e-06  ;  3.591673e-01     0.35
  CB_10    C_10     1  8.791866e-03  5.521208e-05  ;  4.295287e-01     0.35
  CB_10     C_9     1  1.116078e-03  8.897355e-07  ;  3.045050e-01     0.35
  CB_10    N_10     1  9.778207e-03  6.829523e-05  ;  4.372084e-01     0.35
  CB_10    N_11     1  7.173587e-04  3.675739e-07  ;  2.828794e-01     0.35
  CB_10   OH_10     1  7.645446e-03  4.175203e-05  ;  4.196422e-01     0.35
  CB_10    O_10     1  9.608394e-03  6.594374e-05  ;  4.359337e-01     0.35
  CB_10     O_8     1  5.480480e-03  2.145404e-05  ;  3.969920e-01     0.35
  CB_10     O_9     1  1.666725e-03  1.984267e-06  ;  3.255537e-01     0.35
  CB_11   CB_11     1  7.263402e-03  3.768358e-05  ;  4.160722e-01     0.35
  CB_11    CB_2     1  6.479185e-03  2.998560e-05  ;  4.082242e-01     0.35
  CB_11    CB_8     1  4.009685e-03  1.148398e-05  ;  3.768458e-01     0.35
  CB_11   CD1_1     1  8.414484e-03  5.057396e-05  ;  4.263994e-01     0.35
  CB_11   CE1_1     1  2.351382e-03  3.949285e-06  ;  3.447724e-01     0.35
  CB_11   CE2_1     1  5.876445e-03  2.466615e-05  ;  4.016346e-01     0.35
  CB_11   CG2_2     1  8.464526e-03  5.117728e-05  ;  4.268210e-01     0.35
  CB_11    CZ_1     1  2.378788e-03  4.041880e-06  ;  3.454389e-01     0.35
  CB_11     C_1     1  3.490933e-03  8.704726e-06  ;  3.682439e-01     0.35
  CB_11    C_10     1  6.836873e-04  3.338773e-07  ;  2.806219e-01     0.35
  CB_11    C_11     1  8.524170e-03  5.190106e-05  ;  4.273208e-01     0.35
  CB_11     N_1     1  4.732227e-03  1.599570e-05  ;  3.873970e-01     0.35
  CB_11    N_10     1  8.167844e-03  4.765263e-05  ;  4.242904e-01     0.35
  CB_11    N_11     1  6.054335e-03  2.618212e-05  ;  4.036359e-01     0.35
  CB_11     N_2     1  8.380671e-03  5.016832e-05  ;  4.261133e-01     0.35
  CB_11   O1_11     1  6.786766e-03  3.290014e-05  ;  4.113920e-01     0.35
  CB_11   O2_11     1  7.043685e-03  3.543821e-05  ;  4.139475e-01     0.35
  CB_11   OG1_2     1  1.163303e-03  9.666247e-07  ;  3.066155e-01     0.35
  CB_11   OG_11     1  2.534667e-03  4.588954e-06  ;  3.491126e-01     0.35
  CB_11    OG_8     1  8.328221e-03  4.954234e-05  ;  4.256677e-01     0.35
  CB_11    OH_1     1  1.768771e-03  2.234680e-06  ;  3.287940e-01     0.35
  CB_11     O_1     1  1.596825e-03  1.821321e-06  ;  3.232374e-01     0.35
  CB_11    O_10     1  8.451692e-04  5.102221e-07  ;  2.907162e-01     0.35
  CB_11     O_8     1  1.068019e-02  8.147611e-05  ;  4.436854e-01     0.35
   CB_2    CB_2     1  7.288818e-03  3.794776e-05  ;  4.163145e-01     0.35
   CB_2    CB_9     1  3.630197e-03  9.413093e-06  ;  3.706526e-01     0.35
   CB_2   CG2_2     1  3.051687e-03  6.651994e-06  ;  3.600825e-01     0.35
   CB_2     C_1     1  9.845925e-04  6.924446e-07  ;  2.982095e-01     0.35
   CB_2    C_10     1  3.894303e-03  1.083257e-05  ;  3.750164e-01     0.35
   CB_2     C_9     1  8.029713e-03  4.605449e-05  ;  4.230860e-01     0.35
   CB_2    N_10     1  4.662873e-03  1.553028e-05  ;  3.864449e-01     0.35
   CB_2    N_11     1  1.065381e-02  8.107400e-05  ;  4.435026e-01     0.35
   CB_2     N_2     1  7.222966e-03  3.726517e-05  ;  4.156852e-01     0.35
   CB_2     N_3     1  9.093318e-04  5.906317e-07  ;  2.942834e-01     0.35
   CB_2   OG1_2     1  8.931778e-03  5.698333e-05  ;  4.306604e-01     0.35
   CB_2   OG_11     1  2.971547e-03  6.307208e-06  ;  3.584889e-01     0.35
   CB_2     O_1     1  5.484394e-04  2.148470e-07  ;  2.704997e-01     0.35
   CB_2    O_10     1  1.061338e-03  8.045981e-07  ;  3.019634e-01     0.35
   CB_2     O_2     1  4.897500e-03  1.713251e-05  ;  3.896198e-01     0.35
   CB_2     O_9     1  9.100005e-03  5.915006e-05  ;  4.320018e-01     0.35
   CB_3    CB_3     1  7.292483e-03  3.798594e-05  ;  4.163494e-01     0.35
   CB_3    CB_8     1  1.029241e-02  7.566695e-05  ;  4.409590e-01     0.35
   CB_3    CD_3     1  1.071907e-02  8.207033e-05  ;  4.439542e-01     0.35
   CB_3   CG1_3     1  3.074258e-03  6.750758e-06  ;  3.605250e-01     0.35
   CB_3   CG2_3     1  8.048258e-03  4.626747e-05  ;  4.232487e-01     0.35
   CB_3     C_2     1  9.214347e-04  6.064585e-07  ;  2.949326e-01     0.35
   CB_3     C_3     1  1.013070e-02  7.330798e-05  ;  4.397967e-01     0.35
   CB_3     N_4     1  9.038668e-04  5.835538e-07  ;  2.939879e-01     0.35
   CB_3    OG_8     1  8.027895e-03  4.603364e-05  ;  4.230700e-01     0.35
   CB_3   OH_10     1  2.433162e-03  4.228769e-06  ;  3.467426e-01     0.35
   CB_3     O_2     1  1.316462e-03  1.237909e-06  ;  3.130017e-01     0.35
   CB_3     O_3     1  5.783742e-03  2.389405e-05  ;  4.005716e-01     0.35
   CB_3     O_4     1  1.071720e-02  8.204166e-05  ;  4.439413e-01     0.35
   CB_4    CB_4     1  7.328053e-03  3.835740e-05  ;  4.166871e-01     0.35
   CB_4    CB_7     1  1.648422e-03  1.940925e-06  ;  3.249551e-01     0.35
   CB_4    CB_9     1  2.572276e-03  4.726147e-06  ;  3.499706e-01     0.35
   CB_4   CD1_7     1  3.375290e-03  8.137557e-06  ;  3.661821e-01     0.35
   CB_4    CD_9     1  1.647528e-03  1.938820e-06  ;  3.249257e-01     0.35
   CB_4    CG_7     1  5.652050e-03  2.281834e-05  ;  3.990368e-01     0.35
   CB_4    CG_9     1  1.378559e-03  1.357446e-06  ;  3.154154e-01     0.35
   CB_4     C_3     1  8.884228e-04  5.637822e-07  ;  2.931446e-01     0.35
   CB_4     C_4     1  9.658422e-03  6.663223e-05  ;  4.363112e-01     0.35
   CB_4     C_7     1  9.746498e-03  6.785302e-05  ;  4.369718e-01     0.35
   CB_4     N_4     1  9.050579e-03  5.850927e-05  ;  4.316099e-01     0.35
   CB_4     N_5     1  9.209125e-04  6.057713e-07  ;  2.949047e-01     0.35
   CB_4     N_9     1  6.639978e-03  3.149236e-05  ;  4.098955e-01     0.35
   CB_4     O_3     1  7.713233e-04  4.249569e-07  ;  2.863198e-01     0.35
   CB_4     O_4     1  2.408192e-03  4.142420e-06  ;  3.461470e-01     0.35
   CB_4     O_7     1  1.041411e-02  7.746694e-05  ;  4.418237e-01     0.35
   CB_5    CB_5     1  7.336207e-03  3.844281e-05  ;  4.167644e-01     0.35
   CB_5    CB_6     1  4.576962e-03  1.496327e-05  ;  3.852490e-01     0.35
   CB_5   CD1_6     1  1.561107e-03  1.740754e-06  ;  3.220209e-01     0.35
   CB_5   CD2_6     1  1.007153e-03  7.245402e-07  ;  2.993376e-01     0.35
   CB_5   CD2_7     1  4.943219e-03  1.745387e-05  ;  3.902237e-01     0.35
   CB_5    CG_6     1  2.701172e-03  5.211665e-06  ;  3.528342e-01     0.35
   CB_5     C_4     1  8.637970e-04  5.329609e-07  ;  2.917745e-01     0.35
   CB_5     C_5     1  5.610751e-03  2.248609e-05  ;  3.985494e-01     0.35
   CB_5     C_6     1  1.031197e-02  7.595482e-05  ;  4.410985e-01     0.35
   CB_5     N_5     1  6.358398e-03  2.887802e-05  ;  4.069458e-01     0.35
   CB_5     N_6     1  9.126701e-04  5.949762e-07  ;  2.944632e-01     0.35
   CB_5     O_4     1  1.253034e-03  1.121496e-06  ;  3.104363e-01     0.35
   CB_5     O_5     1  1.256072e-03  1.126940e-06  ;  3.105616e-01     0.35
   CB_6    CB_6     1  7.336423e-03  3.844507e-05  ;  4.167664e-01     0.35
   CB_6   CD1_6     1  4.110616e-03  1.206940e-05  ;  3.784105e-01     0.35
   CB_6   CD1_7     1  9.764055e-03  6.809770e-05  ;  4.371029e-01     0.35
   CB_6   CD2_6     1  6.606782e-04  3.117826e-07  ;  2.790253e-01     0.35
   CB_6   CD2_7     1  1.526341e-03  1.664083e-06  ;  3.208144e-01     0.35
   CB_6    CG_6     1  1.199513e-03  1.027737e-06  ;  3.081859e-01     0.35
   CB_6    CG_7     1  9.221117e-03  6.073500e-05  ;  4.329548e-01     0.35
   CB_6     C_5     1  1.045734e-03  7.811142e-07  ;  3.012189e-01     0.35
   CB_6     C_6     1  8.135111e-03  4.727145e-05  ;  4.240066e-01     0.35
   CB_6     N_6     1  8.682220e-03  5.384353e-05  ;  4.286312e-01     0.35
   CB_6     N_7     1  9.642237e-04  6.640910e-07  ;  2.971723e-01     0.35
   CB_6     O_5     1  1.701059e-03  2.066858e-06  ;  3.266619e-01     0.35
   CB_6     O_6     1  2.240060e-03  3.584191e-06  ;  3.419967e-01     0.35
   CB_7    CB_7     1  7.301396e-03  3.807885e-05  ;  4.164341e-01     0.35
   CB_7   CD1_7     1  8.924199e-04  5.688666e-07  ;  2.933640e-01     0.35
   CB_7    CD_9     1  4.582298e-03  1.499818e-05  ;  3.853238e-01     0.35
   CB_7    CG_7     1  3.028179e-03  6.549904e-06  ;  3.596187e-01     0.35
   CB_7     C_4     1  9.980300e-03  7.114742e-05  ;  4.387016e-01     0.35
   CB_7     C_6     1  9.356321e-04  6.252910e-07  ;  2.956851e-01     0.35
   CB_7     C_7     1  6.406501e-03  2.931661e-05  ;  4.074573e-01     0.35
   CB_7     C_8     1  1.033800e-02  7.633875e-05  ;  4.412839e-01     0.35
   CB_7     N_7     1  9.163944e-03  5.998419e-05  ;  4.325063e-01     0.35
   CB_7     N_8     1  8.709272e-04  5.417958e-07  ;  2.921745e-01     0.35
   CB_7     O_6     1  1.399274e-03  1.398548e-06  ;  3.162004e-01     0.35
   CB_7     O_7     1  1.298580e-03  1.204508e-06  ;  3.122891e-01     0.35
   CB_7     O_8     1  8.185152e-03  4.785479e-05  ;  4.244401e-01     0.35
   CB_8    CB_8     1  7.303618e-03  3.810202e-05  ;  4.164552e-01     0.35
   CB_8  CD1_10     1  6.631314e-03  3.141023e-05  ;  4.098063e-01     0.35
   CB_8   CD1_6     1  8.378713e-03  5.014488e-05  ;  4.260967e-01     0.35
   CB_8    CD_3     1  9.831525e-04  6.904206e-07  ;  2.981367e-01     0.35
   CB_8    CD_9     1  1.211447e-03  1.048288e-06  ;  3.086949e-01     0.35
   CB_8  CE1_10     1  4.009078e-03  1.148051e-05  ;  3.768363e-01     0.35
   CB_8   CG1_3     1  3.788788e-03  1.025351e-05  ;  3.733035e-01     0.35
   CB_8   CG2_3     1  4.765214e-03  1.621948e-05  ;  3.878458e-01     0.35
   CB_8    CG_9     1  1.014115e-02  7.345925e-05  ;  4.398722e-01     0.35
   CB_8    C_11     1  4.582875e-03  1.500196e-05  ;  3.853319e-01     0.35
   CB_8     C_7     1  1.113773e-03  8.860641e-07  ;  3.044001e-01     0.35
   CB_8     C_8     1  6.860472e-03  3.361863e-05  ;  4.121333e-01     0.35
   CB_8     C_9     1  9.284754e-03  6.157618e-05  ;  4.334514e-01     0.35
   CB_8    N_10     1  5.045878e-03  1.818635e-05  ;  3.915628e-01     0.35
   CB_8    N_11     1  3.473516e-03  8.618080e-06  ;  3.679371e-01     0.35
   CB_8     N_8     1  6.736354e-03  3.241319e-05  ;  4.108811e-01     0.35
   CB_8     N_9     1  7.139304e-04  3.640691e-07  ;  2.826537e-01     0.35
   CB_8   O1_11     1  1.384685e-03  1.369538e-06  ;  3.156486e-01     0.35
   CB_8    OG_8     1  3.623345e-03  9.377591e-06  ;  3.705359e-01     0.35
   CB_8     O_7     1  1.892868e-03  2.559249e-06  ;  3.325309e-01     0.35
   CB_8     O_8     1  3.321985e-03  7.882558e-06  ;  3.652119e-01     0.35
   CB_9    CB_9     1  7.270127e-03  3.775339e-05  ;  4.161364e-01     0.35
   CB_9  CD1_10     1  2.510132e-03  4.500544e-06  ;  3.485471e-01     0.35
   CB_9    CD_9     1  4.342839e-03  1.347161e-05  ;  3.818923e-01     0.35
   CB_9  CE1_10     1  4.987565e-03  1.776843e-05  ;  3.908050e-01     0.35
   CB_9   CG2_2     1  1.251485e-03  1.118724e-06  ;  3.103723e-01     0.35
   CB_9   CG_10     1  9.141800e-03  5.969465e-05  ;  4.323319e-01     0.35
   CB_9    CG_9     1  1.666491e-03  1.983709e-06  ;  3.255461e-01     0.35
   CB_9     C_2     1  8.396697e-03  5.036037e-05  ;  4.262490e-01     0.35
   CB_9     C_3     1  6.834200e-03  3.336163e-05  ;  4.118698e-01     0.35
   CB_9     C_8     1  1.576048e-03  1.774233e-06  ;  3.225326e-01     0.35
   CB_9    N_10     1  8.061296e-04  4.641749e-07  ;  2.884338e-01     0.35
   CB_9     N_3     1  6.887280e-03  3.388187e-05  ;  4.124012e-01     0.35
   CB_9     N_4     1  6.668594e-03  3.176439e-05  ;  4.101893e-01     0.35
   CB_9     N_9     1  1.059535e-02  8.018667e-05  ;  4.430960e-01     0.35
   CB_9     O_3     1  2.601596e-03  4.834502e-06  ;  3.506323e-01     0.35
   CB_9     O_8     1  3.689790e-03  9.724678e-06  ;  3.716598e-01     0.35
   CB_9     O_9     1  3.623495e-03  9.378369e-06  ;  3.705384e-01     0.35
  CD1_1   CD1_1     1  7.259023e-03  3.763815e-05  ;  4.160304e-01     0.35
  CD1_1   CD2_1     1  7.827196e-04  4.376072e-07  ;  2.870206e-01     0.35
  CD1_1  CD2_10     1  3.030792e-03  6.561216e-06  ;  3.596704e-01     0.35
  CD1_1   CE1_1     1  6.589239e-03  3.101291e-05  ;  4.093718e-01     0.35
  CD1_1   CE2_1     1  1.604664e-03  1.839248e-06  ;  3.235013e-01     0.35
  CD1_1  CE2_10     1  3.145710e-03  7.068210e-06  ;  3.619082e-01     0.35
  CD1_1    CG_1     1  2.198424e-03  3.452192e-06  ;  3.409290e-01     0.35
  CD1_1    CZ_1     1  6.034300e-03  2.600913e-05  ;  4.034129e-01     0.35
  CD1_1    C_11     1  1.005883e-03  7.227153e-07  ;  2.992747e-01     0.35
  CD1_1     N_1     1  7.867633e-04  4.421404e-07  ;  2.872672e-01     0.35
  CD1_1     N_2     1  1.081853e-02  8.360044e-05  ;  4.446381e-01     0.35
  CD1_1   O1_11     1  5.590950e-04  2.232766e-07  ;  2.713686e-01     0.35
  CD1_1   O2_11     1  5.426992e-04  2.103731e-07  ;  2.700258e-01     0.35
  CD1_1   OG_11     1  8.889395e-03  5.644382e-05  ;  4.303192e-01     0.35
  CD1_1     O_1     1  9.674456e-03  6.685364e-05  ;  4.364318e-01     0.35
 CD1_10  CD1_10     1  7.284774e-03  3.790567e-05  ;  4.162760e-01     0.35
 CD1_10  CD2_10     1  9.232748e-03  6.088831e-05  ;  4.330458e-01     0.35
 CD1_10    CD_3     1  2.323031e-03  3.854624e-06  ;  3.440761e-01     0.35
 CD1_10  CE1_10     1  2.977142e-03  6.330982e-06  ;  3.586014e-01     0.35
 CD1_10  CE2_10     1  9.531053e-03  6.488641e-05  ;  4.353469e-01     0.35
 CD1_10   CG1_3     1  7.661066e-03  4.192281e-05  ;  4.197849e-01     0.35
 CD1_10   CG_10     1  4.551816e-03  1.479931e-05  ;  3.848955e-01     0.35
 CD1_10   CZ_10     1  3.517643e-03  8.838436e-06  ;  3.687120e-01     0.35
 CD1_10     C_8     1  2.361421e-03  3.983079e-06  ;  3.450173e-01     0.35
 CD1_10     C_9     1  8.529812e-04  5.196979e-07  ;  2.911624e-01     0.35
 CD1_10    N_10     1  5.513399e-03  2.171255e-05  ;  3.973884e-01     0.35
 CD1_10     N_9     1  5.273364e-03  1.986312e-05  ;  3.944512e-01     0.35
 CD1_10   OH_10     1  3.424439e-03  8.376276e-06  ;  3.670655e-01     0.35
 CD1_10     O_8     1  5.923684e-04  2.506431e-07  ;  2.739958e-01     0.35
 CD1_10     O_9     1  5.680271e-04  2.304677e-07  ;  2.720864e-01     0.35
  CD1_6   CD1_6     1  7.324093e-03  3.831595e-05  ;  4.166496e-01     0.35
  CD1_6   CD2_6     1  5.031344e-03  1.808173e-05  ;  3.913746e-01     0.35
  CD1_6    CG_6     1  6.637685e-03  3.147062e-05  ;  4.098719e-01     0.35
  CD1_6     C_6     1  1.047484e-02  7.837302e-05  ;  4.422521e-01     0.35
  CD1_6     C_7     1  5.668833e-03  2.295405e-05  ;  3.992341e-01     0.35
  CD1_6     N_7     1  1.519358e-03  1.648892e-06  ;  3.205694e-01     0.35
  CD1_6     N_8     1  5.591450e-03  2.233165e-05  ;  3.983206e-01     0.35
  CD1_6    OG_8     1  2.756166e-03  5.426035e-06  ;  3.540214e-01     0.35
  CD1_6     O_5     1  1.019904e-02  7.430026e-05  ;  4.402897e-01     0.35
  CD1_6     O_6     1  1.041704e-02  7.751045e-05  ;  4.418444e-01     0.35
  CD1_6     O_7     1  4.387393e-03  1.374944e-05  ;  3.825426e-01     0.35
  CD1_7   CD1_7     1  7.305041e-03  3.811687e-05  ;  4.164688e-01     0.35
  CD1_7   CD2_6     1  4.350238e-03  1.351755e-05  ;  3.820007e-01     0.35
  CD1_7   CD2_7     1  7.623119e-04  4.150853e-07  ;  2.857596e-01     0.35
  CD1_7    CG_7     1  2.244759e-03  3.599244e-06  ;  3.421162e-01     0.35
  CD1_7     C_4     1  3.968971e-03  1.125195e-05  ;  3.762054e-01     0.35
  CD1_7     C_5     1  4.561116e-03  1.485984e-05  ;  3.850264e-01     0.35
  CD1_7     C_6     1  7.023980e-03  3.524021e-05  ;  4.137543e-01     0.35
  CD1_7     N_5     1  2.885631e-03  5.947762e-06  ;  3.567403e-01     0.35
  CD1_7     N_6     1  8.498435e-03  5.158814e-05  ;  4.271055e-01     0.35
  CD1_7     N_7     1  7.648636e-03  4.178688e-05  ;  4.196714e-01     0.35
  CD1_7     O_4     1  2.717297e-03  5.274074e-06  ;  3.531844e-01     0.35
  CD1_7     O_5     1  2.299702e-03  3.777592e-06  ;  3.434978e-01     0.35
  CD1_7     O_6     1  2.720517e-03  5.286579e-06  ;  3.532541e-01     0.35
  CD2_1   CD2_1     1  7.258151e-03  3.762911e-05  ;  4.160220e-01     0.35
  CD2_1  CD2_10     1  1.074848e-03  8.252134e-07  ;  3.026006e-01     0.35
  CD2_1   CE1_1     1  9.790075e-04  6.846113e-07  ;  2.979269e-01     0.35
  CD2_1   CE2_1     1  6.591223e-03  3.103159e-05  ;  4.093923e-01     0.35
  CD2_1  CE2_10     1  9.766624e-04  6.813354e-07  ;  2.978078e-01     0.35
  CD2_1    CG_1     1  2.796151e-03  5.584615e-06  ;  3.548723e-01     0.35
  CD2_1   CG_10     1  4.649091e-03  1.543861e-05  ;  3.862543e-01     0.35
  CD2_1    CZ_1     1  2.897300e-03  5.995963e-06  ;  3.569803e-01     0.35
  CD2_1   CZ_10     1  4.309731e-03  1.326699e-05  ;  3.814056e-01     0.35
  CD2_1    C_11     1  5.817214e-03  2.417141e-05  ;  4.009570e-01     0.35
  CD2_1   O1_11     1  3.828774e-03  1.047108e-05  ;  3.739572e-01     0.35
  CD2_1   O2_11     1  6.235901e-03  2.777604e-05  ;  4.056286e-01     0.35
  CD2_1    OH_1     1  6.501304e-03  3.019068e-05  ;  4.084561e-01     0.35
  CD2_1   OH_10     1  7.104848e-03  3.605634e-05  ;  4.145445e-01     0.35
 CD2_10  CD2_10     1  7.277727e-03  3.783236e-05  ;  4.162088e-01     0.35
 CD2_10    CD_3     1  1.059971e-02  8.025275e-05  ;  4.431264e-01     0.35
 CD2_10   CE1_1     1  5.980222e-03  2.554504e-05  ;  4.028081e-01     0.35
 CD2_10  CE1_10     1  5.094756e-03  1.854038e-05  ;  3.921924e-01     0.35
 CD2_10   CE2_1     1  2.699516e-03  5.205277e-06  ;  3.527982e-01     0.35
 CD2_10  CE2_10     1  2.958771e-03  6.253092e-06  ;  3.582316e-01     0.35
 CD2_10    CG_1     1  1.170747e-03  9.790345e-07  ;  3.069417e-01     0.35
 CD2_10   CG_10     1  6.418712e-03  2.942847e-05  ;  4.075867e-01     0.35
 CD2_10    CZ_1     1  5.685986e-03  2.309317e-05  ;  3.994352e-01     0.35
 CD2_10   CZ_10     1  2.389604e-03  4.078720e-06  ;  3.457002e-01     0.35
 CD2_10     C_9     1  9.014873e-03  5.804852e-05  ;  4.313256e-01     0.35
 CD2_10    N_11     1  8.381506e-03  5.017832e-05  ;  4.261204e-01     0.35
 CD2_10   OH_10     1  2.273725e-03  3.692734e-06  ;  3.428480e-01     0.35
 CD2_10     O_9     1  7.586664e-03  4.111248e-05  ;  4.191027e-01     0.35
  CD2_6   CD2_6     1  7.342868e-03  3.851265e-05  ;  4.168274e-01     0.35
  CD2_6   CD2_7     1  9.055298e-04  5.857030e-07  ;  2.940779e-01     0.35
  CD2_6    CG_6     1  4.060485e-03  1.177681e-05  ;  3.776374e-01     0.35
  CD2_6    CG_7     1  3.663254e-03  9.585305e-06  ;  3.712130e-01     0.35
  CD2_6     C_5     1  5.444661e-03  2.117453e-05  ;  3.965584e-01     0.35
  CD2_6     C_6     1  9.879514e-03  6.971772e-05  ;  4.379601e-01     0.35
  CD2_6     N_6     1  8.912804e-03  5.674148e-05  ;  4.305078e-01     0.35
  CD2_6     N_7     1  1.089409e-02  8.477230e-05  ;  4.451542e-01     0.35
  CD2_6     O_5     1  4.681994e-03  1.565791e-05  ;  3.867086e-01     0.35
  CD2_7   CD2_7     1  7.316623e-03  3.823783e-05  ;  4.165787e-01     0.35
  CD2_7    CG_6     1  3.209183e-03  7.356326e-06  ;  3.631152e-01     0.35
  CD2_7    CG_7     1  2.543456e-03  4.620835e-06  ;  3.493140e-01     0.35
  CD2_7     C_5     1  5.294868e-03  2.002545e-05  ;  3.947188e-01     0.35
  CD2_7     C_6     1  1.002814e-03  7.183108e-07  ;  2.991222e-01     0.35
  CD2_7     N_6     1  3.337200e-03  7.954933e-06  ;  3.654902e-01     0.35
  CD2_7     N_8     1  1.057748e-02  7.991651e-05  ;  4.429714e-01     0.35
  CD2_7     O_5     1  7.624503e-03  4.152361e-05  ;  4.194504e-01     0.35
  CD2_7     O_6     1  1.416130e-03  1.432445e-06  ;  3.168321e-01     0.35
   CD_3    CD_3     1  7.282822e-03  3.788535e-05  ;  4.162574e-01     0.35
   CD_3  CE1_10     1  1.011155e-03  7.303104e-07  ;  2.995355e-01     0.35
   CD_3  CE2_10     1  6.421887e-03  2.945759e-05  ;  4.076203e-01     0.35
   CD_3   CG1_3     1  3.807196e-03  1.035339e-05  ;  3.736052e-01     0.35
   CD_3   CG_10     1  7.230773e-03  3.734577e-05  ;  4.157601e-01     0.35
   CD_3   CZ_10     1  1.802674e-03  2.321166e-06  ;  3.298361e-01     0.35
   CD_3     C_2     1  2.641032e-03  4.982179e-06  ;  3.515126e-01     0.35
   CD_3     C_8     1  5.372155e-03  2.061432e-05  ;  3.956733e-01     0.35
   CD_3     N_2     1  1.071707e-02  8.203978e-05  ;  4.439404e-01     0.35
   CD_3    OG_8     1  3.384668e-03  8.182840e-06  ;  3.663515e-01     0.35
   CD_3   OH_10     1  4.333771e-04  1.341541e-07  ;  2.600896e-01     0.35
   CD_3     O_2     1  2.426097e-03  4.204247e-06  ;  3.465746e-01     0.35
   CD_3     O_8     1  1.389139e-03  1.378362e-06  ;  3.158176e-01     0.35
   CD_9    CD_9     1  7.279883e-03  3.785479e-05  ;  4.162294e-01     0.35
   CD_9    CG_9     1  6.164281e-03  2.714168e-05  ;  4.048484e-01     0.35
   CD_9     C_7     1  1.005828e-03  7.226350e-07  ;  2.992719e-01     0.35
   CD_9     C_8     1  3.235776e-03  7.478749e-06  ;  3.636150e-01     0.35
   CD_9    N_10     1  2.299273e-03  3.776183e-06  ;  3.434871e-01     0.35
   CD_9     N_8     1  6.699985e-04  3.206414e-07  ;  2.796776e-01     0.35
   CD_9     N_9     1  2.735664e-03  5.345613e-06  ;  3.535812e-01     0.35
   CD_9    OG_8     1  5.733185e-03  2.347815e-05  ;  3.999859e-01     0.35
   CD_9     O_3     1  5.213519e-03  1.941484e-05  ;  3.937016e-01     0.35
   CD_9     O_7     1  1.013149e-03  7.331939e-07  ;  2.996339e-01     0.35
   CD_9     O_8     1  1.598057e-03  1.824132e-06  ;  3.232789e-01     0.35
  CE1_1   CE1_1     1  7.255898e-03  3.760576e-05  ;  4.160005e-01     0.35
  CE1_1   CE2_1     1  7.627936e-04  4.156101e-07  ;  2.857897e-01     0.35
  CE1_1  CE2_10     1  8.832007e-03  5.571739e-05  ;  4.298549e-01     0.35
  CE1_1    CG_1     1  2.954448e-03  6.234831e-06  ;  3.581443e-01     0.35
  CE1_1    CZ_1     1  2.730980e-03  5.327323e-06  ;  3.534802e-01     0.35
  CE1_1    C_11     1  8.116117e-04  4.705097e-07  ;  2.887598e-01     0.35
  CE1_1     N_1     1  2.984613e-03  6.362796e-06  ;  3.587512e-01     0.35
  CE1_1   O1_11     1  3.337023e-04  7.954087e-08  ;  2.490034e-01     0.35
  CE1_1   O2_11     1  7.881889e-04  4.437441e-07  ;  2.873539e-01     0.35
  CE1_1   OG_11     1  1.914201e-03  2.617262e-06  ;  3.331526e-01     0.35
  CE1_1    OH_1     1  5.974737e-03  2.549820e-05  ;  4.027465e-01     0.35
 CE1_10  CE1_10     1  7.290485e-03  3.796512e-05  ;  4.163303e-01     0.35
 CE1_10  CE2_10     1  9.152376e-03  5.983285e-05  ;  4.324152e-01     0.35
 CE1_10   CG1_3     1  2.253824e-03  3.628372e-06  ;  3.423460e-01     0.35
 CE1_10   CG_10     1  2.397429e-03  4.105476e-06  ;  3.458886e-01     0.35
 CE1_10   CZ_10     1  6.620932e-03  3.131196e-05  ;  4.096993e-01     0.35
 CE1_10     C_8     1  4.098027e-03  1.199559e-05  ;  3.782171e-01     0.35
 CE1_10     C_9     1  4.846627e-03  1.677843e-05  ;  3.889424e-01     0.35
 CE1_10    N_10     1  7.983305e-03  4.552369e-05  ;  4.226775e-01     0.35
 CE1_10   OH_10     1  3.565871e-03  9.082454e-06  ;  3.695498e-01     0.35
 CE1_10     O_8     1  1.433997e-03  1.468819e-06  ;  3.174949e-01     0.35
 CE1_10     O_9     1  2.514594e-03  4.516561e-06  ;  3.486503e-01     0.35
  CE2_1   CE2_1     1  7.255499e-03  3.760162e-05  ;  4.159967e-01     0.35
  CE2_1  CE2_10     1  5.055344e-03  1.825464e-05  ;  3.916852e-01     0.35
  CE2_1    CG_1     1  6.178583e-03  2.726777e-05  ;  4.050048e-01     0.35
  CE2_1   CG_10     1  8.135239e-03  4.727294e-05  ;  4.240077e-01     0.35
  CE2_1    CZ_1     1  2.154123e-03  3.314461e-06  ;  3.397742e-01     0.35
  CE2_1    C_11     1  5.447836e-03  2.119923e-05  ;  3.965969e-01     0.35
  CE2_1   O1_11     1  4.081549e-03  1.189932e-05  ;  3.779632e-01     0.35
  CE2_1   O2_11     1  5.006934e-03  1.790670e-05  ;  3.910575e-01     0.35
  CE2_1   OG_11     1  3.263752e-03  7.608627e-06  ;  3.641370e-01     0.35
  CE2_1    OH_1     1  2.860710e-03  5.845472e-06  ;  3.562249e-01     0.35
 CE2_10  CE2_10     1  7.283663e-03  3.789411e-05  ;  4.162654e-01     0.35
 CE2_10   CG1_3     1  7.186218e-03  3.688695e-05  ;  4.153320e-01     0.35
 CE2_10    CG_1     1  1.558771e-03  1.735549e-06  ;  3.219406e-01     0.35
 CE2_10   CG_10     1  3.453112e-03  8.517130e-06  ;  3.675760e-01     0.35
 CE2_10   CZ_10     1  4.563535e-03  1.487561e-05  ;  3.850604e-01     0.35
 CE2_10     C_1     1  7.349536e-03  3.858263e-05  ;  4.168905e-01     0.35
 CE2_10     N_1     1  8.270253e-03  4.885506e-05  ;  4.251725e-01     0.35
 CE2_10     N_2     1  9.088910e-03  5.900591e-05  ;  4.319140e-01     0.35
 CE2_10   OH_10     1  2.372347e-03  4.020022e-06  ;  3.452829e-01     0.35
 CE2_10     O_1     1  8.956500e-03  5.729920e-05  ;  4.308589e-01     0.35
 CE2_10     O_2     1  8.333537e-03  4.960559e-05  ;  4.257130e-01     0.35
  CG1_3   CG1_3     1  7.285622e-03  3.791449e-05  ;  4.162840e-01     0.35
  CG1_3   CG2_3     1  7.332423e-03  3.840316e-05  ;  4.167285e-01     0.35
  CG1_3   CZ_10     1  2.118572e-03  3.205962e-06  ;  3.388331e-01     0.35
  CG1_3     C_2     1  1.020015e-03  7.431654e-07  ;  2.999714e-01     0.35
  CG1_3     N_2     1  9.823198e-03  6.892515e-05  ;  4.375431e-01     0.35
  CG1_3     N_3     1  7.891643e-03  4.448430e-05  ;  4.218647e-01     0.35
  CG1_3     N_4     1  5.429141e-03  2.105398e-05  ;  3.963698e-01     0.35
  CG1_3    OG_8     1  6.593542e-03  3.105342e-05  ;  4.094163e-01     0.35
  CG1_3   OH_10     1  8.957287e-04  5.730927e-07  ;  2.935450e-01     0.35
  CG1_3     O_2     1  6.775579e-04  3.279176e-07  ;  2.802010e-01     0.35
  CG1_3     O_3     1  9.260635e-03  6.125669e-05  ;  4.332635e-01     0.35
  CG1_3     O_8     1  1.000192e-02  7.145599e-05  ;  4.388599e-01     0.35
  CG2_2   CG2_2     1  7.296417e-03  3.802693e-05  ;  4.163868e-01     0.35
  CG2_2    CG_9     1  2.015990e-03  2.903012e-06  ;  3.360419e-01     0.35
  CG2_2     C_1     1  4.926832e-03  1.733834e-05  ;  3.900078e-01     0.35
  CG2_2    C_10     1  2.849586e-03  5.800102e-06  ;  3.559937e-01     0.35
  CG2_2     C_2     1  8.196892e-03  4.799217e-05  ;  4.245415e-01     0.35
  CG2_2     C_3     1  4.964783e-03  1.760648e-05  ;  3.905069e-01     0.35
  CG2_2     C_9     1  1.839372e-03  2.416634e-06  ;  3.309458e-01     0.35
  CG2_2    N_10     1  1.249217e-03  1.114674e-06  ;  3.102785e-01     0.35
  CG2_2    N_11     1  8.819375e-03  5.555813e-05  ;  4.297524e-01     0.35
  CG2_2     N_3     1  1.301088e-03  1.209165e-06  ;  3.123895e-01     0.35
  CG2_2     N_4     1  8.063752e-03  4.644578e-05  ;  4.233844e-01     0.35
  CG2_2   OG1_2     1  5.954784e-03  2.532818e-05  ;  4.025220e-01     0.35
  CG2_2     O_1     1  3.928776e-03  1.102520e-05  ;  3.755677e-01     0.35
  CG2_2    O_10     1  6.650088e-04  3.158833e-07  ;  2.793293e-01     0.35
  CG2_2     O_2     1  4.424669e-03  1.398407e-05  ;  3.830823e-01     0.35
  CG2_2     O_3     1  5.242434e-03  1.963080e-05  ;  3.940647e-01     0.35
  CG2_2     O_9     1  1.078377e-03  8.306411e-07  ;  3.027660e-01     0.35
  CG2_3   CG2_3     1  7.300097e-03  3.806530e-05  ;  4.164218e-01     0.35
  CG2_3     C_2     1  7.714380e-03  4.250833e-05  ;  4.202704e-01     0.35
  CG2_3     C_4     1  4.916834e-03  1.726804e-05  ;  3.898758e-01     0.35
  CG2_3     N_4     1  5.864984e-04  2.457003e-07  ;  2.735414e-01     0.35
  CG2_3     N_5     1  7.464588e-03  3.980005e-05  ;  4.179711e-01     0.35
  CG2_3    OG_8     1  2.749577e-03  5.400124e-06  ;  3.538802e-01     0.35
  CG2_3     O_2     1  8.610155e-03  5.295340e-05  ;  4.280362e-01     0.35
  CG2_3     O_3     1  5.729522e-03  2.344816e-05  ;  3.999433e-01     0.35
  CG2_3     O_4     1  3.561641e-03  9.060917e-06  ;  3.694767e-01     0.35
   CG_1    CG_1     1  7.260798e-03  3.765656e-05  ;  4.160473e-01     0.35
   CG_1   CG_10     1  7.235992e-03  3.739971e-05  ;  4.158101e-01     0.35
   CG_1    CZ_1     1  1.005241e-02  7.217929e-05  ;  4.392284e-01     0.35
   CG_1   CZ_10     1  6.298561e-03  2.833705e-05  ;  4.063050e-01     0.35
   CG_1    C_11     1  3.291774e-03  7.739839e-06  ;  3.646562e-01     0.35
   CG_1     N_1     1  3.289360e-03  7.728491e-06  ;  3.646117e-01     0.35
   CG_1     N_2     1  5.586483e-03  2.229199e-05  ;  3.982616e-01     0.35
   CG_1   O1_11     1  2.427601e-03  4.209461e-06  ;  3.466104e-01     0.35
   CG_1   O2_11     1  2.054877e-03  3.016085e-06  ;  3.371136e-01     0.35
   CG_1   OH_10     1  6.765561e-03  3.269487e-05  ;  4.111775e-01     0.35
  CG_10   CG_10     1  7.281417e-03  3.787073e-05  ;  4.162440e-01     0.35
  CG_10   CZ_10     1  1.961339e-03  2.747750e-06  ;  3.345061e-01     0.35
  CG_10     C_9     1  2.048288e-03  2.996775e-06  ;  3.369332e-01     0.35
  CG_10    N_10     1  1.077006e-02  8.285293e-05  ;  4.443055e-01     0.35
  CG_10    N_11     1  3.910726e-03  1.092413e-05  ;  3.752795e-01     0.35
  CG_10   OH_10     1  2.797643e-03  5.590576e-06  ;  3.549038e-01     0.35
  CG_10     O_8     1  3.441522e-03  8.460054e-06  ;  3.673701e-01     0.35
  CG_10     O_9     1  1.925503e-03  2.648257e-06  ;  3.334797e-01     0.35
   CG_6    CG_6     1  7.334398e-03  3.842385e-05  ;  4.167472e-01     0.35
   CG_6     C_5     1  5.865536e-03  2.457465e-05  ;  4.015102e-01     0.35
   CG_6     C_6     1  5.541854e-03  2.193725e-05  ;  3.977295e-01     0.35
   CG_6     N_6     1  8.273656e-03  4.889527e-05  ;  4.252016e-01     0.35
   CG_6     N_7     1  1.731810e-03  2.142262e-06  ;  3.276388e-01     0.35
   CG_6     O_5     1  4.055632e-03  1.174868e-05  ;  3.775621e-01     0.35
   CG_6     O_6     1  1.072890e-02  8.222091e-05  ;  4.440220e-01     0.35
   CG_6     O_7     1  1.051837e-02  7.902572e-05  ;  4.425578e-01     0.35
   CG_7    CG_7     1  7.308769e-03  3.815579e-05  ;  4.165042e-01     0.35
   CG_7     C_5     1  1.031170e-02  7.595083e-05  ;  4.410966e-01     0.35
   CG_7     C_6     1  1.137210e-03  9.237468e-07  ;  3.054584e-01     0.35
   CG_7     N_6     1  8.460263e-03  5.112575e-05  ;  4.267852e-01     0.35
   CG_7     N_7     1  7.447621e-03  3.961933e-05  ;  4.178127e-01     0.35
   CG_7     N_8     1  7.318740e-03  3.825997e-05  ;  4.165988e-01     0.35
   CG_7     O_5     1  9.659516e-03  6.664733e-05  ;  4.363194e-01     0.35
   CG_7     O_6     1  8.252574e-04  4.864641e-07  ;  2.895633e-01     0.35
   CG_7     O_7     1  9.784400e-03  6.838178e-05  ;  4.372546e-01     0.35
   CG_9    CG_9     1  7.274063e-03  3.779428e-05  ;  4.161739e-01     0.35
   CG_9     C_3     1  3.128707e-03  6.992006e-06  ;  3.615815e-01     0.35
   CG_9     C_7     1  8.489100e-03  5.147487e-05  ;  4.270273e-01     0.35
   CG_9     C_8     1  1.554501e-03  1.726051e-06  ;  3.217934e-01     0.35
   CG_9     C_9     1  6.853664e-03  3.355194e-05  ;  4.120651e-01     0.35
   CG_9    N_10     1  4.179633e-03  1.247809e-05  ;  3.794621e-01     0.35
   CG_9     N_3     1  5.482727e-03  2.147164e-05  ;  3.970191e-01     0.35
   CG_9     N_4     1  6.754647e-03  3.258947e-05  ;  4.110668e-01     0.35
   CG_9     N_8     1  6.863039e-03  3.364379e-05  ;  4.121590e-01     0.35
   CG_9     N_9     1  2.711844e-03  5.252925e-06  ;  3.530662e-01     0.35
   CG_9     O_3     1  9.279595e-04  6.150778e-07  ;  2.952796e-01     0.35
   CG_9     O_7     1  7.505764e-03  4.024035e-05  ;  4.183545e-01     0.35
   CG_9     O_8     1  5.850095e-03  2.444544e-05  ;  4.013339e-01     0.35
   CZ_1    CZ_1     1  7.262551e-03  3.767475e-05  ;  4.160641e-01     0.35
   CZ_1    C_11     1  2.403045e-03  4.124732e-06  ;  3.460235e-01     0.35
   CZ_1   O1_11     1  2.747574e-03  5.392258e-06  ;  3.538373e-01     0.35
   CZ_1   O2_11     1  3.738334e-03  9.982242e-06  ;  3.724703e-01     0.35
   CZ_1   OG_11     1  8.801613e-04  5.533456e-07  ;  2.926885e-01     0.35
   CZ_1    OH_1     1  6.580228e-03  3.092814e-05  ;  4.092784e-01     0.35
  CZ_10   CZ_10     1  7.286461e-03  3.792323e-05  ;  4.162920e-01     0.35
  CZ_10     C_1     1  9.286789e-03  6.160318e-05  ;  4.334672e-01     0.35
  CZ_10   OH_10     1  2.975644e-03  6.324611e-06  ;  3.585713e-01     0.35
  CZ_10     O_2     1  4.740733e-03  1.605325e-05  ;  3.875130e-01     0.35
  CZ_10     O_8     1  9.066057e-03  5.870956e-05  ;  4.317328e-01     0.35
    C_1     C_1     1  7.273333e-03  3.778669e-05  ;  4.161669e-01     0.35
    C_1     C_2     1  6.250163e-03  2.790324e-05  ;  4.057830e-01     0.35
    C_1     N_1     1  5.892605e-03  2.480199e-05  ;  4.018185e-01     0.35
    C_1     N_2     1  2.049601e-03  3.000618e-06  ;  3.369692e-01     0.35
    C_1     N_3     1  3.311616e-03  7.833431e-06  ;  3.650217e-01     0.35
    C_1   OG1_2     1  6.302727e-04  2.837455e-07  ;  2.768429e-01     0.35
    C_1   OG_11     1  1.395148e-03  1.390314e-06  ;  3.160449e-01     0.35
    C_1    OH_1     1  8.680288e-03  5.381957e-05  ;  4.286153e-01     0.35
    C_1   OH_10     1  3.005796e-03  6.453435e-06  ;  3.591743e-01     0.35
    C_1     O_1     1  1.451836e-03  1.505592e-06  ;  3.181498e-01     0.35
    C_1     O_2     1  2.026484e-03  2.933313e-06  ;  3.363328e-01     0.35
   C_10    C_10     1  7.268782e-03  3.773942e-05  ;  4.161235e-01     0.35
   C_10     C_8     1  7.451469e-03  3.966028e-05  ;  4.178486e-01     0.35
   C_10    N_11     1  2.948615e-03  6.210236e-06  ;  3.580264e-01     0.35
   C_10     N_9     1  9.947439e-03  7.067968e-05  ;  4.384606e-01     0.35
   C_10   O1_11     1  3.211090e-03  7.365073e-06  ;  3.631511e-01     0.35
   C_10   O2_11     1  3.133464e-03  7.013281e-06  ;  3.616730e-01     0.35
   C_10   OG1_2     1  1.380780e-03  1.361824e-06  ;  3.155000e-01     0.35
   C_10   OG_11     1  2.496465e-03  4.451671e-06  ;  3.482301e-01     0.35
   C_10    O_10     1  1.916928e-03  2.624722e-06  ;  3.332317e-01     0.35
   C_10     O_8     1  3.938603e-03  1.108042e-05  ;  3.757241e-01     0.35
   C_10     O_9     1  2.199023e-03  3.454072e-06  ;  3.409444e-01     0.35
   C_11    C_11     1  7.258623e-03  3.763401e-05  ;  4.160265e-01     0.35
   C_11     C_8     1  5.541481e-03  2.193429e-05  ;  3.977251e-01     0.35
   C_11     N_1     1  1.294120e-03  1.196248e-06  ;  3.121101e-01     0.35
   C_11    N_10     1  9.634406e-03  6.630127e-05  ;  4.361302e-01     0.35
   C_11     N_8     1  3.153339e-03  7.102531e-06  ;  3.620543e-01     0.35
   C_11   O1_11     1  1.342954e-03  1.288233e-06  ;  3.140428e-01     0.35
   C_11   O2_11     1  2.390164e-03  4.080631e-06  ;  3.457137e-01     0.35
   C_11    OH_1     1  5.588643e-03  2.230924e-05  ;  3.982872e-01     0.35
   C_11    O_10     1  3.448240e-03  8.493116e-06  ;  3.674895e-01     0.35
   C_11     O_6     1  7.801352e-03  4.347221e-05  ;  4.210564e-01     0.35
   C_11     O_8     1  2.000028e-03  2.857223e-06  ;  3.355970e-01     0.35
    C_2     C_2     1  7.286391e-03  3.792249e-05  ;  4.162914e-01     0.35
    C_2     N_2     1  8.564395e-03  5.239204e-05  ;  4.276562e-01     0.35
    C_2     N_3     1  3.443454e-03  8.469552e-06  ;  3.674044e-01     0.35
    C_2     N_4     1  2.647345e-03  5.006026e-06  ;  3.516525e-01     0.35
    C_2   OH_10     1  3.223347e-03  7.421406e-06  ;  3.633818e-01     0.35
    C_2     O_1     1  1.914807e-03  2.618919e-06  ;  3.331702e-01     0.35
    C_2     O_2     1  1.414658e-03  1.429469e-06  ;  3.167772e-01     0.35
    C_2     O_3     1  2.366856e-03  4.001433e-06  ;  3.451495e-01     0.35
    C_3     C_3     1  7.305861e-03  3.812543e-05  ;  4.164766e-01     0.35
    C_3     C_4     1  5.822944e-03  2.421906e-05  ;  4.010228e-01     0.35
    C_3     N_4     1  2.094422e-03  3.133289e-06  ;  3.381863e-01     0.35
    C_3     N_5     1  4.390137e-03  1.376664e-05  ;  3.825824e-01     0.35
    C_3     O_2     1  1.700162e-03  2.064680e-06  ;  3.266333e-01     0.35
    C_3     O_3     1  1.352690e-03  1.306979e-06  ;  3.144211e-01     0.35
    C_3     O_4     1  1.885259e-03  2.538716e-06  ;  3.323078e-01     0.35
    C_4     C_4     1  7.328821e-03  3.836544e-05  ;  4.166944e-01     0.35
    C_4     N_4     1  8.080292e-03  4.663651e-05  ;  4.235290e-01     0.35
    C_4     N_5     1  3.092563e-03  6.831392e-06  ;  3.608819e-01     0.35
    C_4     N_6     1  5.603425e-03  2.242741e-05  ;  3.984626e-01     0.35
    C_4     O_3     1  1.743902e-03  2.172282e-06  ;  3.280190e-01     0.35
    C_4     O_4     1  1.173688e-03  9.839598e-07  ;  3.070700e-01     0.35
    C_4     O_5     1  2.942794e-03  6.185742e-06  ;  3.579085e-01     0.35
    C_5     C_5     1  7.348343e-03  3.857011e-05  ;  4.168792e-01     0.35
    C_5     N_6     1  2.989877e-03  6.385258e-06  ;  3.588565e-01     0.35
    C_5     N_7     1  3.371459e-03  8.119099e-06  ;  3.661129e-01     0.35
    C_5     O_4     1  3.012927e-03  6.484092e-06  ;  3.593162e-01     0.35
    C_5     O_5     1  1.182617e-03  9.989874e-07  ;  3.074581e-01     0.35
    C_5     O_6     1  2.761343e-03  5.446440e-06  ;  3.541322e-01     0.35
    C_6     C_6     1  7.320206e-03  3.827529e-05  ;  4.166127e-01     0.35
    C_6     C_7     1  8.822717e-03  5.560024e-05  ;  4.297795e-01     0.35
    C_6     N_7     1  2.532729e-03  4.581939e-06  ;  3.490681e-01     0.35
    C_6     N_8     1  4.362929e-03  1.359653e-05  ;  3.821862e-01     0.35
    C_6     O_5     1  2.268338e-03  3.675255e-06  ;  3.427125e-01     0.35
    C_6     O_6     1  1.204231e-03  1.035837e-06  ;  3.083876e-01     0.35
    C_6     O_7     1  3.089972e-03  6.819948e-06  ;  3.608315e-01     0.35
    C_7     C_7     1  7.297778e-03  3.804111e-05  ;  4.163997e-01     0.35
    C_7     N_7     1  1.028665e-02  7.558221e-05  ;  4.409178e-01     0.35
    C_7     N_8     1  3.155836e-03  7.113788e-06  ;  3.621021e-01     0.35
    C_7     N_9     1  2.153941e-03  3.313902e-06  ;  3.397694e-01     0.35
    C_7   O1_11     1  2.493088e-03  4.439634e-06  ;  3.481515e-01     0.35
    C_7    OG_8     1  1.065561e-03  8.110151e-07  ;  3.021633e-01     0.35
    C_7     O_6     1  1.926113e-03  2.649936e-06  ;  3.334973e-01     0.35
    C_7     O_7     1  1.167181e-03  9.730802e-07  ;  3.067857e-01     0.35
    C_7     O_8     1  2.079494e-03  3.088783e-06  ;  3.377834e-01     0.35
    C_8     C_8     1  7.290903e-03  3.796947e-05  ;  4.163343e-01     0.35
    C_8    N_10     1  8.398109e-04  5.037731e-07  ;  2.904082e-01     0.35
    C_8    N_11     1  2.256680e-03  3.637576e-06  ;  3.424183e-01     0.35
    C_8     N_9     1  6.039561e-03  2.605450e-05  ;  4.034715e-01     0.35
    C_8   O1_11     1  1.249649e-03  1.115444e-06  ;  3.102963e-01     0.35
    C_8    OG_8     1  8.085755e-03  4.669960e-05  ;  4.235767e-01     0.35
    C_8     O_7     1  2.592719e-03  4.801564e-06  ;  3.504326e-01     0.35
    C_8     O_8     1  3.117284e-03  6.941042e-06  ;  3.613611e-01     0.35
    C_8     O_9     1  8.668655e-04  5.367541e-07  ;  2.919470e-01     0.35
    C_9     C_9     1  7.277440e-03  3.782938e-05  ;  4.162061e-01     0.35
    C_9    N_10     1  2.643226e-03  4.990460e-06  ;  3.515613e-01     0.35
    C_9    N_11     1  1.445722e-03  1.492937e-06  ;  3.179261e-01     0.35
    C_9   O1_11     1  1.062204e-02  8.059117e-05  ;  4.432819e-01     0.35
    C_9    O_10     1  2.516336e-03  4.522818e-06  ;  3.486905e-01     0.35
    C_9     O_8     1  3.618950e-04  9.354854e-08  ;  2.523921e-01     0.35
    C_9     O_9     1  1.284813e-03  1.179104e-06  ;  3.117348e-01     0.35
    N_1     N_1     1  7.266061e-03  3.771117e-05  ;  4.160976e-01     0.35
    N_1     N_2     1  4.310986e-03  1.327471e-05  ;  3.814241e-01     0.35
    N_1   O1_11     1  6.766531e-04  3.270424e-07  ;  2.801386e-01     0.35
    N_1   O2_11     1  5.517187e-04  2.174240e-07  ;  2.707686e-01     0.35
    N_1   OG1_2     1  7.571566e-03  4.094901e-05  ;  4.189636e-01     0.35
    N_1   OG_11     1  9.434411e-04  6.357722e-07  ;  2.960950e-01     0.35
    N_1    OH_1     1  3.315434e-03  7.851503e-06  ;  3.650918e-01     0.35
    N_1     O_1     1  1.080613e-02  8.340884e-05  ;  4.445531e-01     0.35
   N_10    N_10     1  7.274574e-03  3.779959e-05  ;  4.161788e-01     0.35
   N_10   O1_11     1  7.155360e-03  3.657084e-05  ;  4.150342e-01     0.35
   N_10   OG1_2     1  5.652042e-03  2.281827e-05  ;  3.990367e-01     0.35
   N_10    O_10     1  6.161402e-03  2.711634e-05  ;  4.048169e-01     0.35
   N_10     O_8     1  7.303760e-04  3.810351e-07  ;  2.837286e-01     0.35
   N_10     O_9     1  3.522116e-04  8.860930e-08  ;  2.512538e-01     0.35
   N_11    N_11     1  7.267620e-03  3.772736e-05  ;  4.161124e-01     0.35
   N_11     N_8     1  8.067144e-03  4.648487e-05  ;  4.234141e-01     0.35
   N_11     N_9     1  5.082727e-03  1.845294e-05  ;  3.920380e-01     0.35
   N_11   O1_11     1  4.653187e-03  1.546582e-05  ;  3.863110e-01     0.35
   N_11   OG1_2     1  3.233669e-03  7.469012e-06  ;  3.635755e-01     0.35
   N_11    O_10     1  7.136969e-04  3.638309e-07  ;  2.826383e-01     0.35
   N_11     O_8     1  9.122784e-04  5.944656e-07  ;  2.944421e-01     0.35
   N_11     O_9     1  2.972215e-03  6.310043e-06  ;  3.585024e-01     0.35
    N_2     N_2     1  7.276349e-03  3.781804e-05  ;  4.161957e-01     0.35
    N_2   OG1_2     1  7.771846e-03  4.314399e-05  ;  4.207906e-01     0.35
    N_2   OG_11     1  5.034519e-03  1.810456e-05  ;  3.914158e-01     0.35
    N_2   OH_10     1  2.793778e-03  5.575139e-06  ;  3.548221e-01     0.35
    N_2     O_1     1  2.648440e-04  5.010169e-08  ;  2.395946e-01     0.35
    N_2     O_2     1  2.222884e-03  3.529438e-06  ;  3.415583e-01     0.35
    N_3     N_3     1  7.291412e-03  3.797478e-05  ;  4.163392e-01     0.35
    N_3     N_4     1  8.636753e-03  5.328108e-05  ;  4.282563e-01     0.35
    N_3   OG1_2     1  6.793693e-03  3.296733e-05  ;  4.114619e-01     0.35
    N_3   OH_10     1  3.713383e-03  9.849438e-06  ;  3.720548e-01     0.35
    N_3     O_1     1  3.822865e-03  1.043878e-05  ;  3.738610e-01     0.35
    N_3     O_2     1  6.252336e-04  2.792265e-07  ;  2.764728e-01     0.35
    N_3     O_3     1  5.752189e-03  2.363406e-05  ;  4.002065e-01     0.35
    N_4     N_4     1  7.312094e-03  3.819051e-05  ;  4.165358e-01     0.35
    N_4     O_2     1  2.658822e-03  5.049524e-06  ;  3.519062e-01     0.35
    N_4     O_3     1  2.478324e-04  4.387206e-08  ;  2.369582e-01     0.35
    N_4     O_4     1  1.864635e-03  2.483475e-06  ;  3.316991e-01     0.35
    N_5     N_5     1  7.334740e-03  3.842744e-05  ;  4.167505e-01     0.35
    N_5     O_3     1  4.549503e-03  1.478427e-05  ;  3.848628e-01     0.35
    N_5     O_4     1  4.082740e-04  1.190626e-07  ;  2.575158e-01     0.35
    N_5     O_5     1  3.584122e-03  9.175666e-06  ;  3.698643e-01     0.35
    N_6     N_6     1  7.340441e-03  3.848720e-05  ;  4.168045e-01     0.35
    N_6     O_4     1  7.000255e-03  3.500255e-05  ;  4.135211e-01     0.35
    N_6     O_5     1  3.717756e-04  9.872652e-08  ;  2.535277e-01     0.35
    N_6     O_6     1  3.977654e-03  1.130124e-05  ;  3.763424e-01     0.35
    N_7     N_7     1  7.313051e-03  3.820051e-05  ;  4.165448e-01     0.35
    N_7    OG_8     1  7.465917e-03  3.981422e-05  ;  4.179835e-01     0.35
    N_7     O_5     1  4.009693e-03  1.148403e-05  ;  3.768459e-01     0.35
    N_7     O_6     1  2.946386e-04  6.200849e-08  ;  2.438898e-01     0.35
    N_7     O_7     1  2.629203e-03  4.937648e-06  ;  3.512497e-01     0.35
    N_8     N_8     1  7.294167e-03  3.800348e-05  ;  4.163654e-01     0.35
    N_8   O1_11     1  3.938334e-04  1.107891e-07  ;  2.559749e-01     0.35
    N_8   O2_11     1  8.732976e-03  5.447491e-05  ;  4.290478e-01     0.35
    N_8    OG_8     1  3.406801e-03  8.290209e-06  ;  3.667497e-01     0.35
    N_8     O_6     1  3.652444e-03  9.528817e-06  ;  3.710302e-01     0.35
    N_8     O_7     1  4.009608e-04  1.148354e-07  ;  2.567412e-01     0.35
    N_9     N_9     1  7.277044e-03  3.782526e-05  ;  4.162023e-01     0.35
    N_9   O1_11     1  7.437753e-03  3.951441e-05  ;  4.177203e-01     0.35
    N_9    OG_8     1  5.432608e-03  2.108088e-05  ;  3.964119e-01     0.35
    N_9     O_7     1  3.207771e-03  7.349855e-06  ;  3.630886e-01     0.35
    N_9     O_8     1  3.347597e-03  8.004576e-06  ;  3.656797e-01     0.35
    N_9     O_9     1  4.318108e-03  1.331861e-05  ;  3.815290e-01     0.35
  O1_11   O1_11     1  7.258290e-03  3.763055e-05  ;  4.160234e-01     0.35
  O1_11   O2_11     1  2.794577e-04  5.578330e-08  ;  2.417490e-01     0.35
  O1_11   OG_11     1  5.081303e-03  1.844260e-05  ;  3.920197e-01     0.35
  O1_11    OG_8     1  4.224664e-03  1.274842e-05  ;  3.801404e-01     0.35
  O1_11    OH_1     1  6.085846e-03  2.645537e-05  ;  4.039852e-01     0.35
  O1_11    O_10     1  4.481474e-03  1.434543e-05  ;  3.838977e-01     0.35
  O1_11     O_6     1  3.754204e-03  1.006718e-05  ;  3.727334e-01     0.35
  O1_11     O_8     1  3.593421e-04  9.223337e-08  ;  2.520945e-01     0.35
  O2_11   O2_11     1  7.261490e-03  3.766374e-05  ;  4.160539e-01     0.35
  O2_11    OH_1     1  1.203274e-03  1.034191e-06  ;  3.083468e-01     0.35
  O2_11    O_10     1  5.651821e-03  2.281648e-05  ;  3.990341e-01     0.35
  O2_11     O_6     1  4.918208e-03  1.727770e-05  ;  3.898939e-01     0.35
  O2_11     O_8     1  8.443905e-03  5.092824e-05  ;  4.266475e-01     0.35
  OG1_2   OG1_2     1  7.285454e-03  3.791274e-05  ;  4.162824e-01     0.35
  OG1_2   OG_11     1  2.949627e-04  6.214501e-08  ;  2.439345e-01     0.35
  OG1_2    OH_1     1  6.158791e-03  2.709336e-05  ;  4.047883e-01     0.35
  OG1_2     O_1     1  2.996070e-04  6.411738e-08  ;  2.445704e-01     0.35
  OG1_2    O_10     1  2.457047e-04  4.312198e-08  ;  2.366179e-01     0.35
  OG_11   OG_11     1  7.262040e-03  3.766945e-05  ;  4.160592e-01     0.35
  OG_11    OH_1     1  2.704281e-04  5.223669e-08  ;  2.404292e-01     0.35
  OG_11     O_1     1  3.837166e-04  1.051703e-07  ;  2.548671e-01     0.35
  OG_11    O_10     1  1.620584e-03  1.875922e-06  ;  3.240340e-01     0.35
   OG_8    OG_8     1  7.311588e-03  3.818523e-05  ;  4.165310e-01     0.35
   OG_8     O_7     1  1.308142e-03  1.222312e-06  ;  3.126712e-01     0.35
   OG_8     O_8     1  5.377854e-03  2.065808e-05  ;  3.957432e-01     0.35
   OH_1    OH_1     1  1.545948e-03  1.707112e-06  ;  3.214977e-01     0.35
   OH_1     O_1     1  9.507121e-03  6.456097e-05  ;  4.351645e-01     0.35
  OH_10   OH_10     1  7.293123e-03  3.799260e-05  ;  4.163554e-01     0.35
  OH_10     O_1     1  4.645990e-03  1.541802e-05  ;  3.862114e-01     0.35
  OH_10     O_2     1  1.092218e-03  8.521003e-07  ;  3.034102e-01     0.35
    O_1     O_1     1  7.274960e-03  3.780360e-05  ;  4.161824e-01     0.35
    O_1    O_10     1  9.695075e-03  6.713891e-05  ;  4.365867e-01     0.35
    O_1     O_2     1  8.023147e-04  4.597920e-07  ;  2.882058e-01     0.35
   O_10    O_10     1  7.267333e-03  3.772438e-05  ;  4.161097e-01     0.35
   O_10     O_9     1  2.456913e-03  4.311731e-06  ;  3.473044e-01     0.35
    O_2     O_2     1  7.284816e-03  3.790611e-05  ;  4.162764e-01     0.35
    O_2     O_3     1  4.508212e-03  1.451713e-05  ;  3.842785e-01     0.35
    O_3     O_3     1  7.307343e-03  3.814090e-05  ;  4.164906e-01     0.35
    O_3     O_4     1  6.917798e-04  3.418281e-07  ;  2.811728e-01     0.35
    O_4     O_4     1  7.328582e-03  3.836294e-05  ;  4.166922e-01     0.35
    O_4     O_5     1  2.022385e-03  2.921457e-06  ;  3.362193e-01     0.35
    O_5     O_5     1  7.348658e-03  3.857341e-05  ;  4.168822e-01     0.35
    O_5     O_6     1  1.929145e-03  2.658286e-06  ;  3.335847e-01     0.35
    O_6     O_6     1  7.319067e-03  3.826338e-05  ;  4.166019e-01     0.35
    O_6     O_7     1  1.213248e-03  1.051407e-06  ;  3.087713e-01     0.35
    O_7     O_7     1  7.297664e-03  3.803993e-05  ;  4.163986e-01     0.35
    O_7     O_8     1  6.881117e-03  3.382126e-05  ;  4.123397e-01     0.35
    O_8     O_8     1  7.289696e-03  3.795690e-05  ;  4.163228e-01     0.35
    O_8     O_9     1  1.026870e-03  7.531874e-07  ;  3.003064e-01     0.35
    O_9     O_9     1  7.278249e-03  3.783780e-05  ;  4.162138e-01     0.35