     ai      aj  type            c6           c12            sigma  epsilon
   CA_1    CA_1     1  5.399114e-03  2.802926e-05     4.161164e-01     0.26
   CA_1    CA_2     1  1.338989e-02  1.723933e-04     4.841247e-01     0.26
   CA_1    CB_1     1  6.219612e-03  3.719574e-05     4.260445e-01     0.26
   CA_1   CB_11     1  5.440870e-03  2.846449e-05     4.166511e-01     0.26
   CA_1    CB_2     1  1.309400e-02  1.648586e-04     4.823251e-01     0.26
   CA_1   CD1_1     1  3.088660e-03  9.172902e-06     3.791311e-01     0.26
   CA_1   CD2_1     1  1.138916e-02  1.247239e-04     4.712410e-01     0.26
   CA_1  CD2_10     1  9.771048e-03  9.180132e-05     4.593580e-01     0.26
   CA_1   CE1_1     1  8.489244e-03  6.929545e-05     4.487171e-01     0.26
   CA_1  CE2_10     1  4.165832e-03  1.668669e-05     3.985151e-01     0.26
   CA_1    CG_1     1  7.423117e-03  5.298334e-05     4.387921e-01     0.26
   CA_1   CZ_10     1  7.694473e-03  5.692781e-05     4.414257e-01     0.26
   CA_1     C_1     1  4.598118e-03  2.032951e-05     4.051269e-01     0.26
   CA_1    C_11     1  4.280476e-03  1.761776e-05     4.003223e-01     0.26
   CA_1     N_1     1  1.471582e-03  2.082263e-06     3.350620e-01     0.26
   CA_1     N_2     1  4.408447e-03  1.868693e-05     4.022926e-01     0.26
   CA_1   O1_11     1  3.228907e-03  1.002485e-05     3.819475e-01     0.26
   CA_1   O2_11     1  1.495770e-03  2.151278e-06     3.359737e-01     0.26
   CA_1   OG1_2     1  8.054040e-03  6.237266e-05     4.447986e-01     0.26
   CA_1   OG_11     1  1.958687e-03  3.688899e-06     3.514163e-01     0.26
   CA_1    OH_1     1  3.468692e-03  1.156906e-05     3.865349e-01     0.26
   CA_1   OH_10     1  4.000311e-03  1.538701e-05     3.958312e-01     0.26
   CA_1     O_1     1  1.291656e-03  1.604207e-06     3.278579e-01     0.26
   CA_1     O_2     1  7.929146e-03  6.045322e-05     4.436415e-01     0.26
  CA_10   CA_10     1  5.402838e-03  2.806794e-05     4.161642e-01     0.26
  CA_10   CB_10     1  2.535236e-03  6.180213e-06     3.668576e-01     0.26
  CA_10   CB_11     1  1.414703e-02  1.924408e-04     4.885833e-01     0.26
  CA_10    CB_2     1  7.312721e-03  5.141913e-05     4.376977e-01     0.26
  CA_10  CD1_10     1  6.218905e-03  3.718729e-05     4.260365e-01     0.26
  CA_10  CD2_10     1  1.276117e-02  1.565842e-04     4.802598e-01     0.26
  CA_10  CE1_10     1  8.000289e-03  6.154290e-05     4.443025e-01     0.26
  CA_10   CG2_2     1  3.568850e-03  1.224681e-05     3.883731e-01     0.26
  CA_10   CG_10     1  8.139123e-03  6.369743e-05     4.455783e-01     0.26
  CA_10   CZ_10     1  1.266934e-02  1.543386e-04     4.796820e-01     0.26
  CA_10    C_10     1  4.397326e-03  1.859276e-05     4.021233e-01     0.26
  CA_10     C_9     1  6.506169e-03  4.070215e-05     4.292550e-01     0.26
  CA_10    N_10     1  3.962481e-03  1.509736e-05     3.952049e-01     0.26
  CA_10    N_11     1  5.977634e-03  3.435780e-05     4.232361e-01     0.26
  CA_10   OG1_2     1  5.128543e-03  2.529034e-05     4.125660e-01     0.26
  CA_10    O_10     1  1.495635e-03  2.150887e-06     3.359686e-01     0.26
  CA_10     O_9     1  1.475138e-03  2.092338e-06     3.351968e-01     0.26
  CA_11   CA_11     1  5.396988e-03  2.800719e-05     4.160891e-01     0.26
  CA_11    CA_8     1  8.256832e-03  6.555315e-05     4.466459e-01     0.26
  CA_11   CB_11     1  2.021101e-03  3.927738e-06     3.532583e-01     0.26
  CA_11    CB_2     1  9.017105e-03  7.818095e-05     4.532512e-01     0.26
  CA_11    CB_8     1  4.289491e-03  1.769205e-05     4.004627e-01     0.26
  CA_11   CD1_1     1  3.222711e-03  9.986407e-06     3.818253e-01     0.26
  CA_11   CD2_1     1  1.163295e-02  1.301207e-04     4.729074e-01     0.26
  CA_11   CE1_1     1  1.285703e-03  1.589453e-06     3.276055e-01     0.26
  CA_11   CE2_1     1  6.897483e-03  4.574545e-05     4.334539e-01     0.26
  CA_11   CG2_2     1  1.371684e-02  1.809151e-04     4.860752e-01     0.26
  CA_11    CG_1     1  9.091885e-03  7.948305e-05     4.538755e-01     0.26
  CA_11    CZ_1     1  2.453142e-03  5.786448e-06     3.648505e-01     0.26
  CA_11    C_10     1  5.146119e-03  2.546398e-05     4.128013e-01     0.26
  CA_11    C_11     1  4.261885e-03  1.746506e-05     4.000320e-01     0.26
  CA_11     C_8     1  5.758895e-03  3.188930e-05     4.206146e-01     0.26
  CA_11     N_1     1  8.157979e-03  6.399290e-05     4.457502e-01     0.26
  CA_11    N_11     1  5.126491e-03  2.527010e-05     4.125385e-01     0.26
  CA_11     N_8     1  7.580402e-03  5.525240e-05     4.403282e-01     0.26
  CA_11   O1_11     1  1.104896e-03  1.173840e-06     3.194341e-01     0.26
  CA_11   O2_11     1  5.966178e-03  3.422624e-05     4.231008e-01     0.26
  CA_11   OG1_2     1  1.809303e-03  3.147671e-06     3.468005e-01     0.26
  CA_11   OG_11     1  8.853434e-03  7.536855e-05     4.518695e-01     0.26
  CA_11    OG_8     1  1.179315e-02  1.337292e-04     4.739866e-01     0.26
  CA_11    OH_1     1  2.931982e-03  8.265885e-06     3.758559e-01     0.26
  CA_11     O_1     1  6.874295e-03  4.543839e-05     4.332107e-01     0.26
  CA_11    O_10     1  1.708502e-03  2.806711e-06     3.435029e-01     0.26
  CA_11     O_8     1  2.629649e-03  6.649090e-06     3.691000e-01     0.26
   CA_2    CA_2     1  5.410624e-03  2.814889e-05     4.162641e-01     0.26
   CA_2   CB_11     1  8.419334e-03  6.815884e-05     4.480991e-01     0.26
   CA_2    CB_2     1  2.748423e-03  7.263296e-06     3.718277e-01     0.26
   CA_2    CB_9     1  9.152848e-03  8.055253e-05     4.543813e-01     0.26
   CA_2   CG2_2     1  8.161210e-03  6.404360e-05     4.457796e-01     0.26
   CA_2    CG_9     1  1.256735e-02  1.518637e-04     4.790363e-01     0.26
   CA_2     C_1     1  3.663653e-03  1.290611e-05     3.900738e-01     0.26
   CA_2     C_2     1  2.881363e-03  7.982936e-06     3.747665e-01     0.26
   CA_2     N_1     1  1.313407e-02  1.658690e-04     4.825708e-01     0.26
   CA_2     N_2     1  5.416294e-03  2.820793e-05     4.163368e-01     0.26
   CA_2     N_3     1  1.020592e-02  1.001546e-04     4.627039e-01     0.26
   CA_2   OG1_2     1  4.605649e-03  2.039615e-05     4.052375e-01     0.26
   CA_2   OG_11     1  7.000257e-03  4.711885e-05     4.345237e-01     0.26
   CA_2   OH_10     1  3.413129e-03  1.120139e-05     3.854960e-01     0.26
   CA_2     O_1     1  7.174636e-04  4.949558e-07     2.972540e-01     0.26
   CA_2    O_10     1  6.060157e-03  3.531299e-05     4.242043e-01     0.26
   CA_2     O_2     1  5.911176e-04  3.359807e-07     2.878106e-01     0.26
   CA_3    CA_3     1  5.419936e-03  2.824588e-05     4.163835e-01     0.26
   CA_3    CB_3     1  3.069891e-03  9.061763e-06     3.787462e-01     0.26
   CA_3    CB_9     1  8.104722e-03  6.316012e-05     4.452639e-01     0.26
   CA_3    CD_3     1  1.417998e-02  1.933384e-04     4.887728e-01     0.26
   CA_3   CG1_3     1  7.331755e-03  5.168714e-05     4.378874e-01     0.26
   CA_3   CG2_3     1  6.449825e-03  4.000024e-05     4.286332e-01     0.26
   CA_3    CG_9     1  7.264082e-03  5.073740e-05     4.372112e-01     0.26
   CA_3     C_2     1  8.925955e-03  7.660834e-05     4.524843e-01     0.26
   CA_3     C_3     1  4.155227e-03  1.660183e-05     3.983458e-01     0.26
   CA_3     N_3     1  3.433409e-03  1.133490e-05     3.858768e-01     0.26
   CA_3     N_4     1  4.756011e-03  2.174966e-05     4.074130e-01     0.26
   CA_3   OH_10     1  5.324943e-03  2.726445e-05     4.151582e-01     0.26
   CA_3     O_2     1  2.664319e-03  6.825575e-06     3.699067e-01     0.26
   CA_3     O_3     1  1.023299e-03  1.006865e-06     3.153757e-01     0.26
   CA_3     O_4     1  8.106289e-03  6.318454e-05     4.452782e-01     0.26
   CA_4    CA_4     1  5.439734e-03  2.845260e-05     4.166366e-01     0.26
   CA_4    CA_5     1  1.352168e-02  1.758037e-04     4.849157e-01     0.26
   CA_4    CB_4     1  3.427441e-03  1.129553e-05     3.857650e-01     0.26
   CA_4    CB_7     1  6.262700e-03  3.771289e-05     4.265350e-01     0.26
   CA_4    CB_9     1  7.254700e-03  5.060641e-05     4.371170e-01     0.26
   CA_4   CD1_7     1  3.473009e-03  1.159788e-05     3.866151e-01     0.26
   CA_4    CD_9     1  8.958583e-03  7.716943e-05     4.527596e-01     0.26
   CA_4   CG2_3     1  1.119071e-02  1.204153e-04     4.698624e-01     0.26
   CA_4    CG_7     1  1.244353e-02  1.488861e-04     4.782464e-01     0.26
   CA_4    CG_9     1  5.292348e-03  2.693168e-05     4.147336e-01     0.26
   CA_4     C_3     1  3.908262e-03  1.468703e-05     3.942984e-01     0.26
   CA_4     C_4     1  2.492755e-03  5.974836e-06     3.658258e-01     0.26
   CA_4     N_4     1  5.049045e-03  2.451236e-05     4.114932e-01     0.26
   CA_4     N_5     1  1.013630e-02  9.879283e-05     4.621763e-01     0.26
   CA_4     O_3     1  7.317192e-04  5.148201e-07     2.982304e-01     0.26
   CA_4     O_4     1  3.515356e-04  1.188243e-07     2.639303e-01     0.26
   CA_5    CA_5     1  5.454099e-03  2.860307e-05     4.168197e-01     0.26
   CA_5    CB_5     1  6.184646e-03  3.677869e-05     4.256444e-01     0.26
   CA_5   CD1_6     1  9.008801e-03  7.803701e-05     4.531816e-01     0.26
   CA_5   CD1_7     1  5.798680e-03  3.233143e-05     4.210975e-01     0.26
   CA_5   CD2_6     1  4.387975e-03  1.851377e-05     4.019806e-01     0.26
   CA_5   CD2_7     1  1.088564e-02  1.139396e-04     4.677030e-01     0.26
   CA_5    CG_6     1  1.237032e-02  1.471392e-04     4.777763e-01     0.26
   CA_5     C_4     1  8.759430e-03  7.377655e-05     4.510663e-01     0.26
   CA_5     C_5     1  2.621880e-03  6.609861e-06     3.689181e-01     0.26
   CA_5     N_5     1  3.015315e-03  8.742428e-06     3.776156e-01     0.26
   CA_5     N_6     1  9.842486e-03  9.314858e-05     4.599161e-01     0.26
   CA_5     O_4     1  2.135047e-03  4.383103e-06     3.565023e-01     0.26
   CA_5     O_5     1  3.892976e-04  1.457237e-07     2.684570e-01     0.26
   CA_6    CA_6     1  5.446942e-03  2.852805e-05     4.167285e-01     0.26
   CA_6    CB_6     1  4.932915e-03  2.339774e-05     4.099004e-01     0.26
   CA_6   CD1_6     1  4.581291e-03  2.018099e-05     4.048795e-01     0.26
   CA_6   CD1_7     1  1.148621e-02  1.268586e-04     4.719079e-01     0.26
   CA_6   CD2_6     1  1.773304e-03  3.023662e-06     3.456408e-01     0.26
   CA_6   CD2_7     1  5.399090e-03  2.802901e-05     4.161161e-01     0.26
   CA_6    CG_6     1  1.271242e-03  1.553900e-06     3.269885e-01     0.26
   CA_6    CG_7     1  1.393529e-02  1.867234e-04     4.873569e-01     0.26
   CA_6     C_5     1  8.401564e-03  6.787142e-05     4.479413e-01     0.26
   CA_6     C_6     1  3.009759e-03  8.710241e-06     3.774995e-01     0.26
   CA_6     N_6     1  3.253742e-03  1.017965e-05     3.824356e-01     0.26
   CA_6     N_7     1  7.640597e-03  5.613338e-05     4.409090e-01     0.26
   CA_6     O_5     1  1.973706e-03  3.745686e-06     3.518640e-01     0.26
   CA_6     O_6     1  5.083248e-04  2.484559e-07     2.806627e-01     0.26
   CA_6     O_7     1  1.425033e-02  1.952613e-04     4.891761e-01     0.26
   CA_7    CA_7     1  5.426828e-03  2.831776e-05     4.164717e-01     0.26
   CA_7    CA_8     1  1.230010e-02  1.454734e-04     4.773232e-01     0.26
   CA_7    CB_4     1  6.144426e-03  3.630190e-05     4.251818e-01     0.26
   CA_7    CB_7     1  5.125576e-03  2.526108e-05     4.125262e-01     0.26
   CA_7   CD1_6     1  1.148015e-02  1.267249e-04     4.718664e-01     0.26
   CA_7   CD1_7     1  2.195315e-03  4.634044e-06     3.581601e-01     0.26
   CA_7    CD_9     1  1.317275e-02  1.668475e-04     4.828073e-01     0.26
   CA_7    CG_6     1  1.287500e-02  1.593899e-04     4.809711e-01     0.26
   CA_7    CG_7     1  2.962294e-03  8.437676e-06     3.765007e-01     0.26
   CA_7    C_11     1  9.994767e-03  9.605324e-05     4.610944e-01     0.26
   CA_7     C_6     1  6.373676e-03  3.906129e-05     4.277855e-01     0.26
   CA_7     C_7     1  2.407661e-03  5.573878e-06     3.637143e-01     0.26
   CA_7     N_7     1  3.720384e-03  1.330890e-05     3.910741e-01     0.26
   CA_7     N_8     1  9.686490e-03  9.021931e-05     4.586931e-01     0.26
   CA_7   O1_11     1  2.455316e-03  5.796710e-06     3.649043e-01     0.26
   CA_7   O2_11     1  1.299519e-02  1.623797e-04     4.817165e-01     0.26
   CA_7    OG_8     1  1.125894e-02  1.218881e-04     4.703387e-01     0.26
   CA_7     O_6     1  1.327401e-03  1.694224e-06     3.293529e-01     0.26
   CA_7     O_7     1  3.461210e-04  1.151921e-07     2.632484e-01     0.26
   CA_8    CA_8     1  5.421798e-03  2.826529e-05     4.164073e-01     0.26
   CA_8    CA_9     1  8.682668e-03  7.248916e-05     4.504051e-01     0.26
   CA_8   CB_11     1  9.958574e-03  9.535884e-05     4.608157e-01     0.26
   CA_8    CB_8     1  5.592866e-03  3.007707e-05     4.185688e-01     0.26
   CA_8    CD_3     1  4.506287e-03  1.952560e-05     4.037671e-01     0.26
   CA_8    CD_9     1  7.415798e-03  5.287890e-05     4.387200e-01     0.26
   CA_8    C_11     1  4.606175e-03  2.040081e-05     4.052452e-01     0.26
   CA_8     C_7     1  9.251102e-03  8.229124e-05     4.551907e-01     0.26
   CA_8     C_8     1  2.987165e-03  8.579958e-06     3.770257e-01     0.26
   CA_8    N_11     1  4.345531e-03  1.815734e-05     4.013300e-01     0.26
   CA_8     N_8     1  2.899873e-03  8.085829e-06     3.751667e-01     0.26
   CA_8     N_9     1  5.943168e-03  3.396274e-05     4.228284e-01     0.26
   CA_8   O1_11     1  9.252384e-04  8.231404e-07     3.101250e-01     0.26
   CA_8    OG_8     1  4.707297e-03  2.130639e-05     4.067145e-01     0.26
   CA_8     O_7     1  2.261467e-03  4.917530e-06     3.599367e-01     0.26
   CA_8     O_8     1  1.832252e-03  3.228026e-06     3.475297e-01     0.26
   CA_9    CA_9     1  5.408098e-03  2.812262e-05     4.162317e-01     0.26
   CA_9    CB_2     1  6.403741e-03  3.943067e-05     4.281212e-01     0.26
   CA_9    CB_4     1  6.649214e-03  4.251159e-05     4.308137e-01     0.26
   CA_9    CB_9     1  3.517904e-03  1.189966e-05     3.874436e-01     0.26
   CA_9  CD1_10     1  1.414340e-02  1.923420e-04     4.885624e-01     0.26
   CA_9    CD_9     1  1.768942e-03  3.008803e-06     3.454989e-01     0.26
   CA_9   CG2_2     1  1.587387e-03  2.422881e-06     3.393190e-01     0.26
   CA_9    CG_9     1  8.035924e-04  6.209237e-07     3.029240e-01     0.26
   CA_9     C_8     1  6.534521e-03  4.105766e-05     4.295662e-01     0.26
   CA_9     C_9     1  3.275070e-03  1.031354e-05     3.828523e-01     0.26
   CA_9    N_10     1  7.657176e-03  5.637726e-05     4.410683e-01     0.26
   CA_9     N_9     1  3.303045e-03  1.049049e-05     3.833954e-01     0.26
   CA_9     O_3     1  1.270630e-02  1.552404e-04     4.799150e-01     0.26
   CA_9     O_7     1  1.425206e-02  1.953090e-04     4.891861e-01     0.26
   CA_9     O_8     1  7.306794e-03  5.133580e-05     4.376386e-01     0.26
   CA_9     O_9     1  6.167087e-04  3.657016e-07     2.898508e-01     0.26
   CB_1    CB_1     1  5.397095e-03  2.800830e-05     4.160905e-01     0.26
   CB_1   CD1_1     1  2.355348e-03  5.334293e-06     3.623851e-01     0.26
   CB_1   CD2_1     1  5.109883e-03  2.510664e-05     4.123154e-01     0.26
   CB_1  CD2_10     1  1.382483e-03  1.837749e-06     3.315923e-01     0.26
   CB_1   CE1_1     1  5.530660e-03  2.941173e-05     4.177893e-01     0.26
   CB_1  CE1_10     1  8.908783e-03  7.631385e-05     4.523391e-01     0.26
   CB_1  CE2_10     1  7.351804e-04  5.197021e-07     2.984650e-01     0.26
   CB_1    CG_1     1  4.977670e-03  2.382423e-05     4.105179e-01     0.26
   CB_1   CG_10     1  7.217153e-03  5.008394e-05     4.367391e-01     0.26
   CB_1   CZ_10     1  1.636448e-03  2.574963e-06     3.410448e-01     0.26
   CB_1     C_1     1  6.558464e-03  4.135909e-05     4.298281e-01     0.26
   CB_1    C_11     1  7.117398e-03  4.870899e-05     4.357272e-01     0.26
   CB_1     N_1     1  2.515512e-03  6.084422e-06     3.663803e-01     0.26
   CB_1     N_2     1  6.427080e-03  3.971862e-05     4.283809e-01     0.26
   CB_1   O1_11     1  5.043430e-03  2.445788e-05     4.114169e-01     0.26
   CB_1   O2_11     1  3.669618e-03  1.294817e-05     3.901796e-01     0.26
   CB_1   OG_11     1  1.210303e-02  1.408493e-04     4.760400e-01     0.26
   CB_1   OH_10     1  1.047585e-03  1.055225e-06     3.166110e-01     0.26
   CB_1     O_1     1  2.889817e-03  8.029850e-06     3.749496e-01     0.26
   CB_1     O_2     1  7.456129e-03  5.345564e-05     4.391168e-01     0.26
  CB_10   CB_10     1  5.405511e-03  2.809572e-05     4.161986e-01     0.26
  CB_10  CD1_10     1  1.737562e-03  2.903001e-06     3.444698e-01     0.26
  CB_10   CD2_1     1  3.994463e-03  1.534205e-05     3.957347e-01     0.26
  CB_10  CD2_10     1  2.447928e-03  5.761875e-06     3.647211e-01     0.26
  CB_10  CE1_10     1  1.830773e-03  3.222817e-06     3.474830e-01     0.26
  CB_10   CE2_1     1  4.724824e-03  2.146535e-05     4.069666e-01     0.26
  CB_10  CE2_10     1  2.568721e-03  6.344546e-06     3.676607e-01     0.26
  CB_10   CG2_2     1  1.315000e-02  1.662716e-04     4.826683e-01     0.26
  CB_10    CG_1     1  1.018830e-02  9.980907e-05     4.625706e-01     0.26
  CB_10   CG_10     1  2.056732e-03  4.067447e-06     3.542888e-01     0.26
  CB_10    CZ_1     1  1.240550e-02  1.479774e-04     4.780025e-01     0.26
  CB_10   CZ_10     1  2.232617e-03  4.792862e-06     3.591673e-01     0.26
  CB_10    C_10     1  6.531100e-03  4.101469e-05     4.295287e-01     0.26
  CB_10     C_9     1  5.346957e-03  2.749034e-05     4.154437e-01     0.26
  CB_10    N_10     1  7.263811e-03  5.073360e-05     4.372084e-01     0.26
  CB_10    N_11     1  3.997826e-03  1.536790e-05     3.957903e-01     0.26
  CB_10   OH_10     1  5.679474e-03  3.101579e-05     4.196422e-01     0.26
  CB_10    O_10     1  7.137664e-03  4.898678e-05     4.359337e-01     0.26
  CB_10     O_9     1  1.238139e-03  1.474027e-06     3.255537e-01     0.26
  CB_11   CB_11     1  5.395670e-03  2.799352e-05     4.160722e-01     0.26
  CB_11    CB_2     1  4.813109e-03  2.227502e-05     4.082242e-01     0.26
  CB_11    CB_8     1  2.978623e-03  8.530959e-06     3.768458e-01     0.26
  CB_11   CD1_1     1  6.250760e-03  3.756923e-05     4.263994e-01     0.26
  CB_11   CD2_1     1  1.044937e-02  1.049898e-04     4.645254e-01     0.26
  CB_11   CE1_1     1  1.746741e-03  2.933754e-06     3.447724e-01     0.26
  CB_11   CE2_1     1  4.365359e-03  1.832342e-05     4.016346e-01     0.26
  CB_11   CG2_2     1  6.287933e-03  3.801741e-05     4.268210e-01     0.26
  CB_11    CG_1     1  1.293978e-02  1.609980e-04     4.813736e-01     0.26
  CB_11    CZ_1     1  1.767100e-03  3.002539e-06     3.454389e-01     0.26
  CB_11     C_1     1  2.593265e-03  6.466368e-06     3.682439e-01     0.26
  CB_11    C_10     1  2.870215e-03  7.921285e-06     3.745245e-01     0.26
  CB_11    C_11     1  6.332241e-03  3.855507e-05     4.273208e-01     0.26
  CB_11     C_8     1  1.056361e-02  1.072980e-04     4.653680e-01     0.26
  CB_11     N_1     1  3.515369e-03  1.188252e-05     3.873970e-01     0.26
  CB_11    N_11     1  4.497506e-03  1.944958e-05     4.036359e-01     0.26
  CB_11     N_2     1  6.225642e-03  3.726790e-05     4.261133e-01     0.26
  CB_11     N_8     1  1.109225e-02  1.183058e-04     4.691709e-01     0.26
  CB_11   O1_11     1  5.041598e-03  2.444010e-05     4.113920e-01     0.26
  CB_11   O2_11     1  5.232452e-03  2.632553e-05     4.139475e-01     0.26
  CB_11   OG1_2     1  8.641682e-04  7.180641e-07     3.066155e-01     0.26
  CB_11   OG_11     1  1.882895e-03  3.408938e-06     3.491126e-01     0.26
  CB_11    OG_8     1  6.186679e-03  3.680288e-05     4.256677e-01     0.26
  CB_11    OH_1     1  1.313945e-03  1.660048e-06     3.287940e-01     0.26
  CB_11     O_1     1  1.186213e-03  1.352981e-06     3.232374e-01     0.26
  CB_11    O_10     1  6.278400e-04  3.790221e-07     2.907162e-01     0.26
  CB_11     O_8     1  7.933859e-03  6.052511e-05     4.436854e-01     0.26
   CB_2    CB_2     1  5.414550e-03  2.818976e-05     4.163145e-01     0.26
   CB_2    CB_9     1  2.696718e-03  6.992583e-06     3.706526e-01     0.26
   CB_2   CG2_2     1  2.266967e-03  4.941481e-06     3.600825e-01     0.26
   CB_2    CG_9     1  8.836097e-03  7.507366e-05     4.517219e-01     0.26
   CB_2     C_1     1  2.718589e-03  7.106467e-06     3.711519e-01     0.26
   CB_2    C_10     1  2.892911e-03  8.047053e-06     3.750164e-01     0.26
   CB_2     C_2     1  9.435724e-03  8.560854e-05     4.566923e-01     0.26
   CB_2     C_9     1  5.964929e-03  3.421191e-05     4.230860e-01     0.26
   CB_2     N_1     1  1.339198e-02  1.724473e-04     4.841374e-01     0.26
   CB_2    N_10     1  3.463849e-03  1.153678e-05     3.864449e-01     0.26
   CB_2    N_11     1  7.914257e-03  6.022640e-05     4.435026e-01     0.26
   CB_2     N_2     1  5.365632e-03  2.768270e-05     4.156852e-01     0.26
   CB_2     N_3     1  8.278834e-03  6.590297e-05     4.468440e-01     0.26
   CB_2   OG1_2     1  6.635035e-03  4.233047e-05     4.306604e-01     0.26
   CB_2   OG_11     1  2.207435e-03  4.685355e-06     3.584889e-01     0.26
   CB_2     O_1     1  4.074121e-04  1.596006e-07     2.704997e-01     0.26
   CB_2    O_10     1  7.884221e-04  5.977014e-07     3.019634e-01     0.26
   CB_2     O_2     1  3.638143e-03  1.272700e-05     3.896198e-01     0.26
   CB_2     O_9     1  6.760003e-03  4.394004e-05     4.320018e-01     0.26
   CB_3    CB_3     1  5.417273e-03  2.821813e-05     4.163494e-01     0.26
   CB_3    CB_8     1  7.645791e-03  5.620973e-05     4.409590e-01     0.26
   CB_3    CD_3     1  7.962738e-03  6.096653e-05     4.439542e-01     0.26
   CB_3  CE1_10     1  9.929859e-03  9.480971e-05     4.605940e-01     0.26
   CB_3   CG1_3     1  2.283734e-03  5.014849e-06     3.605250e-01     0.26
   CB_3   CG2_3     1  5.978706e-03  3.437012e-05     4.232487e-01     0.26
   CB_3   CZ_10     1  8.163762e-03  6.408366e-05     4.458028e-01     0.26
   CB_3     C_2     1  7.749991e-03  5.775227e-05     4.419549e-01     0.26
   CB_3     C_3     1  7.525666e-03  5.445735e-05     4.397967e-01     0.26
   CB_3     N_3     1  9.392427e-03  8.482469e-05     4.563423e-01     0.26
   CB_3     N_4     1  4.009861e-03  1.546056e-05     3.959886e-01     0.26
   CB_3    OG_8     1  5.963579e-03  3.419642e-05     4.230700e-01     0.26
   CB_3   OH_10     1  1.807492e-03  3.141371e-06     3.467426e-01     0.26
   CB_3     O_2     1  2.186228e-03  4.595764e-06     3.579126e-01     0.26
   CB_3     O_3     1  4.296494e-03  1.774986e-05     4.005716e-01     0.26
   CB_3     O_4     1  7.961347e-03  6.094523e-05     4.439413e-01     0.26
   CB_4    CB_4     1  5.443697e-03  2.849407e-05     4.166871e-01     0.26
   CB_4    CB_7     1  1.224542e-03  1.441830e-06     3.249551e-01     0.26
   CB_4    CB_9     1  1.910834e-03  3.510852e-06     3.499706e-01     0.26
   CB_4   CD1_7     1  2.507358e-03  6.045042e-06     3.661821e-01     0.26
   CB_4   CD2_7     1  9.914609e-03  9.451872e-05     4.604760e-01     0.26
   CB_4    CD_9     1  1.223878e-03  1.440266e-06     3.249257e-01     0.26
   CB_4    CG_7     1  4.198666e-03  1.695077e-05     3.990368e-01     0.26
   CB_4    CG_9     1  1.024072e-03  1.008389e-06     3.154154e-01     0.26
   CB_4     C_3     1  3.520034e-03  1.191407e-05     3.874826e-01     0.26
   CB_4     C_4     1  7.174828e-03  4.949823e-05     4.363112e-01     0.26
   CB_4     C_7     1  7.240256e-03  5.040510e-05     4.369718e-01     0.26
   CB_4     N_4     1  6.723287e-03  4.346403e-05     4.316099e-01     0.26
   CB_4     N_5     1  1.104671e-02  1.173363e-04     4.688493e-01     0.26
   CB_4     N_8     1  1.040004e-02  1.040008e-04     4.641592e-01     0.26
   CB_4     N_9     1  4.932555e-03  2.339433e-05     4.098955e-01     0.26
   CB_4     O_3     1  5.729831e-04  3.156823e-07     2.863198e-01     0.26
   CB_4     O_4     1  1.788943e-03  3.077227e-06     3.461470e-01     0.26
   CB_4     O_7     1  7.736197e-03  5.754687e-05     4.418237e-01     0.26
   CB_5    CB_5     1  5.449754e-03  2.855751e-05     4.167644e-01     0.26
   CB_5    CB_6     1  3.400029e-03  1.111557e-05     3.852490e-01     0.26
   CB_5   CD1_6     1  1.159679e-03  1.293131e-06     3.220209e-01     0.26
   CB_5   CD2_6     1  7.481705e-04  5.382299e-07     2.993376e-01     0.26
   CB_5    CG_6     1  2.006585e-03  3.871522e-06     3.528342e-01     0.26
   CB_5     C_4     1  1.267594e-02  1.544994e-04     4.797236e-01     0.26
   CB_5     C_5     1  4.167987e-03  1.670395e-05     3.985494e-01     0.26
   CB_5     N_5     1  4.723381e-03  2.145224e-05     4.069458e-01     0.26
   CB_5     O_4     1  3.617861e-03  1.258550e-05     3.892570e-01     0.26
   CB_5     O_5     1  9.330819e-04  8.371556e-07     3.105616e-01     0.26
   CB_6    CB_6     1  5.449914e-03  2.855920e-05     4.167664e-01     0.26
   CB_6   CD1_6     1  3.053600e-03  8.965842e-06     3.784105e-01     0.26
   CB_6   CD1_7     1  7.253298e-03  5.058686e-05     4.371029e-01     0.26
   CB_6   CD2_6     1  4.907895e-04  2.316099e-07     2.790253e-01     0.26
   CB_6   CD2_7     1  1.133853e-03  1.236176e-06     3.208144e-01     0.26
   CB_6    CG_6     1  8.910668e-04  7.634616e-07     3.081859e-01     0.26
   CB_6    CG_7     1  6.849973e-03  4.511743e-05     4.329548e-01     0.26
   CB_6     C_5     1  1.112876e-02  1.190860e-04     4.694279e-01     0.26
   CB_6     C_6     1  6.043225e-03  3.511594e-05     4.240066e-01     0.26
   CB_6     N_6     1  6.449649e-03  3.999805e-05     4.286312e-01     0.26
   CB_6     N_7     1  9.971975e-03  9.561566e-05     4.609190e-01     0.26
   CB_6     O_5     1  3.217071e-03  9.951486e-06     3.817138e-01     0.26
   CB_6     O_6     1  1.664044e-03  2.662542e-06     3.419967e-01     0.26
   CB_7    CB_7     1  5.423894e-03  2.828714e-05     4.164341e-01     0.26
   CB_7   CD1_7     1  6.629405e-04  4.225866e-07     2.933640e-01     0.26
   CB_7   CD2_7     1  9.874391e-03  9.375346e-05     4.601642e-01     0.26
   CB_7    CG_7     1  2.249504e-03  4.865643e-06     3.596187e-01     0.26
   CB_7     C_4     1  7.413937e-03  5.285237e-05     4.387016e-01     0.26
   CB_7     C_6     1  8.407461e-03  6.796673e-05     4.479937e-01     0.26
   CB_7     C_7     1  4.759115e-03  2.177805e-05     4.074573e-01     0.26
   CB_7     N_5     1  1.160188e-02  1.294265e-04     4.726966e-01     0.26
   CB_7     N_7     1  6.807501e-03  4.455968e-05     4.325063e-01     0.26
   CB_7   O1_11     1  8.680531e-03  7.245347e-05     4.503866e-01     0.26
   CB_7     O_4     1  9.831299e-03  9.293695e-05     4.598289e-01     0.26
   CB_7     O_6     1  2.029036e-03  3.958642e-06     3.534891e-01     0.26
   CB_7     O_7     1  9.646597e-04  8.947773e-07     3.122891e-01     0.26
   CB_8    CB_8     1  5.425545e-03  2.830436e-05     4.164552e-01     0.26
   CB_8   CD1_6     1  1.421325e-02  1.942467e-04     4.889638e-01     0.26
   CB_8    CD_3     1  7.303419e-04  5.128839e-07     2.981367e-01     0.26
   CB_8   CG1_3     1  2.814529e-03  7.616895e-06     3.733035e-01     0.26
   CB_8   CG2_3     1  3.539873e-03  1.204875e-05     3.878458e-01     0.26
   CB_8    C_11     1  3.404421e-03  1.114431e-05     3.853319e-01     0.26
   CB_8     C_7     1  1.354658e-02  1.764519e-04     4.850644e-01     0.26
   CB_8     C_8     1  5.096351e-03  2.497384e-05     4.121333e-01     0.26
   CB_8    N_11     1  2.580326e-03  6.402002e-06     3.679371e-01     0.26
   CB_8     N_8     1  5.004148e-03  2.407837e-05     4.108811e-01     0.26
   CB_8     N_9     1  1.404767e-02  1.897471e-04     4.880097e-01     0.26
   CB_8   O1_11     1  1.028623e-03  1.017371e-06     3.156486e-01     0.26
   CB_8   O2_11     1  1.233340e-02  1.462622e-04     4.775383e-01     0.26
   CB_8   OG_11     1  9.944417e-03  9.508792e-05     4.607065e-01     0.26
   CB_8    OG_8     1  2.691628e-03  6.966210e-06     3.705359e-01     0.26
   CB_8     O_7     1  4.453129e-03  1.906766e-05     4.029693e-01     0.26
   CB_8     O_8     1  2.467760e-03  5.855615e-06     3.652119e-01     0.26
   CB_9    CB_9     1  5.400665e-03  2.804537e-05     4.161364e-01     0.26
   CB_9    CD_9     1  3.226109e-03  1.000748e-05     3.818923e-01     0.26
   CB_9   CG2_2     1  9.296742e-04  8.310521e-07     3.103723e-01     0.26
   CB_9    CG_9     1  1.237965e-03  1.473612e-06     3.255461e-01     0.26
   CB_9     C_2     1  6.237546e-03  3.741056e-05     4.262490e-01     0.26
   CB_9     C_3     1  5.076834e-03  2.478293e-05     4.118698e-01     0.26
   CB_9     C_9     1  8.253001e-03  6.549234e-05     4.466114e-01     0.26
   CB_9    N_10     1  7.990311e-03  6.138949e-05     4.442101e-01     0.26
   CB_9     N_3     1  5.116265e-03  2.516939e-05     4.124012e-01     0.26
   CB_9     N_4     1  4.953813e-03  2.359640e-05     4.101893e-01     0.26
   CB_9     N_9     1  7.870828e-03  5.956724e-05     4.430960e-01     0.26
   CB_9   OG1_2     1  1.030705e-02  1.021494e-04     4.634649e-01     0.26
   CB_9     O_2     1  9.493440e-03  8.665903e-05     4.571566e-01     0.26
   CB_9     O_3     1  1.932614e-03  3.591344e-06     3.506323e-01     0.26
   CB_9     O_8     1  1.270800e-02  1.552820e-04     4.799257e-01     0.26
   CB_9     O_9     1  2.691739e-03  6.966788e-06     3.705384e-01     0.26
  CD1_1   CD1_1     1  5.392417e-03  2.795977e-05     4.160304e-01     0.26
  CD1_1   CD2_1     1  5.814489e-04  3.250796e-07     2.870206e-01     0.26
  CD1_1  CD2_10     1  2.251446e-03  4.874047e-06     3.596704e-01     0.26
  CD1_1   CE1_1     1  4.894863e-03  2.303816e-05     4.093718e-01     0.26
  CD1_1   CE2_1     1  1.192036e-03  1.366299e-06     3.235013e-01     0.26
  CD1_1  CE2_10     1  2.336813e-03  5.250670e-06     3.619082e-01     0.26
  CD1_1    CG_1     1  1.633115e-03  2.564486e-06     3.409290e-01     0.26
  CD1_1   CG_10     1  1.213825e-02  1.416703e-04     4.762706e-01     0.26
  CD1_1    CZ_1     1  4.482623e-03  1.932106e-05     4.034129e-01     0.26
  CD1_1   CZ_10     1  1.265448e-02  1.539767e-04     4.795882e-01     0.26
  CD1_1     C_1     1  8.772731e-03  7.400078e-05     4.511804e-01     0.26
  CD1_1    C_11     1  7.472276e-04  5.368742e-07     2.992747e-01     0.26
  CD1_1     N_1     1  5.844528e-04  3.284472e-07     2.872672e-01     0.26
  CD1_1   O1_11     1  4.153277e-04  1.658626e-07     2.713686e-01     0.26
  CD1_1   O2_11     1  4.031479e-04  1.562772e-07     2.700258e-01     0.26
  CD1_1   OG_11     1  6.603551e-03  4.192969e-05     4.303192e-01     0.26
  CD1_1    OH_1     1  1.269276e-02  1.549099e-04     4.798297e-01     0.26
  CD1_1     O_1     1  7.186739e-03  4.966270e-05     4.364318e-01     0.26
 CD1_10  CD1_10     1  5.411547e-03  2.815850e-05     4.162760e-01     0.26
 CD1_10   CD2_1     1  1.161458e-02  1.297100e-04     4.727828e-01     0.26
 CD1_10  CD2_10     1  6.858613e-03  4.523132e-05     4.330458e-01     0.26
 CD1_10    CD_3     1  1.725680e-03  2.863435e-06     3.440761e-01     0.26
 CD1_10  CE1_10     1  2.211591e-03  4.703016e-06     3.586014e-01     0.26
 CD1_10  CE2_10     1  7.080211e-03  4.820134e-05     4.353469e-01     0.26
 CD1_10   CG1_3     1  5.691078e-03  3.114266e-05     4.197849e-01     0.26
 CD1_10   CG_10     1  3.381349e-03  1.099377e-05     3.848955e-01     0.26
 CD1_10   CZ_10     1  2.613106e-03  6.565695e-06     3.687120e-01     0.26
 CD1_10    C_10     1  1.399106e-02  1.882210e-04     4.876814e-01     0.26
 CD1_10     C_9     1  1.107088e-02  1.178504e-04     4.690201e-01     0.26
 CD1_10    N_10     1  4.095668e-03  1.612932e-05     3.973884e-01     0.26
 CD1_10   OH_10     1  2.543869e-03  6.222376e-06     3.670655e-01     0.26
 CD1_10    O_10     1  1.237413e-02  1.472298e-04     4.778008e-01     0.26
 CD1_10     O_8     1  4.322645e-03  1.796660e-05     4.009769e-01     0.26
 CD1_10     O_9     1  4.358485e-03  1.826576e-05     4.015291e-01     0.26
  CD1_6   CD1_6     1  5.440755e-03  2.846328e-05     4.166496e-01     0.26
  CD1_6   CD2_6     1  3.737570e-03  1.343214e-05     3.913746e-01     0.26
  CD1_6   CD2_7     1  1.096981e-02  1.157083e-04     4.683037e-01     0.26
  CD1_6   CG2_3     1  9.376074e-03  8.452958e-05     4.562098e-01     0.26
  CD1_6    CG_6     1  4.930852e-03  2.337817e-05     4.098719e-01     0.26
  CD1_6     C_6     1  7.781308e-03  5.821996e-05     4.422521e-01     0.26
  CD1_6     C_7     1  6.673404e-03  4.282146e-05     4.310745e-01     0.26
  CD1_6     N_7     1  3.790081e-03  1.381222e-05     3.922857e-01     0.26
  CD1_6    OG_8     1  2.778064e-03  7.420810e-06     3.724930e-01     0.26
  CD1_6     O_6     1  7.738369e-03  5.757919e-05     4.418444e-01     0.26
  CD1_6     O_7     1  3.259206e-03  1.021387e-05     3.825426e-01     0.26
  CD1_7   CD1_7     1  5.426602e-03  2.831539e-05     4.164688e-01     0.26
  CD1_7   CD2_6     1  3.231605e-03  1.004161e-05     3.820007e-01     0.26
  CD1_7   CD2_7     1  5.662888e-04  3.083491e-07     2.857596e-01     0.26
  CD1_7    CG_6     1  9.088277e-03  7.941999e-05     4.538455e-01     0.26
  CD1_7    CG_7     1  1.667535e-03  2.673724e-06     3.421162e-01     0.26
  CD1_7     C_4     1  2.948378e-03  8.358590e-06     3.762054e-01     0.26
  CD1_7     C_5     1  3.388257e-03  1.103874e-05     3.850264e-01     0.26
  CD1_7     C_6     1  5.217814e-03  2.617844e-05     4.137543e-01     0.26
  CD1_7     C_7     1  1.131528e-02  1.231112e-04     4.707302e-01     0.26
  CD1_7     N_5     1  2.143612e-03  4.418337e-06     3.567403e-01     0.26
  CD1_7     N_6     1  6.313123e-03  3.832262e-05     4.271055e-01     0.26
  CD1_7     N_7     1  5.681844e-03  3.104168e-05     4.196714e-01     0.26
  CD1_7     O_4     1  2.018564e-03  3.917884e-06     3.531844e-01     0.26
  CD1_7     O_5     1  1.708350e-03  2.806211e-06     3.434978e-01     0.26
  CD1_7     O_6     1  2.020955e-03  3.927173e-06     3.532541e-01     0.26
  CD2_1   CD2_1     1  5.391769e-03  2.795305e-05     4.160220e-01     0.26
  CD2_1  CD2_10     1  7.984587e-04  6.130156e-07     3.026006e-01     0.26
  CD2_1   CE1_1     1  7.272627e-04  5.085684e-07     2.979269e-01     0.26
  CD2_1  CE1_10     1  1.030889e-02  1.021858e-04     4.634787e-01     0.26
  CD2_1   CE2_1     1  4.896337e-03  2.305204e-05     4.093923e-01     0.26
  CD2_1  CE2_10     1  7.255207e-04  5.061348e-07     2.978078e-01     0.26
  CD2_1    CG_1     1  2.077141e-03  4.148571e-06     3.548723e-01     0.26
  CD2_1   CG_10     1  3.453610e-03  1.146868e-05     3.862543e-01     0.26
  CD2_1    CZ_1     1  2.152280e-03  4.454144e-06     3.569803e-01     0.26
  CD2_1   CZ_10     1  3.201515e-03  9.855478e-06     3.814056e-01     0.26
  CD2_1    C_11     1  4.321359e-03  1.795590e-05     4.009570e-01     0.26
  CD2_1     N_1     1  1.262888e-02  1.533544e-04     4.794264e-01     0.26
  CD2_1   O1_11     1  2.844232e-03  7.778517e-06     3.739572e-01     0.26
  CD2_1   O2_11     1  4.632383e-03  2.063363e-05     4.056286e-01     0.26
  CD2_1   OG_11     1  9.086930e-03  7.939644e-05     4.538343e-01     0.26
  CD2_1    OH_1     1  4.829540e-03  2.242736e-05     4.084561e-01     0.26
  CD2_1   OH_10     1  5.277887e-03  2.678471e-05     4.145445e-01     0.26
 CD2_10  CD2_10     1  5.406311e-03  2.810404e-05     4.162088e-01     0.26
 CD2_10    CD_3     1  7.874070e-03  5.961633e-05     4.431264e-01     0.26
 CD2_10   CE1_1     1  4.442450e-03  1.897631e-05     4.028081e-01     0.26
 CD2_10  CE1_10     1  3.784676e-03  1.377286e-05     3.921924e-01     0.26
 CD2_10   CE2_1     1  2.005355e-03  3.866777e-06     3.527982e-01     0.26
 CD2_10  CE2_10     1  2.197944e-03  4.645154e-06     3.582316e-01     0.26
 CD2_10   CG1_3     1  1.291195e-02  1.603063e-04     4.812009e-01     0.26
 CD2_10    CG_1     1  8.696977e-04  7.272828e-07     3.069417e-01     0.26
 CD2_10   CG_10     1  4.768186e-03  2.186115e-05     4.075867e-01     0.26
 CD2_10    CZ_1     1  4.223875e-03  1.715492e-05     3.994352e-01     0.26
 CD2_10   CZ_10     1  1.775135e-03  3.029906e-06     3.457002e-01     0.26
 CD2_10    OH_1     1  1.387518e-02  1.851159e-04     4.870059e-01     0.26
 CD2_10   OH_10     1  1.689053e-03  2.743174e-06     3.428480e-01     0.26
  CD2_6   CD2_6     1  5.454702e-03  2.860939e-05     4.168274e-01     0.26
  CD2_6   CD2_7     1  6.726793e-04  4.350937e-07     2.940779e-01     0.26
  CD2_6    CG_6     1  3.016360e-03  8.748490e-06     3.776374e-01     0.26
  CD2_6    CG_7     1  2.721274e-03  7.120512e-06     3.712130e-01     0.26
  CD2_6     C_5     1  4.044606e-03  1.572965e-05     3.965584e-01     0.26
  CD2_6     C_6     1  7.339068e-03  5.179030e-05     4.379601e-01     0.26
  CD2_6     N_5     1  1.135627e-02  1.240047e-04     4.710139e-01     0.26
  CD2_6     N_6     1  6.620940e-03  4.215082e-05     4.305078e-01     0.26
  CD2_6     N_7     1  8.092754e-03  6.297371e-05     4.451542e-01     0.26
  CD2_6     O_5     1  3.478053e-03  1.163159e-05     3.867086e-01     0.26
  CD2_6     O_6     1  9.684911e-03  9.018990e-05     4.586806e-01     0.26
  CD2_7   CD2_7     1  5.435205e-03  2.840525e-05     4.165787e-01     0.26
  CD2_7    CG_6     1  2.383965e-03  5.464699e-06     3.631152e-01     0.26
  CD2_7    CG_7     1  1.889425e-03  3.432621e-06     3.493140e-01     0.26
  CD2_7     C_4     1  1.155186e-02  1.283130e-04     4.723564e-01     0.26
  CD2_7     C_5     1  5.892061e-03  3.338114e-05     4.222202e-01     0.26
  CD2_7     C_6     1  9.053372e-03  7.881109e-05     4.535545e-01     0.26
  CD2_7     N_5     1  9.495153e-03  8.669032e-05     4.571704e-01     0.26
  CD2_7     N_6     1  4.504974e-03  1.951422e-05     4.037475e-01     0.26
  CD2_7     N_7     1  9.850862e-03  9.330720e-05     4.599813e-01     0.26
  CD2_7   O1_11     1  1.374482e-02  1.816538e-04     4.862403e-01     0.26
  CD2_7     O_5     1  8.017666e-03  6.181055e-05     4.444632e-01     0.26
  CD2_7     O_6     1  2.230375e-03  4.783243e-06     3.591072e-01     0.26
  CD2_7     O_7     1  1.023754e-02  1.007762e-04     4.629425e-01     0.26
   CD_3    CD_3     1  5.410096e-03  2.814340e-05     4.162574e-01     0.26
   CD_3  CE1_10     1  7.511438e-04  5.425163e-07     2.995355e-01     0.26
   CD_3  CE2_10     1  4.770545e-03  2.188278e-05     4.076203e-01     0.26
   CD_3   CG1_3     1  2.828203e-03  7.691087e-06     3.736052e-01     0.26
   CD_3   CG2_3     1  1.304947e-02  1.637391e-04     4.820513e-01     0.26
   CD_3   CG_10     1  5.371432e-03  2.774257e-05     4.157601e-01     0.26
   CD_3   CZ_10     1  1.339129e-03  1.724295e-06     3.298361e-01     0.26
   CD_3     C_8     1  3.990744e-03  1.531350e-05     3.956733e-01     0.26
   CD_3     N_8     1  1.296137e-02  1.615356e-04     4.815073e-01     0.26
   CD_3    OG_8     1  2.514325e-03  6.078681e-06     3.663515e-01     0.26
   CD_3   OH_10     1  3.219373e-04  9.965733e-08     2.600896e-01     0.26
   CD_3     O_2     1  6.544980e-03  4.118919e-05     4.296807e-01     0.26
   CD_3     O_8     1  1.031932e-03  1.023926e-06     3.158176e-01     0.26
   CD_9    CD_9     1  5.407913e-03  2.812070e-05     4.162294e-01     0.26
   CD_9   CG2_2     1  8.162081e-03  6.405728e-05     4.457875e-01     0.26
   CD_9    CG_9     1  4.579180e-03  2.016239e-05     4.048484e-01     0.26
   CD_9     C_3     1  1.030060e-02  1.020214e-04     4.634165e-01     0.26
   CD_9     C_7     1  1.184566e-02  1.349226e-04     4.743377e-01     0.26
   CD_9     C_8     1  2.403720e-03  5.555642e-06     3.636150e-01     0.26
   CD_9     C_9     1  9.173536e-03  8.091707e-05     4.545523e-01     0.26
   CD_9    N_10     1  1.141646e-02  1.253228e-04     4.714291e-01     0.26
   CD_9     N_4     1  1.263670e-02  1.535445e-04     4.794758e-01     0.26
   CD_9     N_8     1  4.146710e-03  1.653385e-05     3.982096e-01     0.26
   CD_9     N_9     1  2.032208e-03  3.971027e-06     3.535812e-01     0.26
   CD_9     O_3     1  3.872900e-03  1.442245e-05     3.937016e-01     0.26
   CD_9     O_7     1  6.764564e-03  4.399936e-05     4.320504e-01     0.26
   CD_9     O_8     1  2.386294e-03  5.475384e-06     3.631743e-01     0.26
   CD_9     O_9     1  1.402224e-02  1.890607e-04     4.878624e-01     0.26
  CE1_1   CE1_1     1  5.390096e-03  2.793571e-05     4.160005e-01     0.26
  CE1_1   CE2_1     1  5.666467e-04  3.087389e-07     2.857897e-01     0.26
  CE1_1  CE2_10     1  6.560919e-03  4.139006e-05     4.298549e-01     0.26
  CE1_1    CG_1     1  2.194733e-03  4.631589e-06     3.581443e-01     0.26
  CE1_1    CZ_1     1  2.028728e-03  3.957440e-06     3.534802e-01     0.26
  CE1_1    C_11     1  6.029116e-04  3.495215e-07     2.887598e-01     0.26
  CE1_1     N_1     1  2.217141e-03  4.726648e-06     3.587512e-01     0.26
  CE1_1    N_11     1  8.828382e-03  7.494263e-05     4.516562e-01     0.26
  CE1_1   O1_11     1  2.478931e-04  5.908751e-08     2.490034e-01     0.26
  CE1_1   O2_11     1  5.855118e-04  3.296385e-07     2.873539e-01     0.26
  CE1_1   OG_11     1  1.421978e-03  1.944252e-06     3.331526e-01     0.26
  CE1_1    OH_1     1  4.438376e-03  1.894152e-05     4.027465e-01     0.26
 CE1_10  CE1_10     1  5.415789e-03  2.820266e-05     4.163303e-01     0.26
 CE1_10  CE2_10     1  6.798908e-03  4.444726e-05     4.324152e-01     0.26
 CE1_10   CG1_3     1  1.674269e-03  2.695362e-06     3.423460e-01     0.26
 CE1_10   CG_10     1  1.780947e-03  3.049782e-06     3.458886e-01     0.26
 CE1_10   CZ_10     1  4.918407e-03  2.326031e-05     4.096993e-01     0.26
 CE1_10     C_8     1  1.012754e-02  9.862215e-05     4.621097e-01     0.26
 CE1_10     C_9     1  1.189474e-02  1.360431e-04     4.746647e-01     0.26
 CE1_10    N_10     1  5.930455e-03  3.381760e-05     4.226775e-01     0.26
 CE1_10   OH_10     1  2.648933e-03  6.746965e-06     3.695498e-01     0.26
 CE1_10     O_2     1  1.112176e-02  1.189361e-04     4.693787e-01     0.26
 CE1_10     O_8     1  2.068757e-03  4.115149e-06     3.546332e-01     0.26
  CE2_1   CE2_1     1  5.389799e-03  2.793263e-05     4.159967e-01     0.26
  CE2_1  CE2_10     1  3.755398e-03  1.356059e-05     3.916852e-01     0.26
  CE2_1    CG_1     1  4.589804e-03  2.025606e-05     4.050048e-01     0.26
  CE2_1   CG_10     1  6.043320e-03  3.511704e-05     4.240077e-01     0.26
  CE2_1    CZ_1     1  1.600206e-03  2.462171e-06     3.397742e-01     0.26
  CE2_1   CZ_10     1  1.288933e-02  1.597451e-04     4.810603e-01     0.26
  CE2_1    C_11     1  4.046964e-03  1.574800e-05     3.965969e-01     0.26
  CE2_1     N_1     1  1.194643e-02  1.372282e-04     4.750079e-01     0.26
  CE2_1    N_11     1  1.300652e-02  1.626630e-04     4.817865e-01     0.26
  CE2_1   O1_11     1  3.032008e-03  8.839494e-06     3.779632e-01     0.26
  CE2_1   O2_11     1  3.719436e-03  1.330212e-05     3.910575e-01     0.26
  CE2_1   OG_11     1  2.424501e-03  5.652123e-06     3.641370e-01     0.26
  CE2_1    OH_1     1  2.125099e-03  4.342350e-06     3.562249e-01     0.26
 CE2_10  CE2_10     1  5.410721e-03  2.814991e-05     4.162654e-01     0.26
 CE2_10   CG1_3     1  5.338333e-03  2.740173e-05     4.153320e-01     0.26
 CE2_10    CG_1     1  1.157945e-03  1.289265e-06     3.219406e-01     0.26
 CE2_10   CG_10     1  2.565169e-03  6.327011e-06     3.675760e-01     0.26
 CE2_10    CZ_1     1  9.778657e-03  9.194436e-05     4.594176e-01     0.26
 CE2_10   CZ_10     1  3.390055e-03  1.105045e-05     3.850604e-01     0.26
 CE2_10     C_1     1  5.459655e-03  2.866138e-05     4.168905e-01     0.26
 CE2_10     C_2     1  1.359287e-02  1.776597e-04     4.853402e-01     0.26
 CE2_10     N_1     1  6.143616e-03  3.629233e-05     4.251725e-01     0.26
 CE2_10     N_2     1  6.751761e-03  4.383296e-05     4.319140e-01     0.26
 CE2_10   OH_10     1  1.762315e-03  2.986302e-06     3.452829e-01     0.26
 CE2_10     O_1     1  6.653400e-03  4.256512e-05     4.308589e-01     0.26
 CE2_10     O_2     1  6.190627e-03  3.684987e-05     4.257130e-01     0.26
  CG1_3   CG1_3     1  5.412176e-03  2.816505e-05     4.162840e-01     0.26
  CG1_3   CG2_3     1  5.446943e-03  2.852806e-05     4.167285e-01     0.26
  CG1_3   CG_10     1  1.351568e-02  1.756478e-04     4.848798e-01     0.26
  CG1_3   CZ_10     1  1.573796e-03  2.381572e-06     3.388331e-01     0.26
  CG1_3     C_3     1  1.164081e-02  1.302965e-04     4.729606e-01     0.26
  CG1_3     N_3     1  5.862363e-03  3.304548e-05     4.218647e-01     0.26
  CG1_3    OG_8     1  4.898060e-03  2.306826e-05     4.094163e-01     0.26
  CG1_3   OH_10     1  6.653984e-04  4.257260e-07     2.935450e-01     0.26
  CG1_3     O_2     1  4.034883e-03  1.565412e-05     3.963993e-01     0.26
  CG1_3     O_3     1  6.879329e-03  4.550497e-05     4.332635e-01     0.26
  CG1_3     O_8     1  7.429997e-03  5.308159e-05     4.388599e-01     0.26
  CG2_2   CG2_2     1  5.420196e-03  2.824858e-05     4.163868e-01     0.26
  CG2_2    CG_9     1  1.497593e-03  2.156523e-06     3.360419e-01     0.26
  CG2_2    C_10     1  2.116836e-03  4.308647e-06     3.559937e-01     0.26
  CG2_2     C_2     1  6.089119e-03  3.565132e-05     4.245415e-01     0.26
  CG2_2     C_9     1  1.366390e-03  1.795214e-06     3.309458e-01     0.26
  CG2_2    N_10     1  9.279901e-04  8.280439e-07     3.102785e-01     0.26
  CG2_2    N_11     1  6.551536e-03  4.127175e-05     4.297524e-01     0.26
  CG2_2     N_9     1  8.878928e-03  7.580324e-05     4.520861e-01     0.26
  CG2_2   OG1_2     1  4.423554e-03  1.881522e-05     4.025220e-01     0.26
  CG2_2   OG_11     1  8.187840e-03  6.446224e-05     4.460217e-01     0.26
  CG2_2     O_1     1  4.357753e-03  1.825962e-05     4.015179e-01     0.26
  CG2_2    O_10     1  4.940065e-04  2.346562e-07     2.793293e-01     0.26
  CG2_2     O_2     1  3.286897e-03  1.038816e-05     3.830823e-01     0.26
  CG2_2     O_9     1  8.010803e-04  6.170477e-07     3.027660e-01     0.26
  CG2_3   CG2_3     1  5.422929e-03  2.827708e-05     4.164218e-01     0.26
  CG2_3     C_3     1  9.981623e-03  9.580078e-05     4.609933e-01     0.26
  CG2_3     C_4     1  7.263220e-03  5.072536e-05     4.372025e-01     0.26
  CG2_3     N_4     1  3.852642e-03  1.427197e-05     3.933576e-01     0.26
  CG2_3    OG_8     1  2.042543e-03  4.011521e-06     3.538802e-01     0.26
  CG2_3   OH_10     1  9.565012e-03  8.797064e-05     4.577293e-01     0.26
  CG2_3     O_2     1  1.120885e-02  1.208060e-04     4.699893e-01     0.26
  CG2_3     O_3     1  4.256217e-03  1.741863e-05     3.999433e-01     0.26
  CG2_3     O_4     1  2.645790e-03  6.730967e-06     3.694767e-01     0.26
   CG_1    CG_1     1  5.393736e-03  2.797345e-05     4.160473e-01     0.26
   CG_1   CG_10     1  5.375309e-03  2.778264e-05     4.158101e-01     0.26
   CG_1    CZ_1     1  7.467507e-03  5.361890e-05     4.392284e-01     0.26
   CG_1   CZ_10     1  4.678931e-03  2.105038e-05     4.063050e-01     0.26
   CG_1     C_1     1  1.302877e-02  1.632201e-04     4.819238e-01     0.26
   CG_1    C_11     1  2.445318e-03  5.749594e-06     3.646562e-01     0.26
   CG_1     N_1     1  2.443524e-03  5.741165e-06     3.646117e-01     0.26
   CG_1   O1_11     1  1.803361e-03  3.127028e-06     3.466104e-01     0.26
   CG_1   O2_11     1  1.526480e-03  2.240521e-06     3.371136e-01     0.26
   CG_1   OG_11     1  1.334595e-02  1.712639e-04     4.838596e-01     0.26
   CG_1   OH_10     1  5.025845e-03  2.428762e-05     4.111775e-01     0.26
   CG_1     O_1     1  8.669375e-03  7.226737e-05     4.502901e-01     0.26
  CG_10   CG_10     1  5.409052e-03  2.813255e-05     4.162440e-01     0.26
  CG_10    CZ_1     1  1.324707e-02  1.687355e-04     4.832603e-01     0.26
  CG_10   CZ_10     1  1.456994e-03  2.041185e-06     3.345061e-01     0.26
  CG_10    C_10     1  1.241243e-02  1.481426e-04     4.780470e-01     0.26
  CG_10    N_10     1  8.000613e-03  6.154789e-05     4.443055e-01     0.26
  CG_10   OH_10     1  2.078249e-03  4.152999e-06     3.549038e-01     0.26
  CG_10    O_10     1  9.997044e-03  9.609701e-05     4.611120e-01     0.26
  CG_10     O_9     1  4.248367e-03  1.735445e-05     3.998203e-01     0.26
   CG_6    CG_6     1  5.448410e-03  2.854343e-05     4.167472e-01     0.26
   CG_6    CG_7     1  9.572969e-03  8.811706e-05     4.577927e-01     0.26
   CG_6     C_5     1  7.510051e-03  5.423160e-05     4.396444e-01     0.26
   CG_6     C_6     1  4.116806e-03  1.629624e-05     3.977295e-01     0.26
   CG_6     C_7     1  1.243952e-02  1.487901e-04     4.782207e-01     0.26
   CG_6     N_6     1  6.146144e-03  3.632220e-05     4.252016e-01     0.26
   CG_6     N_7     1  2.828036e-03  7.690181e-06     3.736015e-01     0.26
   CG_6    OG_8     1  1.154956e-02  1.282619e-04     4.723407e-01     0.26
   CG_6     O_5     1  3.012755e-03  8.727591e-06     3.775621e-01     0.26
   CG_6     O_6     1  7.970039e-03  6.107839e-05     4.440220e-01     0.26
   CG_6     O_7     1  7.813643e-03  5.870482e-05     4.425578e-01     0.26
   CG_7    CG_7     1  5.429371e-03  2.834430e-05     4.165042e-01     0.26
   CG_7     C_4     1  8.666156e-03  7.221371e-05     4.502622e-01     0.26
   CG_7     C_5     1  1.371929e-02  1.809796e-04     4.860896e-01     0.26
   CG_7     C_6     1  3.083492e-03  9.142231e-06     3.790253e-01     0.26
   CG_7     N_5     1  1.113553e-02  1.192307e-04     4.694755e-01     0.26
   CG_7     N_6     1  1.212462e-02  1.413523e-04     4.761814e-01     0.26
   CG_7     N_7     1  5.532518e-03  2.943150e-05     4.178127e-01     0.26
   CG_7     O_4     1  9.078804e-03  7.925450e-05     4.537666e-01     0.26
   CG_7     O_5     1  8.750684e-03  7.362930e-05     4.509912e-01     0.26
   CG_7     O_6     1  6.130483e-04  3.613733e-07     2.895633e-01     0.26
   CG_7     O_7     1  7.268412e-03  5.079789e-05     4.372546e-01     0.26
   CG_9    CG_9     1  5.403590e-03  2.807575e-05     4.161739e-01     0.26
   CG_9     C_2     1  1.117033e-02  1.199772e-04     4.697197e-01     0.26
   CG_9     C_3     1  2.324182e-03  5.194062e-06     3.615815e-01     0.26
   CG_9     C_8     1  4.327174e-03  1.800427e-05     4.010469e-01     0.26
   CG_9     C_9     1  5.091293e-03  2.492430e-05     4.120651e-01     0.26
   CG_9    N_10     1  5.804189e-03  3.239289e-05     4.211641e-01     0.26
   CG_9     N_3     1  4.072883e-03  1.595036e-05     3.970191e-01     0.26
   CG_9     N_4     1  5.017738e-03  2.420932e-05     4.110668e-01     0.26
   CG_9     N_8     1  1.154643e-02  1.281924e-04     4.723194e-01     0.26
   CG_9     N_9     1  2.014512e-03  3.902173e-06     3.530662e-01     0.26
   CG_9     O_3     1  6.893414e-04  4.569149e-07     2.952796e-01     0.26
   CG_9     O_8     1  4.720269e-03  2.142398e-05     4.069011e-01     0.26
   CG_9     O_9     1  1.394829e-02  1.870720e-04     4.874326e-01     0.26
   CZ_1    CZ_1     1  5.395038e-03  2.798696e-05     4.160641e-01     0.26
   CZ_1    C_11     1  1.785119e-03  3.064087e-06     3.460235e-01     0.26
   CZ_1     N_1     1  1.065837e-02  1.092315e-04     4.660611e-01     0.26
   CZ_1   O1_11     1  2.041055e-03  4.005678e-06     3.538373e-01     0.26
   CZ_1   O2_11     1  2.777048e-03  7.415380e-06     3.724703e-01     0.26
   CZ_1   OG1_2     1  1.409678e-02  1.910761e-04     4.882937e-01     0.26
   CZ_1   OG_11     1  6.538341e-04  4.110568e-07     2.926885e-01     0.26
   CZ_1    OH_1     1  4.888169e-03  2.297519e-05     4.092784e-01     0.26
  CZ_10   CZ_10     1  5.412800e-03  2.817154e-05     4.162920e-01     0.26
  CZ_10     C_1     1  6.898758e-03  4.576236e-05     4.334672e-01     0.26
  CZ_10     C_2     1  9.847642e-03  9.324621e-05     4.599562e-01     0.26
  CZ_10    N_10     1  1.419160e-02  1.936552e-04     4.888395e-01     0.26
  CZ_10     N_2     1  8.863578e-03  7.554136e-05     4.519558e-01     0.26
  CZ_10   OH_10     1  2.210478e-03  4.698283e-06     3.585713e-01     0.26
  CZ_10     O_1     1  9.140271e-03  8.033131e-05     4.542772e-01     0.26
  CZ_10     O_2     1  3.521687e-03  1.192527e-05     3.875130e-01     0.26
  CZ_10     O_8     1  7.142674e-03  4.905558e-05     4.359847e-01     0.26
    C_1     C_1     1  5.403047e-03  2.807012e-05     4.161669e-01     0.26
    C_1     C_2     1  4.642978e-03  2.072812e-05     4.057830e-01     0.26
    C_1     N_1     1  4.377363e-03  1.842434e-05     4.018185e-01     0.26
    C_1     N_2     1  1.522561e-03  2.229031e-06     3.369692e-01     0.26
    C_1   O2_11     1  9.310519e-03  8.335170e-05     4.556766e-01     0.26
    C_1   OG1_2     1  1.994639e-03  3.825562e-06     3.524833e-01     0.26
    C_1   OG_11     1  1.036396e-03  1.032804e-06     3.160449e-01     0.26
    C_1    OH_1     1  6.448214e-03  3.998025e-05     4.286153e-01     0.26
    C_1   OH_10     1  2.232877e-03  4.793980e-06     3.591743e-01     0.26
    C_1     O_1     1  1.078507e-03  1.118440e-06     3.181498e-01     0.26
    C_1     O_2     1  1.505388e-03  2.179033e-06     3.363328e-01     0.26
   C_10    C_10     1  5.399666e-03  2.803500e-05     4.161235e-01     0.26
   C_10    C_11     1  8.565823e-03  7.055127e-05     4.493892e-01     0.26
   C_10     C_9     1  1.055091e-02  1.070401e-04     4.652747e-01     0.26
   C_10    N_10     1  9.616590e-03  8.892193e-05     4.581397e-01     0.26
   C_10    N_11     1  2.190400e-03  4.613318e-06     3.580264e-01     0.26
   C_10   O1_11     1  5.021521e-03  2.424584e-05     4.111185e-01     0.26
   C_10   OG1_2     1  1.025722e-03  1.011640e-06     3.155000e-01     0.26
   C_10   OG_11     1  1.303274e-02  1.633195e-04     4.819482e-01     0.26
   C_10     O_1     1  1.159998e-02  1.293843e-04     4.726838e-01     0.26
   C_10    O_10     1  1.424003e-03  1.949794e-06     3.332317e-01     0.26
   C_10     O_9     1  3.557839e-03  1.217136e-05     3.881731e-01     0.26
   C_11    C_11     1  5.392120e-03  2.795669e-05     4.160265e-01     0.26
   C_11     C_7     1  8.880573e-03  7.583133e-05     4.521001e-01     0.26
   C_11     C_8     1  4.116529e-03  1.629405e-05     3.977251e-01     0.26
   C_11     N_1     1  9.613465e-04  8.886414e-07     3.121101e-01     0.26
   C_11    N_11     1  8.785794e-03  7.422133e-05     4.512923e-01     0.26
   C_11     N_8     1  2.342480e-03  5.276166e-06     3.620543e-01     0.26
   C_11   O1_11     1  9.976232e-04  9.569731e-07     3.140428e-01     0.26
   C_11   O2_11     1  1.775550e-03  3.031326e-06     3.457137e-01     0.26
   C_11   OG1_2     1  1.239614e-02  1.477541e-04     4.779424e-01     0.26
   C_11   OG_11     1  1.063216e-02  1.086950e-04     4.658699e-01     0.26
   C_11    OG_8     1  8.126358e-03  6.349779e-05     4.454618e-01     0.26
   C_11    OH_1     1  4.151563e-03  1.657258e-05     3.982872e-01     0.26
   C_11    O_10     1  4.402086e-03  1.863304e-05     4.021958e-01     0.26
   C_11     O_6     1  5.795290e-03  3.229364e-05     4.210564e-01     0.26
   C_11     O_8     1  1.485735e-03  2.122509e-06     3.355970e-01     0.26
    C_2     C_2     1  5.412747e-03  2.817099e-05     4.162914e-01     0.26
    C_2     C_3     1  1.344323e-02  1.737696e-04     4.844456e-01     0.26
    C_2     N_2     1  6.362122e-03  3.891980e-05     4.276562e-01     0.26
    C_2     N_3     1  2.557994e-03  6.291667e-06     3.674044e-01     0.26
    C_2   OH_10     1  2.394487e-03  5.513044e-06     3.633818e-01     0.26
    C_2     O_1     1  1.422428e-03  1.945483e-06     3.331702e-01     0.26
    C_2     O_2     1  1.050889e-03  1.061892e-06     3.167772e-01     0.26
    C_2     O_3     1  6.068129e-03  3.540595e-05     4.242973e-01     0.26
    C_3     C_3     1  5.427211e-03  2.832175e-05     4.164766e-01     0.26
    C_3     C_4     1  4.325616e-03  1.799130e-05     4.010228e-01     0.26
    C_3     N_3     1  9.188859e-03  8.118762e-05     4.546788e-01     0.26
    C_3     N_4     1  1.555857e-03  2.327586e-06     3.381863e-01     0.26
    C_3     O_2     1  5.940562e-03  3.393295e-05     4.227975e-01     0.26
    C_3     O_3     1  1.004855e-03  9.708984e-07     3.144211e-01     0.26
    C_3     O_4     1  1.400478e-03  1.885903e-06     3.323078e-01     0.26
    C_4     C_4     1  5.444267e-03  2.850004e-05     4.166944e-01     0.26
    C_4     C_5     1  9.757244e-03  9.154213e-05     4.592498e-01     0.26
    C_4     N_4     1  6.002502e-03  3.464426e-05     4.235290e-01     0.26
    C_4     N_5     1  2.297333e-03  5.074748e-06     3.608819e-01     0.26
    C_4     O_3     1  1.295470e-03  1.613695e-06     3.280190e-01     0.26
    C_4     O_4     1  8.718826e-04  7.309416e-07     3.070700e-01     0.26
    C_4     O_5     1  3.538290e-03  1.203798e-05     3.878169e-01     0.26
    C_5     C_5     1  5.458769e-03  2.865208e-05     4.168792e-01     0.26
    C_5     C_6     1  1.004773e-02  9.707396e-05     4.615008e-01     0.26
    C_5     N_5     1  9.935455e-03  9.491660e-05     4.606373e-01     0.26
    C_5     N_6     1  2.221051e-03  4.743335e-06     3.588565e-01     0.26
    C_5     O_4     1  3.479693e-03  1.164256e-05     3.867390e-01     0.26
    C_5     O_5     1  8.785153e-04  7.421049e-07     3.074581e-01     0.26
    C_5     O_6     1  3.730537e-03  1.338164e-05     3.912518e-01     0.26
    C_6     C_6     1  5.437867e-03  2.843307e-05     4.166127e-01     0.26
    C_6     C_7     1  6.554018e-03  4.130303e-05     4.297795e-01     0.26
    C_6     N_6     1  1.055948e-02  1.072140e-04     4.653377e-01     0.26
    C_6     N_7     1  1.881456e-03  3.403726e-06     3.490681e-01     0.26
    C_6   O1_11     1  8.395692e-03  6.777658e-05     4.478891e-01     0.26
    C_6     O_5     1  3.332766e-03  1.068013e-05     3.839682e-01     0.26
    C_6     O_6     1  8.945713e-04  7.694786e-07     3.083876e-01     0.26
    C_6     O_7     1  2.359332e-03  5.352352e-06     3.624871e-01     0.26
    C_7     C_7     1  5.421206e-03  2.825911e-05     4.163997e-01     0.26
    C_7     C_8     1  1.063806e-02  1.088157e-04     4.659130e-01     0.26
    C_7     N_7     1  7.641509e-03  5.614679e-05     4.409178e-01     0.26
    C_7     N_8     1  2.344336e-03  5.284529e-06     3.621021e-01     0.26
    C_7   O1_11     1  1.852008e-03  3.298014e-06     3.481515e-01     0.26
    C_7    OG_8     1  9.624730e-03  8.907253e-05     4.582043e-01     0.26
    C_7     O_6     1  2.047131e-03  4.029562e-06     3.540126e-01     0.26
    C_7     O_7     1  8.670490e-04  7.228596e-07     3.067857e-01     0.26
    C_7     O_8     1  1.221354e-02  1.434333e-04     4.767617e-01     0.26
    C_8     C_8     1  5.416099e-03  2.820589e-05     4.163343e-01     0.26
    C_8     C_9     1  1.097506e-02  1.158192e-04     4.683411e-01     0.26
    C_8    N_11     1  1.676391e-03  2.702199e-06     3.424183e-01     0.26
    C_8     N_8     1  1.083746e-02  1.129331e-04     4.673573e-01     0.26
    C_8     N_9     1  4.486531e-03  1.935477e-05     4.034715e-01     0.26
    C_8   O1_11     1  9.283103e-04  8.286155e-07     3.102963e-01     0.26
    C_8    OG_8     1  6.006561e-03  3.469113e-05     4.235767e-01     0.26
    C_8     O_7     1  3.466712e-03  1.155586e-05     3.864981e-01     0.26
    C_8     O_8     1  2.315697e-03  5.156203e-06     3.613611e-01     0.26
    C_8     O_9     1  3.236034e-03  1.006915e-05     3.820879e-01     0.26
    C_9     C_9     1  5.406098e-03  2.810182e-05     4.162061e-01     0.26
    C_9    N_10     1  1.963539e-03  3.707199e-06     3.515613e-01     0.26
    C_9     N_9     1  1.065512e-02  1.091650e-04     4.660375e-01     0.26
    C_9   OG1_2     1  9.920840e-03  9.463756e-05     4.605243e-01     0.26
    C_9    O_10     1  4.602298e-03  2.036648e-05     4.051883e-01     0.26
    C_9     O_8     1  4.551357e-03  1.991812e-05     4.044373e-01     0.26
    C_9     O_9     1  9.544328e-04  8.759057e-07     3.117348e-01     0.26
    N_1     N_1     1  5.397645e-03  2.801401e-05     4.160976e-01     0.26
    N_1     N_2     1  3.202446e-03  9.861214e-06     3.814241e-01     0.26
    N_1   O1_11     1  5.026566e-04  2.429458e-07     2.801386e-01     0.26
    N_1   O2_11     1  4.098482e-04  1.615150e-07     2.707686e-01     0.26
    N_1   OG1_2     1  5.624592e-03  3.041926e-05     4.189636e-01     0.26
    N_1   OG_11     1  7.008420e-04  4.722879e-07     2.960950e-01     0.26
    N_1    OH_1     1  2.462894e-03  5.832545e-06     3.650918e-01     0.26
    N_1   OH_10     1  1.177427e-02  1.333013e-04     4.738601e-01     0.26
    N_1     O_1     1  8.027408e-03  6.196085e-05     4.445531e-01     0.26
   N_10    N_10     1  5.403969e-03  2.807970e-05     4.161788e-01     0.26
   N_10    N_11     1  9.213716e-03  8.162747e-05     4.548836e-01     0.26
   N_10     N_9     1  9.987346e-03  9.591066e-05     4.610374e-01     0.26
   N_10   OG1_2     1  4.198660e-03  1.695071e-05     3.990367e-01     0.26
   N_10    O_10     1  4.577041e-03  2.014356e-05     4.048169e-01     0.26
   N_10     O_9     1  2.616429e-04  6.582405e-08     2.512538e-01     0.26
   N_11    N_11     1  5.398803e-03  2.802604e-05     4.161124e-01     0.26
   N_11     N_8     1  5.992736e-03  3.453162e-05     4.234141e-01     0.26
   N_11   O1_11     1  3.456653e-03  1.148890e-05     3.863110e-01     0.26
   N_11   O2_11     1  8.322082e-03  6.659331e-05     4.472322e-01     0.26
   N_11   OG1_2     1  2.402154e-03  5.548409e-06     3.635755e-01     0.26
   N_11   OG_11     1  1.304853e-02  1.637155e-04     4.820455e-01     0.26
   N_11    OG_8     1  1.095671e-02  1.154323e-04     4.682105e-01     0.26
   N_11     O_1     1  1.173618e-02  1.324403e-04     4.736042e-01     0.26
   N_11    O_10     1  5.301749e-04  2.702744e-07     2.826383e-01     0.26
   N_11     O_8     1  6.776925e-04  4.416030e-07     2.944421e-01     0.26
    N_2     N_2     1  5.405288e-03  2.809340e-05     4.161957e-01     0.26
    N_2   OG1_2     1  5.773371e-03  3.204982e-05     4.207906e-01     0.26
    N_2   OG_11     1  3.739928e-03  1.344910e-05     3.914158e-01     0.26
    N_2    OH_1     1  1.177044e-02  1.332147e-04     4.738344e-01     0.26
    N_2   OH_10     1  2.075378e-03  4.141532e-06     3.548221e-01     0.26
    N_2     O_1     1  1.967413e-04  3.721840e-08     2.395946e-01     0.26
    N_2    O_10     1  1.095288e-02  1.153514e-04     4.681832e-01     0.26
    N_2     O_2     1  1.651285e-03  2.621868e-06     3.415583e-01     0.26
    N_3     N_3     1  5.416478e-03  2.820984e-05     4.163392e-01     0.26
    N_3     N_4     1  6.415874e-03  3.958023e-05     4.282563e-01     0.26
    N_3   OH_10     1  2.758513e-03  7.316726e-06     3.720548e-01     0.26
    N_3     O_1     1  8.772958e-03  7.400461e-05     4.511824e-01     0.26
    N_3     O_2     1  4.644592e-04  2.074254e-07     2.764728e-01     0.26
    N_3     O_3     1  4.273055e-03  1.755673e-05     4.002065e-01     0.26
    N_4     N_4     1  5.431841e-03  2.837009e-05     4.165358e-01     0.26
    N_4     O_3     1  1.841040e-04  3.259067e-08     2.369582e-01     0.26
    N_4     O_4     1  1.385158e-03  1.844867e-06     3.316991e-01     0.26
    N_5     N_5     1  5.448664e-03  2.854609e-05     4.167505e-01     0.26
    N_5     N_6     1  1.163556e-02  1.301791e-04     4.729250e-01     0.26
    N_5     O_3     1  7.784088e-03  5.826157e-05     4.422784e-01     0.26
    N_5     O_4     1  3.032892e-04  8.844651e-08     2.575158e-01     0.26
    N_5     O_5     1  2.662491e-03  6.816209e-06     3.698643e-01     0.26
    N_6     N_6     1  5.452899e-03  2.859049e-05     4.168045e-01     0.26
    N_6     N_7     1  9.242767e-03  8.214302e-05     4.551223e-01     0.26
    N_6     O_5     1  2.761762e-04  7.333970e-08     2.535277e-01     0.26
    N_6     O_6     1  2.954829e-03  8.395205e-06     3.763424e-01     0.26
    N_7     N_7     1  5.432552e-03  2.837752e-05     4.165448e-01     0.26
    N_7     N_8     1  1.332754e-02  1.707917e-04     4.837483e-01     0.26
    N_7   O1_11     1  8.597704e-03  7.107742e-05     4.496675e-01     0.26
    N_7     O_6     1  2.188744e-04  4.606345e-08     2.438898e-01     0.26
    N_7     O_7     1  1.953122e-03  3.667967e-06     3.512497e-01     0.26
    N_8     N_8     1  5.418524e-03  2.823116e-05     4.163654e-01     0.26
    N_8     N_9     1  1.092522e-02  1.147697e-04     4.679860e-01     0.26
    N_8   O1_11     1  2.925620e-04  8.230050e-08     2.559749e-01     0.26
    N_8   O2_11     1  6.487354e-03  4.046707e-05     4.290478e-01     0.26
    N_8    OG_8     1  2.530766e-03  6.158441e-06     3.667497e-01     0.26
    N_8     O_6     1  1.056752e-02  1.073773e-04     4.653967e-01     0.26
    N_8     O_7     1  2.978566e-04  8.530628e-08     2.567412e-01     0.26
    N_8     O_8     1  9.223591e-03  8.180253e-05     4.549648e-01     0.26
    N_9     N_9     1  5.405804e-03  2.809877e-05     4.162023e-01     0.26
    N_9     O_7     1  5.642343e-03  3.061157e-05     4.191837e-01     0.26
    N_9     O_8     1  2.486786e-03  5.946256e-06     3.656797e-01     0.26
    N_9     O_9     1  3.207738e-03  9.893828e-06     3.815290e-01     0.26
  O1_11   O1_11     1  5.391872e-03  2.795412e-05     4.160234e-01     0.26
  O1_11   O2_11     1  2.075972e-04  4.143902e-08     2.417490e-01     0.26
  O1_11   OG1_2     1  1.144152e-02  1.258734e-04     4.716014e-01     0.26
  O1_11   OG_11     1  3.774682e-03  1.370022e-05     3.920197e-01     0.26
  O1_11    OG_8     1  3.138322e-03  9.470255e-06     3.801404e-01     0.26
  O1_11    OH_1     1  4.520914e-03  1.965256e-05     4.039852e-01     0.26
  O1_11    O_10     1  3.329095e-03  1.065661e-05     3.838977e-01     0.26
  O1_11     O_6     1  2.788837e-03  7.478474e-06     3.727334e-01     0.26
  O1_11     O_7     1  8.333586e-03  6.677755e-05     4.473352e-01     0.26
  O1_11     O_8     1  2.669398e-04  6.851622e-08     2.520945e-01     0.26
  O2_11   O2_11     1  5.394250e-03  2.797878e-05     4.160539e-01     0.26
  O2_11    OH_1     1  8.938606e-04  7.682564e-07     3.083468e-01     0.26
  O2_11     O_6     1  3.653526e-03  1.283486e-05     3.898939e-01     0.26
  O2_11     O_8     1  6.272615e-03  3.783241e-05     4.266475e-01     0.26
  OG1_2   OG1_2     1  5.412051e-03  2.816375e-05     4.162824e-01     0.26
  OG1_2   OG_11     1  2.191152e-04  4.616486e-08     2.439345e-01     0.26
  OG1_2    OH_1     1  4.575102e-03  2.012649e-05     4.047883e-01     0.26
  OG1_2     O_1     1  2.225652e-04  4.763006e-08     2.445704e-01     0.26
  OG1_2    O_10     1  1.825235e-04  3.203347e-08     2.366179e-01     0.26
  OG1_2     O_2     1  9.472797e-03  8.628257e-05     4.569908e-01     0.26
  OG1_2     O_9     1  1.061674e-02  1.083800e-04     4.657573e-01     0.26
  OG_11   OG_11     1  5.394658e-03  2.798302e-05     4.160592e-01     0.26
  OG_11    OG_8     1  1.306641e-02  1.641644e-04     4.821555e-01     0.26
  OG_11    OH_1     1  2.008895e-04  3.880440e-08     2.404292e-01     0.26
  OG_11     O_1     1  2.850466e-04  7.812651e-08     2.548671e-01     0.26
  OG_11    O_10     1  3.496822e-03  1.175746e-05     3.870556e-01     0.26
   OG_8    OG_8     1  5.431466e-03  2.836617e-05     4.165310e-01     0.26
   OG_8     O_6     1  1.260157e-02  1.526920e-04     4.792534e-01     0.26
   OG_8     O_7     1  7.561954e-03  5.498380e-05     4.401494e-01     0.26
   OG_8     O_8     1  3.994977e-03  1.534600e-05     3.957432e-01     0.26
   OH_1    OH_1     1  1.148419e-03  1.268140e-06     3.214977e-01     0.26
   OH_1     O_1     1  7.062433e-03  4.795958e-05     4.351645e-01     0.26
  OH_10   OH_10     1  5.417748e-03  2.822307e-05     4.163554e-01     0.26
  OH_10     O_1     1  3.451307e-03  1.145338e-05     3.862114e-01     0.26
  OH_10     O_2     1  8.113621e-04  6.329888e-07     3.034102e-01     0.26
  OH_10     O_8     1  8.418008e-03  6.813737e-05     4.480873e-01     0.26
    O_1     O_1     1  5.404256e-03  2.808267e-05     4.161824e-01     0.26
    O_1    O_10     1  7.202056e-03  4.987462e-05     4.365867e-01     0.26
    O_1     O_2     1  5.960052e-04  3.415598e-07     2.882058e-01     0.26
   O_10    O_10     1  5.398590e-03  2.802382e-05     4.161097e-01     0.26
   O_10     O_9     1  1.825136e-03  3.203000e-06     3.473044e-01     0.26
    O_2     O_2     1  5.411578e-03  2.815882e-05     4.162764e-01     0.26
    O_2     O_3     1  3.348958e-03  1.078415e-05     3.842785e-01     0.26
    O_3     O_3     1  5.428312e-03  2.833324e-05     4.164906e-01     0.26
    O_3     O_4     1  5.138936e-04  2.539294e-07     2.811728e-01     0.26
    O_4     O_4     1  5.444090e-03  2.849819e-05     4.166922e-01     0.26
    O_4     O_5     1  1.502343e-03  2.170225e-06     3.362193e-01     0.26
    O_5     O_5     1  5.459003e-03  2.865454e-05     4.168822e-01     0.26
    O_5     O_6     1  1.433079e-03  1.974727e-06     3.335847e-01     0.26
    O_6     O_6     1  5.437021e-03  2.842423e-05     4.166019e-01     0.26
    O_6     O_7     1  9.012696e-04  7.810451e-07     3.087713e-01     0.26
    O_7     O_7     1  5.421122e-03  2.825823e-05     4.163986e-01     0.26
    O_7     O_8     1  5.435423e-03  2.840753e-05     4.165815e-01     0.26
    O_8     O_8     1  5.415203e-03  2.819656e-05     4.163228e-01     0.26
    O_8     O_9     1  9.815604e-04  9.264045e-07     3.131944e-01     0.26
    O_9     O_9     1  5.406700e-03  2.810808e-05     4.162138e-01     0.26