    1     2     3     4     1    gd_34
    1     2    11    13     1    gd_42
    1     2    11    13     1    gd_45
    2     3     4     5     1    gd_40
    2    11    13    14     1    gd_14
   11    13    14    18     1    gd_43
   11    13    14    18     1    gd_44
   13    14    15    16     1    gd_34
   13    14    18    20     1    gd_42
   13    14    18    20     1    gd_45
   14    18    20    21     1    gd_14
   18    20    21    26     1    gd_43
   18    20    21    26     1    gd_44
   20    21    22    23     1    gd_34
   20    21    26    28     1    gd_42
   20    21    26    28     1    gd_45
   21    22    23    25     1    gd_34
   21    26    28    29     1    gd_14
   26    28    29    31     1    gd_43
   26    28    29    31     1    gd_44
   28    29    31    33     1    gd_42
   28    29    31    33     1    gd_45
   29    31    33    34     1    gd_14
   31    33    34    36     1    gd_43
   31    33    34    36     1    gd_44
   33    34    36    38     1    gd_42
   33    34    36    38     1    gd_45
   34    36    38    39     1    gd_14
   36    38    39    44     1    gd_43
   36    38    39    44     1    gd_44
   38    39    40    41     1    gd_34
   38    39    44    46     1    gd_42
   38    39    44    46     1    gd_45
   39    40    41    42     1    gd_34
   39    44    46    47     1    gd_14
   44    46    47    52     1    gd_43
   44    46    47    52     1    gd_44
   46    47    48    49     1    gd_34
   46    47    52    54     1    gd_42
   46    47    52    54     1    gd_45
   47    48    49    50     1    gd_34
   47    52    54    55     1    gd_14
   52    54    55    58     1    gd_43
   52    54    55    58     1    gd_44
   54    55    56    57     1    gd_34
   54    55    58    60     1    gd_42
   54    55    58    60     1    gd_45
   55    58    60    61     1    gd_14
   58    60    61    65     1    gd_43
   58    60    61    65     1    gd_44
   61    60    64    63     1    gd_39
   60    61    62    63     1    gd_34
   60    61    65    67     1    gd_42
   60    61    65    67     1    gd_45
   61    62    63    64     1    gd_34
   62    63    64    60     1    gd_34
   61    65    67    68     1    gd_14
   65    67    68    77     1    gd_43
   65    67    68    77     1    gd_44
   67    68    69    70     1    gd_34
   67    68    77    79     1    gd_42
   67    68    77    79     1    gd_45
   68    69    70    71     1    gd_40
   68    77    79    80     1    gd_14
   77    79    80    83     1    gd_43
   77    79    80    83     1    gd_44
   79    80    81    82     1    gd_34
   79    80    83    85     1    gd_42
   79    80    83    85     1    gd_45