    1     2     3     2    ga_13
    1     2    11     2    ga_13
    3     2    11     2    ga_13
    2     3     4     2    ga_15
    3     4     5     2    ga_27
    3     4     6     2    ga_27
    5     4     6     2    ga_27
    4     5     7     2    ga_27
    4     6     8     2    ga_27
    5     7     9     2    ga_27
    6     8     9     2    ga_27
    7     9     8     2    ga_27
    7     9    10     2    ga_27
    8     9    10     2    ga_27
    2    11    12     2    ga_30
    2    11    13     2    ga_19
   12    11    13     2    ga_33
   11    13    14     2    ga_31
   13    14    15     2    ga_13
   13    14    18     2    ga_13
   15    14    18     2    ga_13
   14    15    16     2    ga_13
   14    15    17     2    ga_15
   16    15    17     2    ga_15
   14    18    19     2    ga_30
   14    18    20     2    ga_19
   19    18    20     2    ga_33
   18    20    21     2    ga_31
   20    21    22     2    ga_13
   20    21    26     2    ga_13
   22    21    26     2    ga_13
   21    22    23     2    ga_15
   21    22    24     2    ga_15
   23    22    24     2    ga_15
   22    23    25     2    ga_15
   21    26    27     2    ga_30
   21    26    28     2    ga_19
   27    26    28     2    ga_33
   26    28    29     2    ga_31
   28    29    30     2    ga_13
   28    29    31     2    ga_13
   30    29    31     2    ga_13
   29    31    32     2    ga_30
   29    31    33     2    ga_19
   32    31    33     2    ga_33
   31    33    34     2    ga_31
   33    34    35     2    ga_13
   33    34    36     2    ga_13
   35    34    36     2    ga_13
   34    36    37     2    ga_30
   34    36    38     2    ga_19
   37    36    38     2    ga_33
   36    38    39     2    ga_31
   38    39    40     2    ga_13
   38    39    44     2    ga_13
   40    39    44     2    ga_13
   39    40    41     2    ga_15
   40    41    42     2    ga_15
   40    41    43     2    ga_15
   42    41    43     2    ga_15
   39    44    45     2    ga_30
   39    44    46     2    ga_19
   45    44    46     2    ga_33
   44    46    47     2    ga_31
   46    47    48     2    ga_13
   46    47    52     2    ga_13
   48    47    52     2    ga_13
   47    48    49     2    ga_15
   48    49    50     2    ga_15
   48    49    51     2    ga_15
   50    49    51     2    ga_15
   47    52    53     2    ga_30
   47    52    54     2    ga_19
   53    52    54     2    ga_33
   52    54    55     2    ga_31
   54    55    56     2    ga_13
   54    55    58     2    ga_13
   56    55    58     2    ga_13
   55    56    57     2    ga_13
   55    58    59     2    ga_30
   55    58    60     2    ga_19
   59    58    60     2    ga_33
   58    60    61     2    ga_31
   58    60    64     2    ga_31
   61    60    64     2    ga_21
   60    61    62     2    ga_13
   60    61    65     2    ga_13
   62    61    65     2    ga_13
   61    62    63     2    ga_13
   62    63    64     2    ga_13
   60    64    63     2    ga_13
   61    65    66     2    ga_30
   61    65    67     2    ga_19
   66    65    67     2    ga_33
   65    67    68     2    ga_31
   67    68    69     2    ga_13
   67    68    77     2    ga_13
   69    68    77     2    ga_13
   68    69    70     2    ga_15
   69    70    71     2    ga_27
   69    70    72     2    ga_27
   71    70    72     2    ga_27
   70    71    73     2    ga_27
   70    72    74     2    ga_27
   71    73    75     2    ga_27
   72    74    75     2    ga_27
   73    75    74     2    ga_27
   73    75    76     2    ga_27
   74    75    76     2    ga_27
   68    77    78     2    ga_30
   68    77    79     2    ga_19
   78    77    79     2    ga_33
   77    79    80     2    ga_31
   79    80    81     2    ga_13
   79    80    83     2    ga_13
   81    80    83     2    ga_13
   80    81    82     2    ga_13
   80    83    84     2    ga_22
   80    83    85     2    ga_22
   84    83    85     2    ga_38