    1     2     2    gb_21
    2     3     2    gb_27
    2    11     2    gb_27
    3     4     2    gb_27
    4     5     2    gb_16
    4     6     2    gb_16
    5     7     2    gb_16
    6     8     2    gb_16
    7     9     2    gb_16
    8     9     2    gb_16
    9    10     2    gb_13
   11    12     2    gb_5
   11    13     2    gb_10
   13    14     2    gb_21
   14    15     2    gb_27
   14    18     2    gb_27
   15    16     2    gb_18
   15    17     2    gb_27
   18    19     2    gb_5
   18    20     2    gb_10
   20    21     2    gb_21
   21    22     2    gb_27
   21    26     2    gb_27
   22    23     2    gb_27
   22    24     2    gb_27
   23    25     2    gb_27
   26    27     2    gb_5
   26    28     2    gb_10
   28    29     2    gb_21
   29    30     2    gb_27
   29    31     2    gb_27
   31    32     2    gb_5
   31    33     2    gb_10
   33    34     2    gb_21
   34    35     2    gb_27
   34    36     2    gb_27
   36    37     2    gb_5
   36    38     2    gb_10
   38    39     2    gb_21
   39    40     2    gb_27
   39    44     2    gb_27
   40    41     2    gb_27
   41    42     2    gb_27
   41    43     2    gb_27
   44    45     2    gb_5
   44    46     2    gb_10
   46    47     2    gb_21
   47    48     2    gb_27
   47    52     2    gb_27
   48    49     2    gb_27
   49    50     2    gb_27
   49    51     2    gb_27
   52    53     2    gb_5
   52    54     2    gb_10
   54    55     2    gb_21
   55    56     2    gb_27
   55    58     2    gb_27
   56    57     2    gb_18
   58    59     2    gb_5
   58    60     2    gb_10
   60    61     2    gb_21
   60    64     2    gb_21
   61    62     2    gb_27
   61    65     2    gb_27
   62    63     2    gb_27
   63    64     2    gb_27
   65    66     2    gb_5
   65    67     2    gb_10
   67    68     2    gb_21
   68    69     2    gb_27
   68    77     2    gb_27
   69    70     2    gb_27
   70    71     2    gb_16
   70    72     2    gb_16
   71    73     2    gb_16
   72    74     2    gb_16
   73    75     2    gb_16
   74    75     2    gb_16
   75    76     2    gb_13
   77    78     2    gb_5
   77    79     2    gb_10
   79    80     2    gb_21
   80    81     2    gb_27
   80    83     2    gb_27
   81    82     2    gb_18
   83    84     2    gb_6
   83    85     2    gb_6