    1     2     3     2    ga_13
    1     2     7     2    ga_13
    3     2     7     2    ga_13
    2     3     4     2    ga_15
    3     4     5     2    ga_16
    4     5     6     2    ga_4
    2     7     8     2    ga_30
    2     7     9     2    ga_19
    8     7     9     2    ga_33
    7     9    10     2    ga_31
    9    10    11     2    ga_13
    9    10    15     2    ga_13
   11    10    15     2    ga_13
   10    11    12     2    ga_15
   10    11    13     2    ga_15
   12    11    13     2    ga_15
   11    12    14     2    ga_15
   10    15    16     2    ga_30
   10    15    17     2    ga_19
   16    15    17     2    ga_33
   15    17    18     2    ga_31
   17    18    19     2    ga_13
   17    18    24     2    ga_13
   19    18    24     2    ga_13
   18    19    20     2    ga_15
   19    20    21     2    ga_15
   20    21    22     2    ga_30
   20    21    23     2    ga_19
   22    21    23     2    ga_33
   18    24    25     2    ga_30
   18    24    26     2    ga_19
   25    24    26     2    ga_33
   24    26    27     2    ga_31
   26    27    28     2    ga_13
   26    27    35     2    ga_13
   28    27    35     2    ga_13
   27    28    29     2    ga_15
   28    29    30     2    ga_15
   29    30    31     2    ga_13
   30    31    32     2    ga_33
   31    32    33     2    ga_28
   31    32    34     2    ga_28
   33    32    34     2    ga_28
   27    35    36     2    ga_30
   27    35    37     2    ga_19
   36    35    37     2    ga_33
   35    37    38     2    ga_31
   37    38    39     2    ga_13
   37    38    42     2    ga_13
   39    38    42     2    ga_13
   38    39    40     2    ga_13
   38    39    41     2    ga_15
   40    39    41     2    ga_15
   38    42    43     2    ga_30
   38    42    44     2    ga_19
   43    42    44     2    ga_33
   42    44    45     2    ga_31
   42    44    48     2    ga_31
   45    44    48     2    ga_21
   44    45    46     2    ga_13
   44    45    49     2    ga_13
   46    45    49     2    ga_13
   45    46    47     2    ga_13
   46    47    48     2    ga_13
   44    48    47     2    ga_13
   45    49    50     2    ga_30
   45    49    51     2    ga_19
   50    49    51     2    ga_33
   49    51    52     2    ga_31
   51    52    53     2    ga_13
   51    52    58     2    ga_13
   53    52    58     2    ga_13
   52    53    54     2    ga_15
   53    54    55     2    ga_15
   54    55    56     2    ga_15
   55    56    57     2    ga_15
   52    58    59     2    ga_30
   52    58    60     2    ga_19
   59    58    60     2    ga_33
   58    60    61     2    ga_31
   60    61    62     2    ga_13
   60    61    66     2    ga_13
   62    61    66     2    ga_13
   61    62    63     2    ga_15
   61    62    64     2    ga_15
   63    62    64     2    ga_15
   62    63    65     2    ga_15
   61    66    67     2    ga_30
   61    66    68     2    ga_19
   67    66    68     2    ga_33
   66    68    69     2    ga_31
   68    69    70     2    ga_13
   68    69    75     2    ga_13
   70    69    75     2    ga_13
   69    70    71     2    ga_15
   70    71    72     2    ga_15
   71    72    73     2    ga_30
   71    72    74     2    ga_19
   73    72    74     2    ga_33
   69    75    76     2    ga_30
   69    75    77     2    ga_19
   76    75    77     2    ga_33
   75    77    78     2    ga_31
   77    78    79     2    ga_13
   77    78    82     2    ga_13
   79    78    82     2    ga_13
   78    79    80     2    ga_15
   78    79    81     2    ga_15
   80    79    81     2    ga_15
   78    82    83     2    ga_30
   78    82    84     2    ga_19
   83    82    84     2    ga_33
   82    84    85     2    ga_31
   84    85    86     2    ga_13
   84    85    94     2    ga_13
   86    85    94     2    ga_13
   85    86    87     2    ga_15
   86    87    88     2    ga_27
   86    87    89     2    ga_27
   88    87    89     2    ga_27
   87    88    90     2    ga_27
   87    89    91     2    ga_27
   88    90    92     2    ga_27
   89    91    92     2    ga_27
   90    92    91     2    ga_27
   90    92    93     2    ga_27
   91    92    93     2    ga_27
   85    94    95     2    ga_30
   85    94    96     2    ga_19
   95    94    96     2    ga_33
   94    96    97     2    ga_31
   96    97    98     2    ga_13
   96    97   100     2    ga_13
   98    97   100     2    ga_13
   97    98    99     2    ga_13
   97   100   101     2    ga_30
   97   100   102     2    ga_19
  101   100   102     2    ga_33
  100   102   103     2    ga_31
  102   103   104     2    ga_13
  102   103   111     2    ga_13
  104   103   111     2    ga_13
  103   104   105     2    ga_15
  104   105   106     2    ga_15
  105   106   107     2    ga_13
  106   107   108     2    ga_33
  107   108   109     2    ga_28
  107   108   110     2    ga_28
  109   108   110     2    ga_28
  103   111   112     2    ga_30
  103   111   113     2    ga_19
  112   111   113     2    ga_33
  111   113   114     2    ga_31
  113   114   115     2    ga_13
  113   114   121     2    ga_13
  115   114   121     2    ga_13
  114   115   116     2    ga_15
  115   116   117     2    ga_37
  115   116   118     2    ga_37
  117   116   118     2    ga_7
  116   117   119     2    ga_7
  116   118   120     2    ga_7
  117   119   120     2    ga_7
  118   120   119     2    ga_7
  114   121   122     2    ga_30
  114   121   123     2    ga_19
  122   121   123     2    ga_33
  121   123   124     2    ga_31
  121   123   127     2    ga_31
  124   123   127     2    ga_21
  123   124   125     2    ga_13
  123   124   128     2    ga_13
  125   124   128     2    ga_13
  124   125   126     2    ga_13
  125   126   127     2    ga_13
  123   127   126     2    ga_13
  124   128   129     2    ga_30
  124   128   130     2    ga_19
  129   128   130     2    ga_33
  128   130   131     2    ga_31
  130   131   132     2    ga_13
  130   131   133     2    ga_13
  132   131   133     2    ga_13
  131   133   134     2    ga_30
  131   133   135     2    ga_19
  134   133   135     2    ga_33
  133   135   136     2    ga_31
  135   136   137     2    ga_13
  135   136   142     2    ga_13
  137   136   142     2    ga_13
  136   137   138     2    ga_15
  137   138   139     2    ga_15
  138   139   140     2    ga_22
  138   139   141     2    ga_22
  140   139   141     2    ga_38
  136   142   143     2    ga_30
  136   142   144     2    ga_19
  143   142   144     2    ga_33
  142   144   145     2    ga_31
  144   145   146     2    ga_13
  144   145   150     2    ga_13
  146   145   150     2    ga_13
  145   146   147     2    ga_15
  146   147   148     2    ga_30
  146   147   149     2    ga_19
  148   147   149     2    ga_33
  145   150   151     2    ga_30
  145   150   152     2    ga_19
  151   150   152     2    ga_33
  150   152   153     2    ga_31
  152   153   154     2    ga_13
  153   154   155     2    ga_30
  153   154   156     2    ga_19
  155   154   156     2    ga_33
  154   156   157     2    ga_31
  156   157   158     2    ga_13
  156   157   163     2    ga_13
  158   157   163     2    ga_13
  157   158   159     2    ga_15
  158   159   160     2    ga_15
  159   160   161     2    ga_15
  160   161   162     2    ga_15
  157   163   164     2    ga_30
  157   163   165     2    ga_19
  164   163   165     2    ga_33
  163   165   166     2    ga_31
  165   166   167     2    ga_13
  165   166   169     2    ga_13
  167   166   169     2    ga_13
  166   167   168     2    ga_13
  166   169   170     2    ga_30
  166   169   171     2    ga_19
  170   169   171     2    ga_33
  169   171   172     2    ga_31
  171   172   173     2    ga_13
  171   172   177     2    ga_13
  173   172   177     2    ga_13
  172   173   174     2    ga_15
  173   174   175     2    ga_30
  173   174   176     2    ga_19
  175   174   176     2    ga_33
  172   177   178     2    ga_30
  172   177   179     2    ga_19
  178   177   179     2    ga_33
  177   179   180     2    ga_31
  179   180   181     2    ga_13
  179   180   188     2    ga_13
  181   180   188     2    ga_13
  180   181   182     2    ga_15
  181   182   183     2    ga_27
  181   182   184     2    ga_27
  183   182   184     2    ga_27
  182   183   185     2    ga_27
  182   184   186     2    ga_27
  183   185   187     2    ga_27
  184   186   187     2    ga_27
  185   187   186     2    ga_27
  180   188   189     2    ga_30
  180   188   190     2    ga_19
  189   188   190     2    ga_33
  188   190   191     2    ga_31
  190   191   192     2    ga_13
  190   191   196     2    ga_13
  192   191   196     2    ga_13
  191   192   193     2    ga_15
  192   193   194     2    ga_15
  192   193   195     2    ga_15
  194   193   195     2    ga_15
  191   196   197     2    ga_30
  191   196   198     2    ga_19
  197   196   198     2    ga_33
  196   198   199     2    ga_31
  198   199   200     2    ga_13
  198   199   204     2    ga_13
  200   199   204     2    ga_13
  199   200   201     2    ga_15
  200   201   202     2    ga_30
  200   201   203     2    ga_19
  202   201   203     2    ga_33
  199   204   205     2    ga_30
  199   204   206     2    ga_19
  205   204   206     2    ga_33
  204   206   207     2    ga_31
  206   207   208     2    ga_13
  206   207   210     2    ga_13
  208   207   210     2    ga_13
  207   208   209     2    ga_16
  208   209   672     2 
  207   210   211     2    ga_30
  207   210   212     2    ga_19
  211   210   212     2    ga_33
  210   212   213     2    ga_31
  212   213   214     2    ga_13
  212   213   222     2    ga_13
  214   213   222     2    ga_13
  213   214   215     2    ga_15
  214   215   216     2    ga_27
  214   215   217     2    ga_27
  216   215   217     2    ga_27
  215   216   218     2    ga_27
  215   217   219     2    ga_27
  216   218   220     2    ga_27
  217   219   220     2    ga_27
  218   220   219     2    ga_27
  218   220   221     2    ga_27
  219   220   221     2    ga_27
  213   222   223     2    ga_30
  213   222   224     2    ga_19
  223   222   224     2    ga_33
  222   224   225     2    ga_31
  224   225   226     2    ga_13
  224   225   229     2    ga_13
  226   225   229     2    ga_13
  225   226   227     2    ga_15
  225   226   228     2    ga_15
  227   226   228     2    ga_15
  225   229   230     2    ga_30
  225   229   231     2    ga_19
  230   229   231     2    ga_33
  229   231   232     2    ga_31
  231   232   233     2    ga_13
  231   232   235     2    ga_13
  233   232   235     2    ga_13
  232   233   234     2    ga_13
  232   235   236     2    ga_30
  232   235   237     2    ga_19
  236   235   237     2    ga_33
  235   237   238     2    ga_31
  237   238   239     2    ga_13
  238   239   240     2    ga_30
  238   239   241     2    ga_19
  240   239   241     2    ga_33
  239   241   242     2    ga_31
  241   242   243     2    ga_13
  241   242   250     2    ga_13
  243   242   250     2    ga_13
  242   243   244     2    ga_15
  243   244   245     2    ga_27
  243   244   246     2    ga_27
  245   244   246     2    ga_27
  244   245   247     2    ga_27
  244   246   248     2    ga_27
  245   247   249     2    ga_27
  246   248   249     2    ga_27
  247   249   248     2    ga_27
  242   250   251     2    ga_30
  242   250   252     2    ga_19
  251   250   252     2    ga_33
  250   252   253     2    ga_31
  252   253   254     2    ga_13
  252   253   260     2    ga_13
  254   253   260     2    ga_13
  253   254   255     2    ga_15
  254   255   256     2    ga_37
  254   255   257     2    ga_37
  256   255   257     2    ga_7
  255   256   258     2    ga_7
  255   257   259     2    ga_7
  256   258   259     2    ga_7
  257   259   258     2    ga_7
  253   260   261     2    ga_30
  253   260   262     2    ga_19
  261   260   262     2    ga_33
  260   262   263     2    ga_31
  260   262   266     2    ga_31
  263   262   266     2    ga_21
  262   263   264     2    ga_13
  262   263   267     2    ga_13
  264   263   267     2    ga_13
  263   264   265     2    ga_13
  264   265   266     2    ga_13
  262   266   265     2    ga_13
  263   267   268     2    ga_30
  263   267   269     2    ga_19
  268   267   269     2    ga_33
  267   269   270     2    ga_31
  269   270   271     2    ga_13
  269   270   273     2    ga_13
  271   270   273     2    ga_13
  270   271   272     2    ga_13
  270   273   274     2    ga_30
  270   273   275     2    ga_19
  274   273   275     2    ga_33
  273   275   276     2    ga_31
  275   276   277     2    ga_13
  275   276   281     2    ga_13
  277   276   281     2    ga_13
  276   277   278     2    ga_15
  277   278   279     2    ga_22
  277   278   280     2    ga_22
  279   278   280     2    ga_38
  276   281   282     2    ga_30
  276   281   283     2    ga_19
  282   281   283     2    ga_33
  281   283   284     2    ga_31
  283   284   285     2    ga_13
  283   284   289     2    ga_13
  285   284   289     2    ga_13
  284   285   286     2    ga_15
  284   285   287     2    ga_15
  286   285   287     2    ga_15
  285   286   288     2    ga_15
  284   289   290     2    ga_30
  284   289   291     2    ga_19
  290   289   291     2    ga_33
  289   291   292     2    ga_31
  291   292   293     2    ga_13
  291   292   298     2    ga_13
  293   292   298     2    ga_13
  292   293   294     2    ga_15
  293   294   295     2    ga_15
  294   295   296     2    ga_22
  294   295   297     2    ga_22
  296   295   297     2    ga_38
  292   298   299     2    ga_30
  292   298   300     2    ga_19
  299   298   300     2    ga_33
  298   300   301     2    ga_31
  300   301   302     2    ga_13
  300   301   305     2    ga_13
  302   301   305     2    ga_13
  301   302   303     2    ga_15
  301   302   304     2    ga_15
  303   302   304     2    ga_15
  301   305   306     2    ga_30
  301   305   307     2    ga_19
  306   305   307     2    ga_33
  305   307   308     2    ga_31
  307   308   309     2    ga_13
  307   308   313     2    ga_13
  309   308   313     2    ga_13
  308   309   310     2    ga_15
  309   310   311     2    ga_22
  309   310   312     2    ga_22
  311   310   312     2    ga_38
  308   313   314     2    ga_30
  308   313   315     2    ga_19
  314   313   315     2    ga_33
  313   315   316     2    ga_31
  315   316   317     2    ga_13
  315   316   321     2    ga_13
  317   316   321     2    ga_13
  316   317   318     2    ga_15
  317   318   319     2    ga_15
  317   318   320     2    ga_15
  319   318   320     2    ga_15
  316   321   322     2    ga_30
  316   321   323     2    ga_19
  322   321   323     2    ga_33
  321   323   324     2    ga_31
  323   324   325     2    ga_13
  323   324   329     2    ga_13
  325   324   329     2    ga_13
  324   325   326     2    ga_15
  325   326   327     2    ga_15
  325   326   328     2    ga_15
  327   326   328     2    ga_15
  324   329   330     2    ga_30
  324   329   331     2    ga_19
  330   329   331     2    ga_33
  329   331   332     2    ga_31
  331   332   333     2    ga_13
  331   332   338     2    ga_13
  333   332   338     2    ga_13
  332   333   334     2    ga_15
  333   334   335     2    ga_15
  334   335   336     2    ga_15
  335   336   337     2    ga_15
  332   338   339     2    ga_30
  332   338   340     2    ga_19
  339   338   340     2    ga_33
  338   340   341     2    ga_31
  340   341   342     2    ga_13
  340   341   346     2    ga_13
  342   341   346     2    ga_13
  341   342   343     2    ga_15
  342   343   344     2    ga_30
  342   343   345     2    ga_19
  344   343   345     2    ga_33
  341   346   347     2    ga_30
  341   346   348     2    ga_19
  347   346   348     2    ga_33
  346   348   349     2    ga_31
  348   349   350     2    ga_13
  349   350   351     2    ga_30
  349   350   352     2    ga_19
  351   350   352     2    ga_33
  350   352   353     2    ga_31
  352   353   354     2    ga_13
  352   353   359     2    ga_13
  354   353   359     2    ga_13
  353   354   355     2    ga_15
  354   355   356     2    ga_15
  355   356   357     2    ga_22
  355   356   358     2    ga_22
  357   356   358     2    ga_38
  353   359   360     2    ga_30
  353   359   361     2    ga_19
  360   359   361     2    ga_33
  359   361   362     2    ga_31
  361   362   363     2    ga_13
  361   362   370     2    ga_13
  363   362   370     2    ga_13
  362   363   364     2    ga_15
  363   364   365     2    ga_15
  364   365   366     2    ga_13
  365   366   367     2    ga_33
  366   367   368     2    ga_28
  366   367   369     2    ga_28
  368   367   369     2    ga_28
  362   370   371     2    ga_30
  362   370   372     2    ga_19
  371   370   372     2    ga_33
  370   372   373     2    ga_31
  372   373   374     2    ga_13
  372   373   378     2    ga_13
  374   373   378     2    ga_13
  373   374   375     2    ga_15
  373   374   376     2    ga_15
  375   374   376     2    ga_15
  374   375   377     2    ga_15
  373   378   379     2    ga_30
  373   378   380     2    ga_19
  379   378   380     2    ga_33
  378   380   381     2    ga_31
  380   381   382     2    ga_13
  380   381   387     2    ga_13
  382   381   387     2    ga_13
  381   382   383     2    ga_15
  382   383   384     2    ga_15
  383   384   385     2    ga_22
  383   384   386     2    ga_22
  385   384   386     2    ga_38
  381   387   388     2    ga_30
  381   387   389     2    ga_19
  388   387   389     2    ga_33
  387   389   390     2    ga_31
  389   390   391     2    ga_13
  389   390   396     2    ga_13
  391   390   396     2    ga_13
  390   391   392     2    ga_15
  391   392   393     2    ga_15
  392   393   394     2    ga_15
  393   394   395     2    ga_15
  390   396   397     2    ga_30
  390   396   398     2    ga_19
  397   396   398     2    ga_33
  396   398   399     2    ga_31
  398   399   400     2    ga_13
  398   399   403     2    ga_13
  400   399   403     2    ga_13
  399   400   401     2    ga_15
  399   400   402     2    ga_15
  401   400   402     2    ga_15
  399   403   404     2    ga_30
  399   403   405     2    ga_19
  404   403   405     2    ga_33
  403   405   406     2    ga_31
  405   406   407     2    ga_13
  405   406   412     2    ga_13
  407   406   412     2    ga_13
  406   407   408     2    ga_15
  407   408   409     2    ga_15
  408   409   410     2    ga_22
  408   409   411     2    ga_22
  410   409   411     2    ga_38
  406   412   413     2    ga_30
  406   412   414     2    ga_19
  413   412   414     2    ga_33
  412   414   415     2    ga_31
  414   415   416     2    ga_13
  414   415   422     2    ga_13
  416   415   422     2    ga_13
  415   416   417     2    ga_15
  416   417   418     2    ga_37
  416   417   419     2    ga_37
  418   417   419     2    ga_7
  417   418   420     2    ga_7
  417   419   421     2    ga_7
  418   420   421     2    ga_7
  419   421   420     2    ga_7
  415   422   423     2    ga_30
  415   422   424     2    ga_19
  423   422   424     2    ga_33
  422   424   425     2    ga_31
  424   425   426     2    ga_13
  424   425   428     2    ga_13
  426   425   428     2    ga_13
  425   426   427     2    ga_13
  425   428   429     2    ga_30
  425   428   430     2    ga_19
  429   428   430     2    ga_33
  428   430   431     2    ga_31
  430   431   432     2    ga_13
  430   431   436     2    ga_13
  432   431   436     2    ga_13
  431   432   433     2    ga_15
  432   433   434     2    ga_22
  432   433   435     2    ga_22
  434   433   435     2    ga_38
  431   436   437     2    ga_30
  431   436   438     2    ga_19
  437   436   438     2    ga_33
  436   438   439     2    ga_31
  438   439   440     2    ga_13
  438   439   444     2    ga_13
  440   439   444     2    ga_13
  439   440   441     2    ga_15
  440   441   442     2    ga_15
  440   441   443     2    ga_15
  442   441   443     2    ga_15
  439   444   445     2    ga_30
  439   444   446     2    ga_19
  445   444   446     2    ga_33
  444   446   447     2    ga_31
  446   447   448     2    ga_13
  446   447   450     2    ga_13
  448   447   450     2    ga_13
  447   448   449     2    ga_13
  447   450   451     2    ga_30
  447   450   452     2    ga_19
  451   450   452     2    ga_33
  450   452   453     2    ga_31
  452   453   454     2    ga_13
  452   453   461     2    ga_13
  454   453   461     2    ga_13
  453   454   455     2    ga_15
  454   455   456     2    ga_27
  454   455   457     2    ga_27
  456   455   457     2    ga_27
  455   456   458     2    ga_27
  455   457   459     2    ga_27
  456   458   460     2    ga_27
  457   459   460     2    ga_27
  458   460   459     2    ga_27
  453   461   462     2    ga_30
  453   461   463     2    ga_19
  462   461   463     2    ga_33
  461   463   464     2    ga_31
  463   464   465     2    ga_13
  463   464   467     2    ga_13
  465   464   467     2    ga_13
  464   465   466     2    ga_13
  464   467   468     2    ga_30
  464   467   469     2    ga_19
  468   467   469     2    ga_33
  467   469   470     2    ga_31
  469   470   471     2    ga_13
  469   470   476     2    ga_13
  471   470   476     2    ga_13
  470   471   472     2    ga_15
  471   472   473     2    ga_15
  472   473   474     2    ga_15
  473   474   475     2    ga_15
  470   476   477     2    ga_30
  470   476   478     2    ga_19
  477   476   478     2    ga_33
  476   478   479     2    ga_31
  478   479   480     2    ga_13
  478   479   484     2    ga_13
  480   479   484     2    ga_13
  479   480   481     2    ga_15
  480   481   482     2    ga_22
  480   481   483     2    ga_22
  482   481   483     2    ga_38
  479   484   485     2    ga_30
  479   484   486     2    ga_19
  485   484   486     2    ga_33
  484   486   487     2    ga_31
  486   487   488     2    ga_13
  486   487   498     2    ga_13
  488   487   498     2    ga_13
  487   488   489     2    ga_15
  488   489   490     2    ga_37
  488   489   491     2    ga_37
  490   489   491     2    ga_7
  489   490   492     2    ga_7
  489   491   493     2    ga_7
  489   491   494     2    ga_39
  493   491   494     2    ga_27
  490   492   493     2    ga_7
  491   493   492     2    ga_7
  491   493   495     2    ga_27
  492   493   495     2    ga_39
  491   494   496     2    ga_27
  493   495   497     2    ga_27
  494   496   497     2    ga_27
  495   497   496     2    ga_27
  487   498   499     2    ga_30
  487   498   500     2    ga_19
  499   498   500     2    ga_33
  498   500   501     2    ga_31
  500   501   502     2    ga_13
  500   501   504     2    ga_13
  502   501   504     2    ga_13
  501   502   503     2    ga_13
  501   504   505     2    ga_30
  501   504   506     2    ga_19
  505   504   506     2    ga_33
  504   506   507     2    ga_31
  506   507   508     2    ga_13
  506   507   515     2    ga_13
  508   507   515     2    ga_13
  507   508   509     2    ga_15
  508   509   510     2    ga_27
  508   509   511     2    ga_27
  510   509   511     2    ga_27
  509   510   512     2    ga_27
  509   511   513     2    ga_27
  510   512   514     2    ga_27
  511   513   514     2    ga_27
  512   514   513     2    ga_27
  507   515   516     2    ga_30
  507   515   517     2    ga_19
  516   515   517     2    ga_33
  515   517   518     2    ga_31
  517   518   519     2    ga_13
  517   518   527     2    ga_13
  519   518   527     2    ga_13
  518   519   520     2    ga_15
  519   520   521     2    ga_27
  519   520   522     2    ga_27
  521   520   522     2    ga_27
  520   521   523     2    ga_27
  520   522   524     2    ga_27
  521   523   525     2    ga_27
  522   524   525     2    ga_27
  523   525   524     2    ga_27
  523   525   526     2    ga_27
  524   525   526     2    ga_27
  518   527   528     2    ga_30
  518   527   529     2    ga_19
  528   527   529     2    ga_33
  527   529   530     2    ga_31
  529   530   531     2    ga_13
  529   530   535     2    ga_13
  531   530   535     2    ga_13
  530   531   532     2    ga_15
  531   532   533     2    ga_15
  531   532   534     2    ga_15
  533   532   534     2    ga_15
  530   535   536     2    ga_30
  530   535   537     2    ga_19
  536   535   537     2    ga_33
  535   537   538     2    ga_31
  537   538   539     2    ga_13
  537   538   543     2    ga_13
  539   538   543     2    ga_13
  538   539   540     2    ga_15
  539   540   541     2    ga_15
  539   540   542     2    ga_15
  541   540   542     2    ga_15
  538   543   544     2    ga_30
  538   543   545     2    ga_19
  544   543   545     2    ga_33
  543   545   546     2    ga_31
  545   546   547     2    ga_13
  545   546   555     2    ga_13
  547   546   555     2    ga_13
  546   547   548     2    ga_15
  547   548   549     2    ga_27
  547   548   550     2    ga_27
  549   548   550     2    ga_27
  548   549   551     2    ga_27
  548   550   552     2    ga_27
  549   551   553     2    ga_27
  550   552   553     2    ga_27
  551   553   552     2    ga_27
  551   553   554     2    ga_27
  552   553   554     2    ga_27
  546   555   556     2    ga_30
  546   555   557     2    ga_19
  556   555   557     2    ga_33
  555   557   558     2    ga_31
  557   558   559     2    ga_13
  557   558   567     2    ga_13
  559   558   567     2    ga_13
  558   559   560     2    ga_15
  559   560   561     2    ga_27
  559   560   562     2    ga_27
  561   560   562     2    ga_27
  560   561   563     2    ga_27
  560   562   564     2    ga_27
  561   563   565     2    ga_27
  562   564   565     2    ga_27
  563   565   564     2    ga_27
  563   565   566     2    ga_27
  564   565   566     2    ga_27
  558   567   568     2    ga_30
  558   567   569     2    ga_19
  568   567   569     2    ga_33
  567   569   570     2    ga_31
  569   570   571     2    ga_13
  569   570   574     2    ga_13
  571   570   574     2    ga_13
  570   571   572     2    ga_13
  570   571   573     2    ga_15
  572   571   573     2    ga_15
  570   574   575     2    ga_30
  570   574   576     2    ga_19
  575   574   576     2    ga_33
  574   576   577     2    ga_31
  576   577   578     2    ga_13
  576   577   583     2    ga_13
  578   577   583     2    ga_13
  577   578   579     2    ga_15
  578   579   580     2    ga_15
  579   580   581     2    ga_22
  579   580   582     2    ga_22
  581   580   582     2    ga_38
  577   583   584     2    ga_30
  577   583   585     2    ga_19
  584   583   585     2    ga_33
  583   585   586     2    ga_31
  585   586   587     2    ga_13
  585   586   594     2    ga_13
  587   586   594     2    ga_13
  586   587   588     2    ga_15
  587   588   589     2    ga_27
  587   588   590     2    ga_27
  589   588   590     2    ga_27
  588   589   591     2    ga_27
  588   590   592     2    ga_27
  589   591   593     2    ga_27
  590   592   593     2    ga_27
  591   593   592     2    ga_27
  586   594   595     2    ga_30
  586   594   596     2    ga_19
  595   594   596     2    ga_33
  594   596   597     2    ga_31
  596   597   598     2    ga_13
  596   597   601     2    ga_13
  598   597   601     2    ga_13
  597   598   599     2    ga_13
  597   598   600     2    ga_15
  599   598   600     2    ga_15
  597   601   602     2    ga_30
  597   601   603     2    ga_19
  602   601   603     2    ga_33
  601   603   604     2    ga_31
  601   603   607     2    ga_31
  604   603   607     2    ga_21
  603   604   605     2    ga_13
  603   604   608     2    ga_13
  605   604   608     2    ga_13
  604   605   606     2    ga_13
  605   606   607     2    ga_13
  603   607   606     2    ga_13
  604   608   609     2    ga_30
  604   608   610     2    ga_19
  609   608   610     2    ga_33
  608   610   611     2    ga_31
  610   611   612     2    ga_13
  610   611   615     2    ga_13
  612   611   615     2    ga_13
  611   612   613     2    ga_13
  611   612   614     2    ga_15
  613   612   614     2    ga_15
  611   615   616     2    ga_30
  611   615   617     2    ga_19
  616   615   617     2    ga_33
  615   617   618     2    ga_31
  617   618   619     2    ga_13
  617   618   624     2    ga_13
  619   618   624     2    ga_13
  618   619   620     2    ga_15
  619   620   621     2    ga_15
  620   621   622     2    ga_22
  620   621   623     2    ga_22
  622   621   623     2    ga_38
  618   624   625     2    ga_30
  618   624   626     2    ga_19
  625   624   626     2    ga_33
  624   626   627     2    ga_31
  626   627   628     2    ga_13
  626   627   633     2    ga_13
  628   627   633     2    ga_13
  627   628   629     2    ga_15
  628   629   630     2    ga_15
  629   630   631     2    ga_15
  630   631   632     2    ga_15
  627   633   634     2    ga_30
  627   633   635     2    ga_19
  634   633   635     2    ga_33
  633   635   636     2    ga_31
  635   636   637     2    ga_13
  635   636   641     2    ga_13
  637   636   641     2    ga_13
  636   637   638     2    ga_15
  637   638   639     2    ga_22
  637   638   640     2    ga_22
  639   638   640     2    ga_38
  636   641   642     2    ga_30
  636   641   643     2    ga_19
  642   641   643     2    ga_33
  641   643   644     2    ga_31
  643   644   645     2    ga_13
  643   644   650     2    ga_13
  645   644   650     2    ga_13
  644   645   646     2    ga_15
  645   646   647     2    ga_15
  646   647   648     2    ga_22
  646   647   649     2    ga_22
  648   647   649     2    ga_38
  644   650   651     2    ga_30
  644   650   652     2    ga_19
  651   650   652     2    ga_33
  650   652   653     2    ga_31
  652   653   654     2    ga_13
  652   653   662     2    ga_13
  654   653   662     2    ga_13
  653   654   655     2    ga_15
  654   655   656     2    ga_27
  654   655   657     2    ga_27
  656   655   657     2    ga_27
  655   656   658     2    ga_27
  655   657   659     2    ga_27
  656   658   660     2    ga_27
  657   659   660     2    ga_27
  658   660   659     2    ga_27
  658   660   661     2    ga_27
  659   660   661     2    ga_27
  653   662   663     2    ga_30
  653   662   664     2    ga_19
  663   662   664     2    ga_33
  662   664   665     2    ga_31
  664   665   666     2    ga_13
  664   665   667     2    ga_13
  666   665   667     2    ga_13
  665   667   668     2    ga_30
  665   667   669     2    ga_19
  668   667   669     2    ga_33
  667   669   670     2    ga_31
  669   670   671     2    ga_13
  669   670   673     2    ga_13
  671   670   673     2    ga_13
  670   671   672     2    ga_16
  209   672   671     2 
  670   673   674     2    ga_30
  670   673   675     2    ga_19
  674   673   675     2    ga_33
  673   675   676     2    ga_31
  675   676   677     2    ga_13
  675   676   684     2    ga_13
  677   676   684     2    ga_13
  676   677   678     2    ga_15
  677   678   679     2    ga_15
  678   679   680     2    ga_13
  679   680   681     2    ga_33
  680   681   682     2    ga_28
  680   681   683     2    ga_28
  682   681   683     2    ga_28
  676   684   685     2    ga_30
  676   684   686     2    ga_19
  685   684   686     2    ga_33
  684   686   687     2    ga_31
  686   687   688     2    ga_13
  686   687   691     2    ga_13
  688   687   691     2    ga_13
  687   688   689     2    ga_15
  687   688   690     2    ga_15
  689   688   690     2    ga_15
  687   691   692     2    ga_30
  687   691   693     2    ga_19
  692   691   693     2    ga_33
  691   693   694     2    ga_31
  693   694   695     2    ga_13
  693   694   699     2    ga_13
  695   694   699     2    ga_13
  694   695   696     2    ga_15
  695   696   697     2    ga_30
  695   696   698     2    ga_19
  697   696   698     2    ga_33
  694   699   700     2    ga_30
  694   699   701     2    ga_19
  700   699   701     2    ga_33
  699   701   702     2    ga_31
  701   702   703     2    ga_13
  701   702   709     2    ga_13
  703   702   709     2    ga_13
  702   703   704     2    ga_15
  703   704   705     2    ga_37
  703   704   706     2    ga_37
  705   704   706     2    ga_7
  704   705   707     2    ga_7
  704   706   708     2    ga_7
  705   707   708     2    ga_7
  706   708   707     2    ga_7
  702   709   710     2    ga_30
  702   709   711     2    ga_19
  710   709   711     2    ga_33
  709   711   712     2    ga_31
  711   712   713     2    ga_13
  711   712   716     2    ga_13
  713   712   716     2    ga_13
  712   713   714     2    ga_15
  712   713   715     2    ga_15
  714   713   715     2    ga_15
  712   716   717     2    ga_30
  712   716   718     2    ga_19
  717   716   718     2    ga_33
  716   718   719     2    ga_31
  718   719   720     2    ga_13
  718   719   723     2    ga_13
  720   719   723     2    ga_13
  719   720   721     2    ga_13
  719   720   722     2    ga_15
  721   720   722     2    ga_15
  719   723   724     2    ga_30
  719   723   725     2    ga_19
  724   723   725     2    ga_33
  723   725   726     2    ga_31
  725   726   727     2    ga_13
  725   726   731     2    ga_13
  727   726   731     2    ga_13
  726   727   728     2    ga_15
  727   728   729     2    ga_15
  727   728   730     2    ga_15
  729   728   730     2    ga_15
  726   731   732     2    ga_30
  726   731   733     2    ga_19
  732   731   733     2    ga_33
  731   733   734     2    ga_31
  733   734   735     2    ga_13
  733   734   737     2    ga_13
  735   734   737     2    ga_13
  734   735   736     2    ga_13
  734   737   738     2    ga_30
  734   737   739     2    ga_19
  738   737   739     2    ga_33
  737   739   740     2    ga_31
  739   740   741     2    ga_13
  739   740   746     2    ga_13
  741   740   746     2    ga_13
  740   741   742     2    ga_15
  741   742   743     2    ga_15
  742   743   744     2    ga_30
  742   743   745     2    ga_19
  744   743   745     2    ga_33
  740   746   747     2    ga_30
  740   746   748     2    ga_19
  747   746   748     2    ga_33
  746   748   749     2    ga_31
  746   748   752     2    ga_31
  749   748   752     2    ga_21
  748   749   750     2    ga_13
  748   749   753     2    ga_13
  750   749   753     2    ga_13
  749   750   751     2    ga_13
  750   751   752     2    ga_13
  748   752   751     2    ga_13
  749   753   754     2    ga_30
  749   753   755     2    ga_19
  754   753   755     2    ga_33
  753   755   756     2    ga_31
  755   756   757     2    ga_13
  755   756   762     2    ga_13
  757   756   762     2    ga_13
  756   757   758     2    ga_15
  757   758   759     2    ga_15
  758   759   760     2    ga_15
  759   760   761     2    ga_15
  756   762   763     2    ga_30
  756   762   764     2    ga_19
  763   762   764     2    ga_33
  762   764   765     2    ga_31
  764   765   766     2    ga_13
  764   765   770     2    ga_13
  766   765   770     2    ga_13
  765   766   767     2    ga_15
  765   766   768     2    ga_15
  767   766   768     2    ga_15
  766   767   769     2    ga_15
  765   770   771     2    ga_30
  765   770   772     2    ga_19
  771   770   772     2    ga_33
  770   772   773     2    ga_31
  772   773   774     2    ga_13
  772   773   777     2    ga_13
  774   773   777     2    ga_13
  773   774   775     2    ga_15
  773   774   776     2    ga_15
  775   774   776     2    ga_15
  773   777   778     2    ga_30
  773   777   779     2    ga_19
  778   777   779     2    ga_33
  777   779   780     2    ga_31
  779   780   781     2    ga_13
  779   780   786     2    ga_13
  781   780   786     2    ga_13
  780   781   782     2    ga_15
  781   782   783     2    ga_15
  782   783   784     2    ga_15
  783   784   785     2    ga_15
  780   786   787     2    ga_30
  780   786   788     2    ga_19
  787   786   788     2    ga_33
  786   788   789     2    ga_31
  788   789   790     2    ga_13
  788   789   800     2    ga_13
  790   789   800     2    ga_13
  789   790   791     2    ga_15
  790   791   792     2    ga_37
  790   791   793     2    ga_37
  792   791   793     2    ga_7
  791   792   794     2    ga_7
  791   793   795     2    ga_7
  791   793   796     2    ga_39
  795   793   796     2    ga_27
  792   794   795     2    ga_7
  793   795   794     2    ga_7
  793   795   797     2    ga_27
  794   795   797     2    ga_39
  793   796   798     2    ga_27
  795   797   799     2    ga_27
  796   798   799     2    ga_27
  797   799   798     2    ga_27
  789   800   801     2    ga_30
  789   800   802     2    ga_19
  801   800   802     2    ga_33
  800   802   803     2    ga_31
  802   803   804     2    ga_13
  802   803   808     2    ga_13
  804   803   808     2    ga_13
  803   804   805     2    ga_15
  804   805   806     2    ga_22
  804   805   807     2    ga_22
  806   805   807     2    ga_38
  803   808   809     2    ga_30
  803   808   810     2    ga_19
  809   808   810     2    ga_33
  808   810   811     2    ga_31
  810   811   812     2    ga_13
  810   811   819     2    ga_13
  812   811   819     2    ga_13
  811   812   813     2    ga_15
  812   813   814     2    ga_15
  813   814   815     2    ga_13
  814   815   816     2    ga_33
  815   816   817     2    ga_28
  815   816   818     2    ga_28
  817   816   818     2    ga_28
  811   819   820     2    ga_30
  811   819   821     2    ga_19
  820   819   821     2    ga_33
  819   821   822     2    ga_31
  821   822   823     2    ga_13
  821   822   827     2    ga_13
  823   822   827     2    ga_13
  822   823   824     2    ga_15
  823   824   825     2    ga_22
  823   824   826     2    ga_22
  825   824   826     2    ga_38
  822   827   828     2    ga_22
  822   827   829     2    ga_22
  828   827   829     2    ga_38