; Made using MAGROS.FF script by Emanuele Scalone at Camilloni Lab
; Distance cutoff: 5.5
; Residue cutoff: 2
; 2021-06-08 14:39:32.174499

[ pairs ]
; ai  aj  func            c6           c12
   1   5     1  0.000000e+00  5.084570e-05
   5   1     1  0.000000e+00  5.084570e-05
   2   6     1  0.000000e+00  1.146996e-05
   6   2     1  0.000000e+00  1.146996e-05
   2   7     1  0.000000e+00  4.937284e-06
   7   2     1  0.000000e+00  4.937284e-06
   3   5     1  0.000000e+00  9.850000e-06
   5   3     1  0.000000e+00  9.850000e-06
   4   8     1  0.000000e+00  1.523000e-06
   8   4     1  0.000000e+00  1.523000e-06
   4   9     1  0.000000e+00  2.319529e-06
   9   4     1  0.000000e+00  2.319529e-06
   5   1     1  0.000000e+00  5.084570e-05
   1   5     1  0.000000e+00  5.084570e-05
   5   3     1  0.000000e+00  9.850000e-06
   3   5     1  0.000000e+00  9.850000e-06
   5  10     1  0.000000e+00  5.084570e-05
  10   5     1  0.000000e+00  5.084570e-05
   6   2     1  0.000000e+00  1.146996e-05
   2   6     1  0.000000e+00  1.146996e-05
   6   8     1  0.000000e+00  5.162000e-06
   8   6     1  0.000000e+00  5.162000e-06
   6   9     1  0.000000e+00  7.861726e-06
   9   6     1  0.000000e+00  7.861726e-06
   7   2     1  0.000000e+00  4.937284e-06
   2   7     1  0.000000e+00  4.937284e-06
   8   4     1  0.000000e+00  1.523000e-06
   4   8     1  0.000000e+00  1.523000e-06
   8   6     1  0.000000e+00  5.162000e-06
   6   8     1  0.000000e+00  5.162000e-06
   8  10     1  0.000000e+00  5.162000e-06
  10   8     1  0.000000e+00  5.162000e-06
   9   4     1  0.000000e+00  2.319529e-06
   4   9     1  0.000000e+00  2.319529e-06
   9   6     1  0.000000e+00  7.861726e-06
   6   9     1  0.000000e+00  7.861726e-06
  10   5     1  0.000000e+00  5.084570e-05
   5  10     1  0.000000e+00  5.084570e-05
  10   8     1  0.000000e+00  5.162000e-06
   8  10     1  0.000000e+00  5.162000e-06

[ exclusions ]
; ai  aj
   1   5
   5   1
   2   6
   6   2
   2   7
   7   2
   3   5
   5   3
   4   8
   8   4
   4   9
   9   4
   5   1
   1   5
   5   3
   3   5
   5  10
  10   5
   6   2
   2   6
   6   8
   8   6
   6   9
   9   6
   7   2
   2   7
   8   4
   4   8
   8   6
   6   8
   8  10
  10   8
   9   4
   4   9
   9   6
   6   9
  10   5
   5  10
  10   8
   8  10