   ; ai      aj  type            c6           c12            sigma  epsilon
   CA_1    CA_1     1  5.918260e-03  3.072438e-05  ;  4.161164e-01    0.285
   CA_1    CA_2     1  1.467738e-02  1.889696e-04  ;  4.841247e-01    0.285
   CA_1    CB_1     1  6.817651e-03  4.077226e-05  ;  4.260445e-01    0.285
   CA_1   CB_11     1  5.964030e-03  3.120146e-05  ;  4.166511e-01    0.285
   CA_1    CB_2     1  1.435304e-02  1.807103e-04  ;  4.823251e-01    0.285
   CA_1   CD1_1     1  3.385646e-03  1.005491e-05  ;  3.791311e-01    0.285
   CA_1   CD2_1     1  1.248427e-02  1.367166e-04  ;  4.712410e-01    0.285
   CA_1  CD2_10     1  1.071057e-02  1.006284e-04  ;  4.593580e-01    0.285
   CA_1   CE1_1     1  9.305517e-03  7.595847e-05  ;  4.487171e-01    0.285
   CA_1  CE2_10     1  4.566393e-03  1.829118e-05  ;  3.985151e-01    0.285
   CA_1    CG_1     1  8.136879e-03  5.807789e-05  ;  4.387921e-01    0.285
   CA_1   CZ_10     1  8.434326e-03  6.240163e-05  ;  4.414257e-01    0.285
   CA_1     C_1     1  5.040244e-03  2.228427e-05  ;  4.051269e-01    0.285
   CA_1    C_11     1  4.692060e-03  1.931178e-05  ;  4.003223e-01    0.285
   CA_1     N_1     1  1.613080e-03  2.282481e-06  ;  3.350620e-01    0.285
   CA_1     N_2     1  4.832336e-03  2.048375e-05  ;  4.022926e-01    0.285
   CA_1   O1_11     1  3.539379e-03  1.098878e-05  ;  3.819475e-01    0.285
   CA_1   O2_11     1  1.639594e-03  2.358131e-06  ;  3.359737e-01    0.285
   CA_1   OG1_2     1  8.828467e-03  6.837003e-05  ;  4.447986e-01    0.285
   CA_1   OG_11     1  2.147022e-03  4.043601e-06  ;  3.514163e-01    0.285
   CA_1    OH_1     1  3.802220e-03  1.268147e-05  ;  3.865349e-01    0.285
   CA_1   OH_10     1  4.384956e-03  1.686653e-05  ;  3.958312e-01    0.285
   CA_1     O_1     1  1.415854e-03  1.758458e-06  ;  3.278579e-01    0.285
   CA_1     O_2     1  8.691564e-03  6.626603e-05  ;  4.436415e-01    0.285
  CA_10   CA_10     1  5.922342e-03  3.076678e-05  ;  4.161642e-01    0.285
  CA_10   CB_10     1  2.779009e-03  6.774465e-06  ;  3.668576e-01    0.285
  CA_10   CB_11     1  1.550732e-02  2.109447e-04  ;  4.885833e-01    0.285
  CA_10    CB_2     1  8.015867e-03  5.636327e-05  ;  4.376977e-01    0.285
  CA_10  CD1_10     1  6.816877e-03  4.076299e-05  ;  4.260365e-01    0.285
  CA_10  CD2_10     1  1.398821e-02  1.716403e-04  ;  4.802598e-01    0.285
  CA_10  CE1_10     1  8.769547e-03  6.746049e-05  ;  4.443025e-01    0.285
  CA_10   CG2_2     1  3.912008e-03  1.342439e-05  ;  3.883731e-01    0.285
  CA_10   CG_10     1  8.921731e-03  6.982218e-05  ;  4.455783e-01    0.285
  CA_10   CZ_10     1  1.388754e-02  1.691788e-04  ;  4.796820e-01    0.285
  CA_10    C_10     1  4.820146e-03  2.038053e-05  ;  4.021233e-01    0.285
  CA_10     C_9     1  7.131762e-03  4.461582e-05  ;  4.292550e-01    0.285
  CA_10    N_10     1  4.343488e-03  1.654903e-05  ;  3.952049e-01    0.285
  CA_10    N_11     1  6.552407e-03  3.766143e-05  ;  4.232361e-01    0.285
  CA_10   OG1_2     1  5.621672e-03  2.772211e-05  ;  4.125660e-01    0.285
  CA_10    O_10     1  1.639446e-03  2.357703e-06  ;  3.359686e-01    0.285
  CA_10     O_9     1  1.616978e-03  2.293524e-06  ;  3.351968e-01    0.285
  CA_11   CA_11     1  5.915929e-03  3.070019e-05  ;  4.160891e-01    0.285
  CA_11   CB_11     1  2.215437e-03  4.305405e-06  ;  3.532583e-01    0.285
  CA_11    CB_2     1  9.884135e-03  8.569835e-05  ;  4.532512e-01    0.285
  CA_11   CD1_1     1  3.532587e-03  1.094664e-05  ;  3.818253e-01    0.285
  CA_11   CD2_1     1  1.275150e-02  1.426323e-04  ;  4.729074e-01    0.285
  CA_11   CE1_1     1  1.409328e-03  1.742285e-06  ;  3.276055e-01    0.285
  CA_11   CE2_1     1  7.560702e-03  5.014405e-05  ;  4.334539e-01    0.285
  CA_11   CG2_2     1  1.503577e-02  1.983108e-04  ;  4.860752e-01    0.285
  CA_11    CG_1     1  9.966105e-03  8.712565e-05  ;  4.538755e-01    0.285
  CA_11    CZ_1     1  2.689021e-03  6.342838e-06  ;  3.648505e-01    0.285
  CA_11    C_10     1  5.640938e-03  2.791244e-05  ;  4.128013e-01    0.285
  CA_11    C_11     1  4.671681e-03  1.914439e-05  ;  4.000320e-01    0.285
  CA_11     N_1     1  8.942400e-03  7.014606e-05  ;  4.457502e-01    0.285
  CA_11    N_11     1  5.619423e-03  2.769992e-05  ;  4.125385e-01    0.285
  CA_11   O1_11     1  1.211135e-03  1.286710e-06  ;  3.194341e-01    0.285
  CA_11   O2_11     1  6.539849e-03  3.751722e-05  ;  4.231008e-01    0.285
  CA_11   OG1_2     1  1.983275e-03  3.450332e-06  ;  3.468005e-01    0.285
  CA_11   OG_11     1  9.704726e-03  8.261553e-05  ;  4.518695e-01    0.285
  CA_11    OH_1     1  3.213904e-03  9.060682e-06  ;  3.758559e-01    0.285
  CA_11     O_1     1  7.535285e-03  4.980747e-05  ;  4.332107e-01    0.285
  CA_11    O_10     1  1.872781e-03  3.076587e-06  ;  3.435029e-01    0.285
   CA_2    CA_2     1  5.930876e-03  3.085552e-05  ;  4.162641e-01    0.285
   CA_2   CB_11     1  9.228886e-03  7.471257e-05  ;  4.480991e-01    0.285
   CA_2    CB_2     1  3.012694e-03  7.961690e-06  ;  3.718277e-01    0.285
   CA_2    CB_9     1  1.003293e-02  8.829796e-05  ;  4.543813e-01    0.285
   CA_2   CG2_2     1  8.945941e-03  7.020164e-05  ;  4.457796e-01    0.285
   CA_2    CG_9     1  1.377575e-02  1.664660e-04  ;  4.790363e-01    0.285
   CA_2     C_1     1  4.015928e-03  1.414708e-05  ;  3.900738e-01    0.285
   CA_2     C_2     1  3.158417e-03  8.750526e-06  ;  3.747665e-01    0.285
   CA_2     N_1     1  1.439696e-02  1.818180e-04  ;  4.825708e-01    0.285
   CA_2     N_2     1  5.937092e-03  3.092023e-05  ;  4.163368e-01    0.285
   CA_2     N_3     1  1.118726e-02  1.097848e-04  ;  4.627039e-01    0.285
   CA_2   OG1_2     1  5.048500e-03  2.235732e-05  ;  4.052375e-01    0.285
   CA_2   OG_11     1  7.673359e-03  5.164951e-05  ;  4.345237e-01    0.285
   CA_2   OH_10     1  3.741314e-03  1.227845e-05  ;  3.854960e-01    0.285
   CA_2     O_1     1  7.864505e-04  5.425477e-07  ;  2.972540e-01    0.285
   CA_2    O_10     1  6.642865e-03  3.870846e-05  ;  4.242043e-01    0.285
   CA_2     O_2     1  6.479558e-04  3.682866e-07  ;  2.878106e-01    0.285
   CA_3    CA_3     1  5.941084e-03  3.096183e-05  ;  4.163835e-01    0.285
   CA_3    CB_3     1  3.365073e-03  9.933086e-06  ;  3.787462e-01    0.285
   CA_3    CB_9     1  8.884023e-03  6.923321e-05  ;  4.452639e-01    0.285
   CA_3    CD_3     1  1.554344e-02  2.119286e-04  ;  4.887728e-01    0.285
   CA_3   CG1_3     1  8.036731e-03  5.665706e-05  ;  4.378874e-01    0.285
   CA_3   CG2_3     1  7.070001e-03  4.384641e-05  ;  4.286332e-01    0.285
   CA_3    CG_9     1  7.962552e-03  5.561599e-05  ;  4.372112e-01    0.285
   CA_3     C_2     1  9.784220e-03  8.397453e-05  ;  4.524843e-01    0.285
   CA_3     C_3     1  4.554768e-03  1.819817e-05  ;  3.983458e-01    0.285
   CA_3     N_3     1  3.763544e-03  1.242479e-05  ;  3.858768e-01    0.285
   CA_3     N_4     1  5.213320e-03  2.384097e-05  ;  4.074130e-01    0.285
   CA_3   OH_10     1  5.836957e-03  2.988603e-05  ;  4.151582e-01    0.285
   CA_3     O_2     1  2.920504e-03  7.481881e-06  ;  3.699067e-01    0.285
   CA_3     O_3     1  1.121693e-03  1.103679e-06  ;  3.153757e-01    0.285
   CA_3     O_4     1  8.885740e-03  6.925998e-05  ;  4.452782e-01    0.285
   CA_4    CA_4     1  5.962785e-03  3.118843e-05  ;  4.166366e-01    0.285
   CA_4    CA_5     1  1.482184e-02  1.927079e-04  ;  4.849157e-01    0.285
   CA_4    CB_4     1  3.757003e-03  1.238164e-05  ;  3.857650e-01    0.285
   CA_4    CB_7     1  6.864882e-03  4.133913e-05  ;  4.265350e-01    0.285
   CA_4    CB_9     1  7.952267e-03  5.547242e-05  ;  4.371170e-01    0.285
   CA_4   CD1_7     1  3.806952e-03  1.271306e-05  ;  3.866151e-01    0.285
   CA_4    CD_9     1  9.819985e-03  8.458957e-05  ;  4.527596e-01    0.285
   CA_4   CG2_3     1  1.226673e-02  1.319937e-04  ;  4.698624e-01    0.285
   CA_4    CG_7     1  1.364003e-02  1.632021e-04  ;  4.782464e-01    0.285
   CA_4    CG_9     1  5.801227e-03  2.952126e-05  ;  4.147336e-01    0.285
   CA_4     C_3     1  4.284057e-03  1.609925e-05  ;  3.942984e-01    0.285
   CA_4     C_4     1  2.732443e-03  6.549340e-06  ;  3.658258e-01    0.285
   CA_4     N_4     1  5.534530e-03  2.686932e-05  ;  4.114932e-01    0.285
   CA_4     N_5     1  1.111094e-02  1.082921e-04  ;  4.621763e-01    0.285
   CA_4     O_3     1  8.020768e-04  5.643221e-07  ;  2.982304e-01    0.285
   CA_4     O_4     1  3.853371e-04  1.302497e-07  ;  2.639303e-01    0.285
   CA_5    CA_5     1  5.978531e-03  3.135336e-05  ;  4.168197e-01    0.285
   CA_5    CB_5     1  6.779323e-03  4.031511e-05  ;  4.256444e-01    0.285
   CA_5   CD1_6     1  9.875032e-03  8.554057e-05  ;  4.531816e-01    0.285
   CA_5   CD1_7     1  6.356245e-03  3.544022e-05  ;  4.210975e-01    0.285
   CA_5   CD2_6     1  4.809896e-03  2.029394e-05  ;  4.019806e-01    0.285
   CA_5   CD2_7     1  1.193234e-02  1.248954e-04  ;  4.677030e-01    0.285
   CA_5    CG_6     1  1.355977e-02  1.612872e-04  ;  4.777763e-01    0.285
   CA_5     C_4     1  9.601683e-03  8.087045e-05  ;  4.510663e-01    0.285
   CA_5     C_5     1  2.873984e-03  7.245424e-06  ;  3.689181e-01    0.285
   CA_5     N_5     1  3.305249e-03  9.583046e-06  ;  3.776156e-01    0.285
   CA_5     N_6     1  1.078888e-02  1.021052e-04  ;  4.599161e-01    0.285
   CA_5     O_4     1  2.340340e-03  4.804556e-06  ;  3.565023e-01    0.285
   CA_5     O_5     1  4.267301e-04  1.597356e-07  ;  2.684570e-01    0.285
   CA_6    CA_6     1  5.970686e-03  3.127114e-05  ;  4.167285e-01    0.285
   CA_6    CB_6     1  5.407233e-03  2.564752e-05  ;  4.099004e-01    0.285
   CA_6   CD1_6     1  5.021800e-03  2.212147e-05  ;  4.048795e-01    0.285
   CA_6   CD1_7     1  1.259065e-02  1.390565e-04  ;  4.719079e-01    0.285
   CA_6   CD2_6     1  1.943814e-03  3.314399e-06  ;  3.456408e-01    0.285
   CA_6   CD2_7     1  5.918233e-03  3.072411e-05  ;  4.161161e-01    0.285
   CA_6    CG_6     1  1.393477e-03  1.703314e-06  ;  3.269885e-01    0.285
   CA_6    CG_7     1  1.527522e-02  2.046776e-04  ;  4.873569e-01    0.285
   CA_6     C_5     1  9.209407e-03  7.439752e-05  ;  4.479413e-01    0.285
   CA_6     C_6     1  3.299159e-03  9.547764e-06  ;  3.774995e-01    0.285
   CA_6     N_6     1  3.566602e-03  1.115847e-05  ;  3.824356e-01    0.285
   CA_6     N_7     1  8.375270e-03  6.153082e-05  ;  4.409090e-01    0.285
   CA_6     O_5     1  2.163485e-03  4.105849e-06  ;  3.518640e-01    0.285
   CA_6     O_6     1  5.572022e-04  2.723458e-07  ;  2.806627e-01    0.285
   CA_6     O_7     1  1.562055e-02  2.140365e-04  ;  4.891761e-01    0.285
   CA_7    CA_7     1  5.948639e-03  3.104062e-05  ;  4.164717e-01    0.285
   CA_7    CA_8     1  1.348280e-02  1.594613e-04  ;  4.773232e-01    0.285
   CA_7    CB_4     1  6.735237e-03  3.979247e-05  ;  4.251818e-01    0.285
   CA_7    CB_7     1  5.618419e-03  2.769003e-05  ;  4.125262e-01    0.285
   CA_7   CD1_6     1  1.258401e-02  1.389099e-04  ;  4.718664e-01    0.285
   CA_7   CD1_7     1  2.406403e-03  5.079626e-06  ;  3.581601e-01    0.285
   CA_7    CD_9     1  1.443936e-02  1.828906e-04  ;  4.828073e-01    0.285
   CA_7    CG_6     1  1.411298e-02  1.747159e-04  ;  4.809711e-01    0.285
   CA_7    CG_7     1  3.247129e-03  9.248991e-06  ;  3.765007e-01    0.285
   CA_7     C_6     1  6.986529e-03  4.281718e-05  ;  4.277855e-01    0.285
   CA_7     C_7     1  2.639167e-03  6.109828e-06  ;  3.637143e-01    0.285
   CA_7     N_7     1  4.078114e-03  1.458861e-05  ;  3.910741e-01    0.285
   CA_7     N_8     1  1.061788e-02  9.889425e-05  ;  4.586931e-01    0.285
   CA_7    OG_8     1  1.234153e-02  1.336081e-04  ;  4.703387e-01    0.285
   CA_7     O_6     1  1.455036e-03  1.857130e-06  ;  3.293529e-01    0.285
   CA_7     O_7     1  3.794019e-04  1.262682e-07  ;  2.632484e-01    0.285
   CA_8    CA_8     1  5.943125e-03  3.098310e-05  ;  4.164073e-01    0.285
   CA_8    CA_9     1  9.517540e-03  7.945927e-05  ;  4.504051e-01    0.285
   CA_8    CB_8     1  6.130642e-03  3.296910e-05  ;  4.185688e-01    0.285
   CA_8    CD_3     1  4.939584e-03  2.140306e-05  ;  4.037671e-01    0.285
   CA_8    CD_9     1  8.128855e-03  5.796341e-05  ;  4.387200e-01    0.285
   CA_8     C_7     1  1.014063e-02  9.020386e-05  ;  4.551907e-01    0.285
   CA_8     C_8     1  3.274393e-03  9.404954e-06  ;  3.770257e-01    0.285
   CA_8     N_8     1  3.178707e-03  8.863312e-06  ;  3.751667e-01    0.285
   CA_8     N_9     1  6.514626e-03  3.722838e-05  ;  4.228284e-01    0.285
   CA_8    OG_8     1  5.159922e-03  2.335508e-05  ;  4.067145e-01    0.285
   CA_8     O_7     1  2.478915e-03  5.390370e-06  ;  3.599367e-01    0.285
   CA_8     O_8     1  2.008430e-03  3.538413e-06  ;  3.475297e-01    0.285
   CA_9    CA_9     1  5.928107e-03  3.082672e-05  ;  4.162317e-01    0.285
   CA_9    CB_2     1  7.019486e-03  4.322209e-05  ;  4.281212e-01    0.285
   CA_9    CB_4     1  7.288562e-03  4.659924e-05  ;  4.308137e-01    0.285
   CA_9    CB_9     1  3.856164e-03  1.304386e-05  ;  3.874436e-01    0.285
   CA_9  CD1_10     1  1.550334e-02  2.108364e-04  ;  4.885624e-01    0.285
   CA_9    CD_9     1  1.939032e-03  3.298111e-06  ;  3.454989e-01    0.285
   CA_9   CG2_2     1  1.740020e-03  2.655851e-06  ;  3.393190e-01    0.285
   CA_9    CG_9     1  8.808609e-04  6.806279e-07  ;  3.029240e-01    0.285
   CA_9     C_8     1  7.162840e-03  4.500551e-05  ;  4.295662e-01    0.285
   CA_9     C_9     1  3.589981e-03  1.130523e-05  ;  3.828523e-01    0.285
   CA_9    N_10     1  8.393443e-03  6.179815e-05  ;  4.410683e-01    0.285
   CA_9     N_9     1  3.620645e-03  1.149919e-05  ;  3.833954e-01    0.285
   CA_9     O_3     1  1.392806e-02  1.701674e-04  ;  4.799150e-01    0.285
   CA_9     O_7     1  1.562246e-02  2.140887e-04  ;  4.891861e-01    0.285
   CA_9     O_8     1  8.009370e-03  5.627194e-05  ;  4.376386e-01    0.285
   CA_9     O_9     1  6.760076e-04  4.008652e-07  ;  2.898508e-01    0.285
   CB_1    CB_1     1  5.916046e-03  3.070141e-05  ;  4.160905e-01    0.285
   CB_1   CD1_1     1  2.581824e-03  5.847206e-06  ;  3.623851e-01    0.285
   CB_1   CD2_1     1  5.601218e-03  2.752074e-05  ;  4.123154e-01    0.285
   CB_1  CD2_10     1  1.515414e-03  2.014455e-06  ;  3.315923e-01    0.285
   CB_1   CE1_1     1  6.062454e-03  3.223978e-05  ;  4.177893e-01    0.285
   CB_1  CE1_10     1  9.765396e-03  8.365172e-05  ;  4.523391e-01    0.285
   CB_1  CE2_10     1  8.058708e-04  5.696735e-07  ;  2.984650e-01    0.285
   CB_1    CG_1     1  5.456292e-03  2.611502e-05  ;  4.105179e-01    0.285
   CB_1   CG_10     1  7.911110e-03  5.489970e-05  ;  4.367391e-01    0.285
   CB_1   CZ_10     1  1.793799e-03  2.822556e-06  ;  3.410448e-01    0.285
   CB_1     C_1     1  7.189086e-03  4.533593e-05  ;  4.298281e-01    0.285
   CB_1    C_11     1  7.801763e-03  5.339255e-05  ;  4.357272e-01    0.285
   CB_1     N_1     1  2.757388e-03  6.669462e-06  ;  3.663803e-01    0.285
   CB_1     N_2     1  7.045069e-03  4.353772e-05  ;  4.283809e-01    0.285
   CB_1   O1_11     1  5.528376e-03  2.680959e-05  ;  4.114169e-01    0.285
   CB_1   O2_11     1  4.022466e-03  1.419319e-05  ;  3.901796e-01    0.285
   CB_1   OG_11     1  1.326678e-02  1.543925e-04  ;  4.760400e-01    0.285
   CB_1   OH_10     1  1.148314e-03  1.156689e-06  ;  3.166110e-01    0.285
   CB_1     O_1     1  3.167684e-03  8.801951e-06  ;  3.749496e-01    0.285
   CB_1     O_2     1  8.173065e-03  5.859560e-05  ;  4.391168e-01    0.285
  CB_10   CB_10     1  5.925271e-03  3.079723e-05  ;  4.161986e-01    0.285
  CB_10  CD1_10     1  1.904635e-03  3.182135e-06  ;  3.444698e-01    0.285
  CB_10   CD2_1     1  4.378546e-03  1.681725e-05  ;  3.957347e-01    0.285
  CB_10  CD2_10     1  2.683305e-03  6.315901e-06  ;  3.647211e-01    0.285
  CB_10  CE1_10     1  2.006809e-03  3.532703e-06  ;  3.474830e-01    0.285
  CB_10   CE2_1     1  5.179135e-03  2.352933e-05  ;  4.069666e-01    0.285
  CB_10  CE2_10     1  2.815713e-03  6.954599e-06  ;  3.676607e-01    0.285
  CB_10   CG2_2     1  1.441442e-02  1.822593e-04  ;  4.826683e-01    0.285
  CB_10    CG_1     1  1.116794e-02  1.094061e-04  ;  4.625706e-01    0.285
  CB_10   CG_10     1  2.254494e-03  4.458548e-06  ;  3.542888e-01    0.285
  CB_10    CZ_1     1  1.359834e-02  1.622059e-04  ;  4.780025e-01    0.285
  CB_10   CZ_10     1  2.447291e-03  5.253714e-06  ;  3.591673e-01    0.285
  CB_10    C_10     1  7.159091e-03  4.495841e-05  ;  4.295287e-01    0.285
  CB_10     C_9     1  5.861088e-03  3.013364e-05  ;  4.154437e-01    0.285
  CB_10    N_10     1  7.962254e-03  5.561183e-05  ;  4.372084e-01    0.285
  CB_10    N_11     1  4.382232e-03  1.684558e-05  ;  3.957903e-01    0.285
  CB_10   OH_10     1  6.225577e-03  3.399808e-05  ;  4.196422e-01    0.285
  CB_10    O_10     1  7.823978e-03  5.369704e-05  ;  4.359337e-01    0.285
  CB_10     O_9     1  1.357191e-03  1.615760e-06  ;  3.255537e-01    0.285
  CB_11   CB_11     1  5.914485e-03  3.068520e-05  ;  4.160722e-01    0.285
  CB_11    CB_2     1  5.275908e-03  2.441685e-05  ;  4.082242e-01    0.285
  CB_11   CD1_1     1  6.851794e-03  4.118165e-05  ;  4.263994e-01    0.285
  CB_11   CD2_1     1  1.145412e-02  1.150849e-04  ;  4.645254e-01    0.285
  CB_11   CE1_1     1  1.914697e-03  3.215846e-06  ;  3.447724e-01    0.285
  CB_11   CE2_1     1  4.785105e-03  2.008529e-05  ;  4.016346e-01    0.285
  CB_11   CG2_2     1  6.892542e-03  4.167293e-05  ;  4.268210e-01    0.285
  CB_11    CG_1     1  1.418399e-02  1.764785e-04  ;  4.813736e-01    0.285
  CB_11    CZ_1     1  1.937013e-03  3.291245e-06  ;  3.454389e-01    0.285
  CB_11     C_1     1  2.842617e-03  7.088134e-06  ;  3.682439e-01    0.285
  CB_11    C_10     1  3.146198e-03  8.682947e-06  ;  3.745245e-01    0.285
  CB_11    C_11     1  6.941110e-03  4.226229e-05  ;  4.273208e-01    0.285
  CB_11     N_1     1  3.853385e-03  1.302507e-05  ;  3.873970e-01    0.285
  CB_11    N_11     1  4.929959e-03  2.131973e-05  ;  4.036359e-01    0.285
  CB_11     N_2     1  6.824261e-03  4.085135e-05  ;  4.261133e-01    0.285
  CB_11   O1_11     1  5.526367e-03  2.679011e-05  ;  4.113920e-01    0.285
  CB_11   O2_11     1  5.735572e-03  2.885683e-05  ;  4.139475e-01    0.285
  CB_11   OG1_2     1  9.472613e-04  7.871087e-07  ;  3.066155e-01    0.285
  CB_11   OG_11     1  2.063943e-03  3.736720e-06  ;  3.491126e-01    0.285
  CB_11    OH_1     1  1.440285e-03  1.819668e-06  ;  3.287940e-01    0.285
  CB_11     O_1     1  1.300272e-03  1.483076e-06  ;  3.232374e-01    0.285
  CB_11    O_10     1  6.882092e-04  4.154666e-07  ;  2.907162e-01    0.285
   CB_2    CB_2     1  5.935180e-03  3.090032e-05  ;  4.163145e-01    0.285
   CB_2    CB_9     1  2.956017e-03  7.664947e-06  ;  3.706526e-01    0.285
   CB_2   CG2_2     1  2.484945e-03  5.416624e-06  ;  3.600825e-01    0.285
   CB_2    CG_9     1  9.685721e-03  8.229228e-05  ;  4.517219e-01    0.285
   CB_2     C_1     1  2.979992e-03  7.789781e-06  ;  3.711519e-01    0.285
   CB_2    C_10     1  3.171076e-03  8.820808e-06  ;  3.750164e-01    0.285
   CB_2     C_2     1  1.034300e-02  9.384013e-05  ;  4.566923e-01    0.285
   CB_2     C_9     1  6.538480e-03  3.750151e-05  ;  4.230860e-01    0.285
   CB_2     N_1     1  1.467967e-02  1.890288e-04  ;  4.841374e-01    0.285
   CB_2    N_10     1  3.796911e-03  1.264608e-05  ;  3.864449e-01    0.285
   CB_2    N_11     1  8.675243e-03  6.601740e-05  ;  4.435026e-01    0.285
   CB_2     N_2     1  5.881558e-03  3.034450e-05  ;  4.156852e-01    0.285
   CB_2     N_3     1  9.074876e-03  7.223980e-05  ;  4.468440e-01    0.285
   CB_2   OG1_2     1  7.273019e-03  4.640071e-05  ;  4.306604e-01    0.285
   CB_2   OG_11     1  2.419688e-03  5.135870e-06  ;  3.584889e-01    0.285
   CB_2     O_1     1  4.465863e-04  1.749468e-07  ;  2.704997e-01    0.285
   CB_2    O_10     1  8.642320e-04  6.551727e-07  ;  3.019634e-01    0.285
   CB_2     O_2     1  3.987964e-03  1.395075e-05  ;  3.896198e-01    0.285
   CB_2     O_9     1  7.410004e-03  4.816505e-05  ;  4.320018e-01    0.285
   CB_3    CB_3     1  5.938165e-03  3.093141e-05  ;  4.163494e-01    0.285
   CB_3    CB_8     1  8.380963e-03  6.161451e-05  ;  4.409590e-01    0.285
   CB_3    CD_3     1  8.728386e-03  6.682870e-05  ;  4.439542e-01    0.285
   CB_3  CE1_10     1  1.088465e-02  1.039260e-04  ;  4.605940e-01    0.285
   CB_3   CG1_3     1  2.503324e-03  5.497046e-06  ;  3.605250e-01    0.285
   CB_3   CG2_3     1  6.553582e-03  3.767494e-05  ;  4.232487e-01    0.285
   CB_3   CZ_10     1  8.948739e-03  7.024555e-05  ;  4.458028e-01    0.285
   CB_3     C_2     1  8.495183e-03  6.330538e-05  ;  4.419549e-01    0.285
   CB_3     C_3     1  8.249288e-03  5.969364e-05  ;  4.397967e-01    0.285
   CB_3     N_3     1  1.029554e-02  9.298091e-05  ;  4.563423e-01    0.285
   CB_3     N_4     1  4.395424e-03  1.694715e-05  ;  3.959886e-01    0.285
   CB_3    OG_8     1  6.537000e-03  3.748454e-05  ;  4.230700e-01    0.285
   CB_3   OH_10     1  1.981289e-03  3.443426e-06  ;  3.467426e-01    0.285
   CB_3     O_2     1  2.396443e-03  5.037664e-06  ;  3.579126e-01    0.285
   CB_3     O_3     1  4.709618e-03  1.945658e-05  ;  4.005716e-01    0.285
   CB_3     O_4     1  8.726861e-03  6.680535e-05  ;  4.439413e-01    0.285
   CB_4    CB_4     1  5.967129e-03  3.123388e-05  ;  4.166871e-01    0.285
   CB_4    CB_7     1  1.342286e-03  1.580468e-06  ;  3.249551e-01    0.285
   CB_4    CB_9     1  2.094568e-03  3.848434e-06  ;  3.499706e-01    0.285
   CB_4   CD1_7     1  2.748450e-03  6.626297e-06  ;  3.661821e-01    0.285
   CB_4   CD2_7     1  1.086794e-02  1.036071e-04  ;  4.604760e-01    0.285
   CB_4    CD_9     1  1.341558e-03  1.578753e-06  ;  3.249257e-01    0.285
   CB_4    CG_7     1  4.602384e-03  1.858065e-05  ;  3.990368e-01    0.285
   CB_4    CG_9     1  1.122541e-03  1.105349e-06  ;  3.154154e-01    0.285
   CB_4     C_3     1  3.858498e-03  1.305966e-05  ;  3.874826e-01    0.285
   CB_4     C_4     1  7.864715e-03  5.425767e-05  ;  4.363112e-01    0.285
   CB_4     C_7     1  7.936434e-03  5.525175e-05  ;  4.369718e-01    0.285
   CB_4     N_4     1  7.369757e-03  4.764326e-05  ;  4.316099e-01    0.285
   CB_4     N_5     1  1.210889e-02  1.286187e-04  ;  4.688493e-01    0.285
   CB_4     N_8     1  1.140004e-02  1.140008e-04  ;  4.641592e-01    0.285
   CB_4     N_9     1  5.406839e-03  2.564378e-05  ;  4.098955e-01    0.285
   CB_4     O_3     1  6.280776e-04  3.460364e-07  ;  2.863198e-01    0.285
   CB_4     O_4     1  1.960956e-03  3.373114e-06  ;  3.461470e-01    0.285
   CB_4     O_7     1  8.480062e-03  6.308022e-05  ;  4.418237e-01    0.285
   CB_5    CB_5     1  5.973768e-03  3.130343e-05  ;  4.167644e-01    0.285
   CB_5    CB_6     1  3.726955e-03  1.218438e-05  ;  3.852490e-01    0.285
   CB_5   CD1_6     1  1.271187e-03  1.417471e-06  ;  3.220209e-01    0.285
   CB_5   CD2_6     1  8.201100e-04  5.899828e-07  ;  2.993376e-01    0.285
   CB_5    CG_6     1  2.199526e-03  4.243784e-06  ;  3.528342e-01    0.285
   CB_5     C_4     1  1.389478e-02  1.693551e-04  ;  4.797236e-01    0.285
   CB_5     C_5     1  4.568755e-03  1.831010e-05  ;  3.985494e-01    0.285
   CB_5     N_5     1  5.177552e-03  2.351496e-05  ;  4.069458e-01    0.285
   CB_5     O_4     1  3.965732e-03  1.379564e-05  ;  3.892570e-01    0.285
   CB_5     O_5     1  1.022801e-03  9.176513e-07  ;  3.105616e-01    0.285
   CB_6    CB_6     1  5.973944e-03  3.130527e-05  ;  4.167664e-01    0.285
   CB_6   CD1_6     1  3.347216e-03  9.827942e-06  ;  3.784105e-01    0.285
   CB_6   CD1_7     1  7.950731e-03  5.545098e-05  ;  4.371029e-01    0.285
   CB_6   CD2_6     1  5.379808e-04  2.538801e-07  ;  2.790253e-01    0.285
   CB_6   CD2_7     1  1.242878e-03  1.355039e-06  ;  3.208144e-01    0.285
   CB_6    CG_6     1  9.767463e-04  8.368714e-07  ;  3.081859e-01    0.285
   CB_6    CG_7     1  7.508624e-03  4.945564e-05  ;  4.329548e-01    0.285
   CB_6     C_5     1  1.219884e-02  1.305365e-04  ;  4.694279e-01    0.285
   CB_6     C_6     1  6.624305e-03  3.849247e-05  ;  4.240066e-01    0.285
   CB_6     N_6     1  7.069807e-03  4.384401e-05  ;  4.286312e-01    0.285
   CB_6     N_7     1  1.093082e-02  1.048095e-04  ;  4.609190e-01    0.285
   CB_6     O_5     1  3.526405e-03  1.090836e-05  ;  3.817138e-01    0.285
   CB_6     O_6     1  1.824049e-03  2.918556e-06  ;  3.419967e-01    0.285
   CB_7    CB_7     1  5.945423e-03  3.100706e-05  ;  4.164341e-01    0.285
   CB_7   CD1_7     1  7.266848e-04  4.632200e-07  ;  2.933640e-01    0.285
   CB_7   CD2_7     1  1.082385e-02  1.027682e-04  ;  4.601642e-01    0.285
   CB_7    CG_7     1  2.465803e-03  5.333493e-06  ;  3.596187e-01    0.285
   CB_7     C_4     1  8.126816e-03  5.793433e-05  ;  4.387016e-01    0.285
   CB_7     C_6     1  9.215870e-03  7.450199e-05  ;  4.479937e-01    0.285
   CB_7     C_7     1  5.216722e-03  2.387210e-05  ;  4.074573e-01    0.285
   CB_7     N_5     1  1.271744e-02  1.418713e-04  ;  4.726966e-01    0.285
   CB_7     N_7     1  7.462068e-03  4.884427e-05  ;  4.325063e-01    0.285
   CB_7     O_4     1  1.077662e-02  1.018732e-04  ;  4.598289e-01    0.285
   CB_7     O_6     1  2.224136e-03  4.339280e-06  ;  3.534891e-01    0.285
   CB_7     O_7     1  1.057415e-03  9.808135e-07  ;  3.122891e-01    0.285
   CB_8    CB_8     1  5.947232e-03  3.102593e-05  ;  4.164552e-01    0.285
   CB_8   CD1_6     1  1.557991e-02  2.129243e-04  ;  4.889638e-01    0.285
   CB_8    CD_3     1  8.005671e-04  5.621997e-07  ;  2.981367e-01    0.285
   CB_8   CG1_3     1  3.085156e-03  8.349289e-06  ;  3.733035e-01    0.285
   CB_8   CG2_3     1  3.880246e-03  1.320729e-05  ;  3.878458e-01    0.285
   CB_8     C_7     1  1.484914e-02  1.934184e-04  ;  4.850644e-01    0.285
   CB_8     C_8     1  5.586384e-03  2.737517e-05  ;  4.121333e-01    0.285
   CB_8     N_8     1  5.485316e-03  2.639359e-05  ;  4.108811e-01    0.285
   CB_8     N_9     1  1.539841e-02  2.079920e-04  ;  4.880097e-01    0.285
   CB_8    OG_8     1  2.950438e-03  7.636038e-06  ;  3.705359e-01    0.285
   CB_8     O_7     1  4.881315e-03  2.090108e-05  ;  4.029693e-01    0.285
   CB_8     O_8     1  2.705045e-03  6.418655e-06  ;  3.652119e-01    0.285
   CB_9    CB_9     1  5.919960e-03  3.074204e-05  ;  4.161364e-01    0.285
   CB_9    CD_9     1  3.536312e-03  1.096974e-05  ;  3.818923e-01    0.285
   CB_9   CG2_2     1  1.019066e-03  9.109610e-07  ;  3.103723e-01    0.285
   CB_9    CG_9     1  1.357000e-03  1.615306e-06  ;  3.255461e-01    0.285
   CB_9     C_2     1  6.837311e-03  4.100773e-05  ;  4.262490e-01    0.285
   CB_9     C_3     1  5.564991e-03  2.716590e-05  ;  4.118698e-01    0.285
   CB_9     C_9     1  9.046559e-03  7.178968e-05  ;  4.466114e-01    0.285
   CB_9    N_10     1  8.758610e-03  6.729233e-05  ;  4.442101e-01    0.285
   CB_9     N_3     1  5.608214e-03  2.758953e-05  ;  4.124012e-01    0.285
   CB_9     N_4     1  5.430141e-03  2.586529e-05  ;  4.101893e-01    0.285
   CB_9     N_9     1  8.627638e-03  6.529486e-05  ;  4.430960e-01    0.285
   CB_9   OG1_2     1  1.129812e-02  1.119714e-04  ;  4.634649e-01    0.285
   CB_9     O_2     1  1.040627e-02  9.499163e-05  ;  4.571566e-01    0.285
   CB_9     O_3     1  2.118443e-03  3.936666e-06  ;  3.506323e-01    0.285
   CB_9     O_8     1  1.392992e-02  1.702130e-04  ;  4.799257e-01    0.285
   CB_9     O_9     1  2.950560e-03  7.636672e-06  ;  3.705384e-01    0.285
  CD1_1   CD1_1     1  5.910919e-03  3.064821e-05  ;  4.160304e-01    0.285
  CD1_1   CD2_1     1  6.373574e-04  3.563373e-07  ;  2.870206e-01    0.285
  CD1_1  CD2_10     1  2.467931e-03  5.342705e-06  ;  3.596704e-01    0.285
  CD1_1   CE1_1     1  5.365523e-03  2.525337e-05  ;  4.093718e-01    0.285
  CD1_1   CE2_1     1  1.306655e-03  1.497674e-06  ;  3.235013e-01    0.285
  CD1_1  CE2_10     1  2.561507e-03  5.755542e-06  ;  3.619082e-01    0.285
  CD1_1    CG_1     1  1.790145e-03  2.811071e-06  ;  3.409290e-01    0.285
  CD1_1   CG_10     1  1.330539e-02  1.552924e-04  ;  4.762706e-01    0.285
  CD1_1    CZ_1     1  4.913644e-03  2.117886e-05  ;  4.034129e-01    0.285
  CD1_1   CZ_10     1  1.387125e-02  1.687822e-04  ;  4.795882e-01    0.285
  CD1_1     C_1     1  9.616263e-03  8.111624e-05  ;  4.511804e-01    0.285
  CD1_1    C_11     1  8.190765e-04  5.884967e-07  ;  2.992747e-01    0.285
  CD1_1     N_1     1  6.406502e-04  3.600286e-07  ;  2.872672e-01    0.285
  CD1_1   O1_11     1  4.552631e-04  1.818109e-07  ;  2.713686e-01    0.285
  CD1_1   O2_11     1  4.419122e-04  1.713038e-07  ;  2.700258e-01    0.285
  CD1_1   OG_11     1  7.238508e-03  4.596140e-05  ;  4.303192e-01    0.285
  CD1_1    OH_1     1  1.391322e-02  1.698051e-04  ;  4.798297e-01    0.285
  CD1_1     O_1     1  7.877771e-03  5.443796e-05  ;  4.364318e-01    0.285
 CD1_10  CD1_10     1  5.931888e-03  3.086605e-05  ;  4.162760e-01    0.285
 CD1_10   CD2_1     1  1.273137e-02  1.421822e-04  ;  4.727828e-01    0.285
 CD1_10  CD2_10     1  7.518095e-03  4.958048e-05  ;  4.330458e-01    0.285
 CD1_10    CD_3     1  1.891611e-03  3.138765e-06  ;  3.440761e-01    0.285
 CD1_10  CE1_10     1  2.424244e-03  5.155229e-06  ;  3.586014e-01    0.285
 CD1_10  CE2_10     1  7.761001e-03  5.283608e-05  ;  4.353469e-01    0.285
 CD1_10   CG1_3     1  6.238297e-03  3.413714e-05  ;  4.197849e-01    0.285
 CD1_10   CG_10     1  3.706479e-03  1.205086e-05  ;  3.848955e-01    0.285
 CD1_10   CZ_10     1  2.864366e-03  7.197012e-06  ;  3.687120e-01    0.285
 CD1_10    C_10     1  1.533636e-02  2.063192e-04  ;  4.876814e-01    0.285
 CD1_10     C_9     1  1.213539e-02  1.291822e-04  ;  4.690201e-01    0.285
 CD1_10    N_10     1  4.489482e-03  1.768022e-05  ;  3.973884e-01    0.285
 CD1_10   OH_10     1  2.788472e-03  6.820681e-06  ;  3.670655e-01    0.285
 CD1_10    O_10     1  1.356395e-02  1.613865e-04  ;  4.778008e-01    0.285
 CD1_10     O_8     1  4.738284e-03  1.969415e-05  ;  4.009769e-01    0.285
 CD1_10     O_9     1  4.777570e-03  2.002209e-05  ;  4.015291e-01    0.285
  CD1_6   CD1_6     1  5.963904e-03  3.120013e-05  ;  4.166496e-01    0.285
  CD1_6   CD2_6     1  4.096952e-03  1.472370e-05  ;  3.913746e-01    0.285
  CD1_6   CD2_7     1  1.202460e-02  1.268341e-04  ;  4.683037e-01    0.285
  CD1_6   CG2_3     1  1.027762e-02  9.265743e-05  ;  4.562098e-01    0.285
  CD1_6    CG_6     1  5.404972e-03  2.562608e-05  ;  4.098719e-01    0.285
  CD1_6     C_6     1  8.529511e-03  6.381803e-05  ;  4.422521e-01    0.285
  CD1_6     C_7     1  7.315078e-03  4.693891e-05  ;  4.310745e-01    0.285
  CD1_6     N_7     1  4.154512e-03  1.514032e-05  ;  3.922857e-01    0.285
  CD1_6    OG_8     1  3.045186e-03  8.134349e-06  ;  3.724930e-01    0.285
  CD1_6     O_6     1  8.482443e-03  6.311565e-05  ;  4.418444e-01    0.285
  CD1_6     O_7     1  3.572592e-03  1.119597e-05  ;  3.825426e-01    0.285
  CD1_7   CD1_7     1  5.948390e-03  3.103802e-05  ;  4.164688e-01    0.285
  CD1_7   CD2_6     1  3.542337e-03  1.100715e-05  ;  3.820007e-01    0.285
  CD1_7   CD2_7     1  6.207397e-04  3.379980e-07  ;  2.857596e-01    0.285
  CD1_7    CG_6     1  9.962150e-03  8.705653e-05  ;  4.538455e-01    0.285
  CD1_7    CG_7     1  1.827875e-03  2.930813e-06  ;  3.421162e-01    0.285
  CD1_7     C_4     1  3.231876e-03  9.162301e-06  ;  3.762054e-01    0.285
  CD1_7     C_5     1  3.714051e-03  1.210016e-05  ;  3.850264e-01    0.285
  CD1_7     C_6     1  5.719527e-03  2.869560e-05  ;  4.137543e-01    0.285
  CD1_7     C_7     1  1.240329e-02  1.349488e-04  ;  4.707302e-01    0.285
  CD1_7     N_5     1  2.349728e-03  4.843177e-06  ;  3.567403e-01    0.285
  CD1_7     N_6     1  6.920154e-03  4.200749e-05  ;  4.271055e-01    0.285
  CD1_7     N_7     1  6.228175e-03  3.402646e-05  ;  4.196714e-01    0.285
  CD1_7     O_4     1  2.212656e-03  4.294603e-06  ;  3.531844e-01    0.285
  CD1_7     O_5     1  1.872614e-03  3.076039e-06  ;  3.434978e-01    0.285
  CD1_7     O_6     1  2.215278e-03  4.304786e-06  ;  3.532541e-01    0.285
  CD2_1   CD2_1     1  5.910209e-03  3.064085e-05  ;  4.160220e-01    0.285
  CD2_1  CD2_10     1  8.752336e-04  6.719595e-07  ;  3.026006e-01    0.285
  CD2_1   CE1_1     1  7.971919e-04  5.574692e-07  ;  2.979269e-01    0.285
  CD2_1  CE1_10     1  1.130013e-02  1.120114e-04  ;  4.634787e-01    0.285
  CD2_1   CE2_1     1  5.367139e-03  2.526858e-05  ;  4.093923e-01    0.285
  CD2_1  CE2_10     1  7.952823e-04  5.548016e-07  ;  2.978078e-01    0.285
  CD2_1    CG_1     1  2.276866e-03  4.547472e-06  ;  3.548723e-01    0.285
  CD2_1   CG_10     1  3.785688e-03  1.257144e-05  ;  3.862543e-01    0.285
  CD2_1    CZ_1     1  2.359230e-03  4.882427e-06  ;  3.569803e-01    0.285
  CD2_1   CZ_10     1  3.509353e-03  1.080312e-05  ;  3.814056e-01    0.285
  CD2_1    C_11     1  4.736874e-03  1.968243e-05  ;  4.009570e-01    0.285
  CD2_1     N_1     1  1.384319e-02  1.681000e-04  ;  4.794264e-01    0.285
  CD2_1   O1_11     1  3.117716e-03  8.526451e-06  ;  3.739572e-01    0.285
  CD2_1   O2_11     1  5.077805e-03  2.261763e-05  ;  4.056286e-01    0.285
  CD2_1   OG_11     1  9.960673e-03  8.703071e-05  ;  4.538343e-01    0.285
  CD2_1    OH_1     1  5.293919e-03  2.458384e-05  ;  4.084561e-01    0.285
  CD2_1   OH_10     1  5.785376e-03  2.936016e-05  ;  4.145445e-01    0.285
 CD2_10  CD2_10     1  5.926149e-03  3.080635e-05  ;  4.162088e-01    0.285
 CD2_10    CD_3     1  8.631192e-03  6.534867e-05  ;  4.431264e-01    0.285
 CD2_10   CE1_1     1  4.869609e-03  2.080096e-05  ;  4.028081e-01    0.285
 CD2_10  CE1_10     1  4.148587e-03  1.509717e-05  ;  3.921924e-01    0.285
 CD2_10   CE2_1     1  2.198177e-03  4.238582e-06  ;  3.527982e-01    0.285
 CD2_10  CE2_10     1  2.409285e-03  5.091803e-06  ;  3.582316e-01    0.285
 CD2_10   CG1_3     1  1.415349e-02  1.757203e-04  ;  4.812009e-01    0.285
 CD2_10    CG_1     1  9.533225e-04  7.972138e-07  ;  3.069417e-01    0.285
 CD2_10   CG_10     1  5.226665e-03  2.396318e-05  ;  4.075867e-01    0.285
 CD2_10    CZ_1     1  4.630017e-03  1.880443e-05  ;  3.994352e-01    0.285
 CD2_10   CZ_10     1  1.945821e-03  3.321244e-06  ;  3.457002e-01    0.285
 CD2_10    OH_1     1  1.520933e-02  2.029155e-04  ;  4.870059e-01    0.285
 CD2_10   OH_10     1  1.851462e-03  3.006940e-06  ;  3.428480e-01    0.285
  CD2_6   CD2_6     1  5.979192e-03  3.136030e-05  ;  4.168274e-01    0.285
  CD2_6   CD2_7     1  7.373600e-04  4.769296e-07  ;  2.940779e-01    0.285
  CD2_6    CG_6     1  3.306395e-03  9.589691e-06  ;  3.776374e-01    0.285
  CD2_6    CG_7     1  2.982935e-03  7.805177e-06  ;  3.712130e-01    0.285
  CD2_6     C_5     1  4.433510e-03  1.724211e-05  ;  3.965584e-01    0.285
  CD2_6     C_6     1  8.044747e-03  5.677014e-05  ;  4.379601e-01    0.285
  CD2_6     N_5     1  1.244822e-02  1.359282e-04  ;  4.710139e-01    0.285
  CD2_6     N_6     1  7.257569e-03  4.620378e-05  ;  4.305078e-01    0.285
  CD2_6     N_7     1  8.870903e-03  6.902888e-05  ;  4.451542e-01    0.285
  CD2_6     O_5     1  3.812481e-03  1.275001e-05  ;  3.867086e-01    0.285
  CD2_6     O_6     1  1.061615e-02  9.886201e-05  ;  4.586806e-01    0.285
  CD2_7   CD2_7     1  5.957821e-03  3.113652e-05  ;  4.165787e-01    0.285
  CD2_7    CG_6     1  2.613192e-03  5.990151e-06  ;  3.631152e-01    0.285
  CD2_7    CG_7     1  2.071100e-03  3.762680e-06  ;  3.493140e-01    0.285
  CD2_7     C_4     1  1.266262e-02  1.406508e-04  ;  4.723564e-01    0.285
  CD2_7     C_5     1  6.458605e-03  3.659086e-05  ;  4.222202e-01    0.285
  CD2_7     C_6     1  9.923888e-03  8.638908e-05  ;  4.535545e-01    0.285
  CD2_7     N_5     1  1.040815e-02  9.502592e-05  ;  4.571704e-01    0.285
  CD2_7     N_6     1  4.938145e-03  2.139059e-05  ;  4.037475e-01    0.285
  CD2_7     N_7     1  1.079806e-02  1.022790e-04  ;  4.599813e-01    0.285
  CD2_7     O_5     1  8.788595e-03  6.775387e-05  ;  4.444632e-01    0.285
  CD2_7     O_6     1  2.444834e-03  5.243170e-06  ;  3.591072e-01    0.285
  CD2_7     O_7     1  1.122192e-02  1.104663e-04  ;  4.629425e-01    0.285
   CD_3    CD_3     1  5.930298e-03  3.084950e-05  ;  4.162574e-01    0.285
   CD_3  CE1_10     1  8.233691e-04  5.946813e-07  ;  2.995355e-01    0.285
   CD_3  CE2_10     1  5.229251e-03  2.398690e-05  ;  4.076203e-01    0.285
   CD_3   CG1_3     1  3.100145e-03  8.430615e-06  ;  3.736052e-01    0.285
   CD_3   CG2_3     1  1.430423e-02  1.794833e-04  ;  4.820513e-01    0.285
   CD_3   CG_10     1  5.887915e-03  3.041013e-05  ;  4.157601e-01    0.285
   CD_3   CZ_10     1  1.467891e-03  1.890092e-06  ;  3.298361e-01    0.285
   CD_3     C_8     1  4.374469e-03  1.678595e-05  ;  3.956733e-01    0.285
   CD_3     N_8     1  1.420765e-02  1.770679e-04  ;  4.815073e-01    0.285
   CD_3    OG_8     1  2.756087e-03  6.663170e-06  ;  3.663515e-01    0.285
   CD_3   OH_10     1  3.528928e-04  1.092398e-07  ;  2.600896e-01    0.285
   CD_3     O_2     1  7.174305e-03  4.514969e-05  ;  4.296807e-01    0.285
   CD_3     O_8     1  1.131156e-03  1.122380e-06  ;  3.158176e-01    0.285
   CD_9    CD_9     1  5.927905e-03  3.082461e-05  ;  4.162294e-01    0.285
   CD_9   CG2_2     1  8.946897e-03  7.021664e-05  ;  4.457875e-01    0.285
   CD_9    CG_9     1  5.019486e-03  2.210108e-05  ;  4.048484e-01    0.285
   CD_9     C_3     1  1.129104e-02  1.118312e-04  ;  4.634165e-01    0.285
   CD_9     C_7     1  1.298466e-02  1.478960e-04  ;  4.743377e-01    0.285
   CD_9     C_8     1  2.634847e-03  6.089839e-06  ;  3.636150e-01    0.285
   CD_9     C_9     1  1.005561e-02  8.869756e-05  ;  4.545523e-01    0.285
   CD_9    N_10     1  1.251420e-02  1.373730e-04  ;  4.714291e-01    0.285
   CD_9     N_4     1  1.385177e-02  1.683083e-04  ;  4.794758e-01    0.285
   CD_9     N_8     1  4.545432e-03  1.812364e-05  ;  3.982096e-01    0.285
   CD_9     N_9     1  2.227612e-03  4.352856e-06  ;  3.535812e-01    0.285
   CD_9     O_3     1  4.245294e-03  1.580923e-05  ;  3.937016e-01    0.285
   CD_9     O_7     1  7.415003e-03  4.823006e-05  ;  4.320504e-01    0.285
   CD_9     O_8     1  2.615746e-03  6.001864e-06  ;  3.631743e-01    0.285
   CD_9     O_9     1  1.537053e-02  2.072396e-04  ;  4.878624e-01    0.285
  CE1_1   CE1_1     1  5.908374e-03  3.062183e-05  ;  4.160005e-01    0.285
  CE1_1   CE2_1     1  6.211319e-04  3.384253e-07  ;  2.857897e-01    0.285
  CE1_1  CE2_10     1  7.191777e-03  4.536987e-05  ;  4.298549e-01    0.285
  CE1_1    CG_1     1  2.405765e-03  5.076934e-06  ;  3.581443e-01    0.285
  CE1_1    CZ_1     1  2.223798e-03  4.337963e-06  ;  3.534802e-01    0.285
  CE1_1    C_11     1  6.608838e-04  3.831293e-07  ;  2.887598e-01    0.285
  CE1_1     N_1     1  2.430328e-03  5.181134e-06  ;  3.587512e-01    0.285
  CE1_1    N_11     1  9.677265e-03  8.214865e-05  ;  4.516562e-01    0.285
  CE1_1   O1_11     1  2.717290e-04  6.476900e-08  ;  2.490034e-01    0.285
  CE1_1   O2_11     1  6.418110e-04  3.613345e-07  ;  2.873539e-01    0.285
  CE1_1   OG_11     1  1.558707e-03  2.131199e-06  ;  3.331526e-01    0.285
  CE1_1    OH_1     1  4.865143e-03  2.076282e-05  ;  4.027465e-01    0.285
 CE1_10  CE1_10     1  5.936538e-03  3.091446e-05  ;  4.163303e-01    0.285
 CE1_10  CE2_10     1  7.452649e-03  4.872104e-05  ;  4.324152e-01    0.285
 CE1_10   CG1_3     1  1.835256e-03  2.954532e-06  ;  3.423460e-01    0.285
 CE1_10   CG_10     1  1.952192e-03  3.343030e-06  ;  3.458886e-01    0.285
 CE1_10   CZ_10     1  5.391330e-03  2.549688e-05  ;  4.096993e-01    0.285
 CE1_10     C_8     1  1.110134e-02  1.081050e-04  ;  4.621097e-01    0.285
 CE1_10     C_9     1  1.303846e-02  1.491241e-04  ;  4.746647e-01    0.285
 CE1_10    N_10     1  6.500691e-03  3.706929e-05  ;  4.226775e-01    0.285
 CE1_10   OH_10     1  2.903638e-03  7.395712e-06  ;  3.695498e-01    0.285
 CE1_10     O_2     1  1.219116e-02  1.303723e-04  ;  4.693787e-01    0.285
 CE1_10     O_8     1  2.267676e-03  4.510837e-06  ;  3.546332e-01    0.285
  CE2_1   CE2_1     1  5.908049e-03  3.061846e-05  ;  4.159967e-01    0.285
  CE2_1  CE2_10     1  4.116494e-03  1.486450e-05  ;  3.916852e-01    0.285
  CE2_1    CG_1     1  5.031132e-03  2.220376e-05  ;  4.050048e-01    0.285
  CE2_1   CG_10     1  6.624409e-03  3.849368e-05  ;  4.240077e-01    0.285
  CE2_1    CZ_1     1  1.754071e-03  2.698918e-06  ;  3.397742e-01    0.285
  CE2_1   CZ_10     1  1.412869e-02  1.751052e-04  ;  4.810603e-01    0.285
  CE2_1    C_11     1  4.436095e-03  1.726223e-05  ;  3.965969e-01    0.285
  CE2_1     N_1     1  1.309513e-02  1.504232e-04  ;  4.750079e-01    0.285
  CE2_1    N_11     1  1.425715e-02  1.783037e-04  ;  4.817865e-01    0.285
  CE2_1   O1_11     1  3.323547e-03  9.689445e-06  ;  3.779632e-01    0.285
  CE2_1   O2_11     1  4.077075e-03  1.458117e-05  ;  3.910575e-01    0.285
  CE2_1   OG_11     1  2.657627e-03  6.195596e-06  ;  3.641370e-01    0.285
  CE2_1    OH_1     1  2.329435e-03  4.759884e-06  ;  3.562249e-01    0.285
 CE2_10  CE2_10     1  5.930983e-03  3.085663e-05  ;  4.162654e-01    0.285
 CE2_10   CG1_3     1  5.851635e-03  3.003652e-05  ;  4.153320e-01    0.285
 CE2_10    CG_1     1  1.269285e-03  1.413233e-06  ;  3.219406e-01    0.285
 CE2_10   CG_10     1  2.811820e-03  6.935377e-06  ;  3.675760e-01    0.285
 CE2_10    CZ_1     1  1.071891e-02  1.007852e-04  ;  4.594176e-01    0.285
 CE2_10   CZ_10     1  3.716021e-03  1.211300e-05  ;  3.850604e-01    0.285
 CE2_10     C_1     1  5.984622e-03  3.141728e-05  ;  4.168905e-01    0.285
 CE2_10     C_2     1  1.489987e-02  1.947423e-04  ;  4.853402e-01    0.285
 CE2_10     N_1     1  6.734349e-03  3.978198e-05  ;  4.251725e-01    0.285
 CE2_10     N_2     1  7.400969e-03  4.804767e-05  ;  4.319140e-01    0.285
 CE2_10   OH_10     1  1.931768e-03  3.273447e-06  ;  3.452829e-01    0.285
 CE2_10     O_1     1  7.293150e-03  4.665792e-05  ;  4.308589e-01    0.285
 CE2_10     O_2     1  6.785880e-03  4.039313e-05  ;  4.257130e-01    0.285
  CG1_3   CG1_3     1  5.932578e-03  3.087323e-05  ;  4.162840e-01    0.285
  CG1_3   CG2_3     1  5.970687e-03  3.127115e-05  ;  4.167285e-01    0.285
  CG1_3   CG_10     1  1.481527e-02  1.925370e-04  ;  4.848798e-01    0.285
  CG1_3   CZ_10     1  1.725123e-03  2.610569e-06  ;  3.388331e-01    0.285
  CG1_3     C_3     1  1.276011e-02  1.428250e-04  ;  4.729606e-01    0.285
  CG1_3     N_3     1  6.426052e-03  3.622293e-05  ;  4.218647e-01    0.285
  CG1_3    OG_8     1  5.369027e-03  2.528636e-05  ;  4.094163e-01    0.285
  CG1_3   OH_10     1  7.293791e-04  4.666612e-07  ;  2.935450e-01    0.285
  CG1_3     O_2     1  4.422852e-03  1.715932e-05  ;  3.963993e-01    0.285
  CG1_3     O_3     1  7.540803e-03  4.988045e-05  ;  4.332635e-01    0.285
  CG1_3     O_8     1  8.144420e-03  5.818559e-05  ;  4.388599e-01    0.285
  CG2_2   CG2_2     1  5.941368e-03  3.096479e-05  ;  4.163868e-01    0.285
  CG2_2    CG_9     1  1.641592e-03  2.363881e-06  ;  3.360419e-01    0.285
  CG2_2    C_10     1  2.320377e-03  4.722940e-06  ;  3.559937e-01    0.285
  CG2_2     C_2     1  6.674612e-03  3.907933e-05  ;  4.245415e-01    0.285
  CG2_2     C_9     1  1.497774e-03  1.967831e-06  ;  3.309458e-01    0.285
  CG2_2    N_10     1  1.017220e-03  9.076635e-07  ;  3.102785e-01    0.285
  CG2_2    N_11     1  7.181491e-03  4.524019e-05  ;  4.297524e-01    0.285
  CG2_2     N_9     1  9.732671e-03  8.309201e-05  ;  4.520861e-01    0.285
  CG2_2   OG1_2     1  4.848896e-03  2.062438e-05  ;  4.025220e-01    0.285
  CG2_2   OG_11     1  8.975133e-03  7.066053e-05  ;  4.460217e-01    0.285
  CG2_2     O_1     1  4.776768e-03  2.001536e-05  ;  4.015179e-01    0.285
  CG2_2    O_10     1  5.415072e-04  2.572193e-07  ;  2.793293e-01    0.285
  CG2_2     O_2     1  3.602944e-03  1.138703e-05  ;  3.830823e-01    0.285
  CG2_2     O_9     1  8.781072e-04  6.763792e-07  ;  3.027660e-01    0.285
  CG2_3   CG2_3     1  5.944365e-03  3.099603e-05  ;  4.164218e-01    0.285
  CG2_3     C_3     1  1.094139e-02  1.050124e-04  ;  4.609933e-01    0.285
  CG2_3     C_4     1  7.961607e-03  5.560279e-05  ;  4.372025e-01    0.285
  CG2_3     N_4     1  4.223089e-03  1.564428e-05  ;  3.933576e-01    0.285
  CG2_3    OG_8     1  2.238941e-03  4.397244e-06  ;  3.538802e-01    0.285
  CG2_3   OH_10     1  1.048473e-02  9.642935e-05  ;  4.577293e-01    0.285
  CG2_3     O_2     1  1.228662e-02  1.324220e-04  ;  4.699893e-01    0.285
  CG2_3     O_3     1  4.665468e-03  1.909350e-05  ;  3.999433e-01    0.285
  CG2_3     O_4     1  2.900193e-03  7.378175e-06  ;  3.694767e-01    0.285
   CG_1    CG_1     1  5.912364e-03  3.066320e-05  ;  4.160473e-01    0.285
   CG_1   CG_10     1  5.892165e-03  3.045405e-05  ;  4.158101e-01    0.285
   CG_1    CZ_1     1  8.185536e-03  5.877456e-05  ;  4.392284e-01    0.285
   CG_1   CZ_10     1  5.128828e-03  2.307445e-05  ;  4.063050e-01    0.285
   CG_1     C_1     1  1.428154e-02  1.789143e-04  ;  4.819238e-01    0.285
   CG_1    C_11     1  2.680444e-03  6.302440e-06  ;  3.646562e-01    0.285
   CG_1     N_1     1  2.678479e-03  6.293200e-06  ;  3.646117e-01    0.285
   CG_1   O1_11     1  1.976761e-03  3.427704e-06  ;  3.466104e-01    0.285
   CG_1   O2_11     1  1.673257e-03  2.455955e-06  ;  3.371136e-01    0.285
   CG_1   OG_11     1  1.462922e-02  1.877316e-04  ;  4.838596e-01    0.285
   CG_1   OH_10     1  5.509100e-03  2.662297e-05  ;  4.111775e-01    0.285
   CG_1     O_1     1  9.502969e-03  7.921615e-05  ;  4.502901e-01    0.285
  CG_10   CG_10     1  5.929154e-03  3.083760e-05  ;  4.162440e-01    0.285
  CG_10    CZ_1     1  1.452083e-02  1.849600e-04  ;  4.832603e-01    0.285
  CG_10   CZ_10     1  1.597090e-03  2.237453e-06  ;  3.345061e-01    0.285
  CG_10    C_10     1  1.360593e-02  1.623871e-04  ;  4.780470e-01    0.285
  CG_10    N_10     1  8.769903e-03  6.746596e-05  ;  4.443055e-01    0.285
  CG_10   OH_10     1  2.278081e-03  4.552326e-06  ;  3.549038e-01    0.285
  CG_10    O_10     1  1.095830e-02  1.053371e-04  ;  4.611120e-01    0.285
  CG_10     O_9     1  4.656864e-03  1.902314e-05  ;  3.998203e-01    0.285
   CG_6    CG_6     1  5.972296e-03  3.128800e-05  ;  4.167472e-01    0.285
   CG_6    CG_7     1  1.049345e-02  9.658986e-05  ;  4.577927e-01    0.285
   CG_6     C_5     1  8.232171e-03  5.944618e-05  ;  4.396444e-01    0.285
   CG_6     C_6     1  4.512652e-03  1.786319e-05  ;  3.977295e-01    0.285
   CG_6     C_7     1  1.363563e-02  1.630969e-04  ;  4.782207e-01    0.285
   CG_6     N_6     1  6.737120e-03  3.981472e-05  ;  4.252016e-01    0.285
   CG_6     N_7     1  3.099963e-03  8.429622e-06  ;  3.736015e-01    0.285
   CG_6    OG_8     1  1.266010e-02  1.405948e-04  ;  4.723407e-01    0.285
   CG_6     O_5     1  3.302443e-03  9.566782e-06  ;  3.775621e-01    0.285
   CG_6     O_6     1  8.736389e-03  6.695131e-05  ;  4.440220e-01    0.285
   CG_6     O_7     1  8.564955e-03  6.434952e-05  ;  4.425578e-01    0.285
   CG_7    CG_7     1  5.951426e-03  3.106971e-05  ;  4.165042e-01    0.285
   CG_7     C_4     1  9.499440e-03  7.915734e-05  ;  4.502622e-01    0.285
   CG_7     C_5     1  1.503845e-02  1.983815e-04  ;  4.860896e-01    0.285
   CG_7     C_6     1  3.379981e-03  1.002129e-05  ;  3.790253e-01    0.285
   CG_7     N_5     1  1.220625e-02  1.306952e-04  ;  4.694755e-01    0.285
   CG_7     N_6     1  1.329045e-02  1.549438e-04  ;  4.761814e-01    0.285
   CG_7     N_7     1  6.064491e-03  3.226145e-05  ;  4.178127e-01    0.285
   CG_7     O_4     1  9.951766e-03  8.687513e-05  ;  4.537666e-01    0.285
   CG_7     O_5     1  9.592096e-03  8.070904e-05  ;  4.509912e-01    0.285
   CG_7     O_6     1  6.719953e-04  3.961208e-07  ;  2.895633e-01    0.285
   CG_7     O_7     1  7.967297e-03  5.568230e-05  ;  4.372546e-01    0.285
   CG_9    CG_9     1  5.923166e-03  3.077535e-05  ;  4.161739e-01    0.285
   CG_9     C_2     1  1.224440e-02  1.315134e-04  ;  4.697197e-01    0.285
   CG_9     C_3     1  2.547662e-03  5.693491e-06  ;  3.615815e-01    0.285
   CG_9     C_8     1  4.743249e-03  1.973545e-05  ;  4.010469e-01    0.285
   CG_9     C_9     1  5.580841e-03  2.732086e-05  ;  4.120651e-01    0.285
   CG_9    N_10     1  6.362284e-03  3.550759e-05  ;  4.211641e-01    0.285
   CG_9     N_3     1  4.464506e-03  1.748405e-05  ;  3.970191e-01    0.285
   CG_9     N_4     1  5.500213e-03  2.653714e-05  ;  4.110668e-01    0.285
   CG_9     N_8     1  1.265667e-02  1.405186e-04  ;  4.723194e-01    0.285
   CG_9     N_9     1  2.208215e-03  4.277382e-06  ;  3.530662e-01    0.285
   CG_9     O_3     1  7.556242e-04  5.008491e-07  ;  2.952796e-01    0.285
   CG_9     O_8     1  5.174141e-03  2.348398e-05  ;  4.069011e-01    0.285
   CG_9     O_9     1  1.528947e-02  2.050597e-04  ;  4.874326e-01    0.285
   CZ_1    CZ_1     1  5.913792e-03  3.067801e-05  ;  4.160641e-01    0.285
   CZ_1    C_11     1  1.956765e-03  3.358710e-06  ;  3.460235e-01    0.285
   CZ_1     N_1     1  1.168321e-02  1.197345e-04  ;  4.660611e-01    0.285
   CZ_1   O1_11     1  2.237310e-03  4.390839e-06  ;  3.538373e-01    0.285
   CZ_1   O2_11     1  3.044072e-03  8.128397e-06  ;  3.724703e-01    0.285
   CZ_1   OG1_2     1  1.545224e-02  2.094488e-04  ;  4.882937e-01    0.285
   CZ_1   OG_11     1  7.167028e-04  4.505814e-07  ;  2.926885e-01    0.285
   CZ_1    OH_1     1  5.358186e-03  2.518435e-05  ;  4.092784e-01    0.285
  CZ_10   CZ_10     1  5.933261e-03  3.088034e-05  ;  4.162920e-01    0.285
  CZ_10     C_1     1  7.562100e-03  5.016259e-05  ;  4.334672e-01    0.285
  CZ_10     C_2     1  1.079453e-02  1.022122e-04  ;  4.599562e-01    0.285
  CZ_10    N_10     1  1.555617e-02  2.122759e-04  ;  4.888395e-01    0.285
  CZ_10     N_2     1  9.715845e-03  8.280495e-05  ;  4.519558e-01    0.285
  CZ_10   OH_10     1  2.423024e-03  5.150041e-06  ;  3.585713e-01    0.285
  CZ_10     O_1     1  1.001914e-02  8.805547e-05  ;  4.542772e-01    0.285
  CZ_10     O_2     1  3.860311e-03  1.307193e-05  ;  3.875130e-01    0.285
  CZ_10     O_8     1  7.829470e-03  5.377246e-05  ;  4.359847e-01    0.285
    C_1     C_1     1  5.922571e-03  3.076917e-05  ;  4.161669e-01    0.285
    C_1     C_2     1  5.089418e-03  2.272121e-05  ;  4.057830e-01    0.285
    C_1     N_1     1  4.798264e-03  2.019591e-05  ;  4.018185e-01    0.285
    C_1     N_2     1  1.668961e-03  2.443361e-06  ;  3.369692e-01    0.285
    C_1   O2_11     1  1.020576e-02  9.136629e-05  ;  4.556766e-01    0.285
    C_1   OG1_2     1  2.186431e-03  4.193405e-06  ;  3.524833e-01    0.285
    C_1   OG_11     1  1.136049e-03  1.132113e-06  ;  3.160449e-01    0.285
    C_1    OH_1     1  7.068234e-03  4.382451e-05  ;  4.286153e-01    0.285
    C_1   OH_10     1  2.447577e-03  5.254940e-06  ;  3.591743e-01    0.285
    C_1     O_1     1  1.182209e-03  1.225982e-06  ;  3.181498e-01    0.285
    C_1     O_2     1  1.650137e-03  2.388555e-06  ;  3.363328e-01    0.285
   C_10    C_10     1  5.918865e-03  3.073067e-05  ;  4.161235e-01    0.285
   C_10    C_11     1  9.389459e-03  7.733504e-05  ;  4.493892e-01    0.285
   C_10     C_9     1  1.156542e-02  1.173325e-04  ;  4.652747e-01    0.285
   C_10    N_10     1  1.054126e-02  9.747211e-05  ;  4.581397e-01    0.285
   C_10    N_11     1  2.401015e-03  5.056907e-06  ;  3.580264e-01    0.285
   C_10   O1_11     1  5.504360e-03  2.657717e-05  ;  4.111185e-01    0.285
   C_10   OG1_2     1  1.124349e-03  1.108914e-06  ;  3.155000e-01    0.285
   C_10   OG_11     1  1.428589e-02  1.790233e-04  ;  4.819482e-01    0.285
   C_10     O_1     1  1.271537e-02  1.418251e-04  ;  4.726838e-01    0.285
   C_10    O_10     1  1.560927e-03  2.137274e-06  ;  3.332317e-01    0.285
   C_10     O_9     1  3.899939e-03  1.334169e-05  ;  3.881731e-01    0.285
   C_11    C_11     1  5.910593e-03  3.064483e-05  ;  4.160265e-01    0.285
   C_11     N_1     1  1.053784e-03  9.740876e-07  ;  3.121101e-01    0.285
   C_11    N_11     1  9.630582e-03  8.135800e-05  ;  4.512923e-01    0.285
   C_11   O1_11     1  1.093549e-03  1.048990e-06  ;  3.140428e-01    0.285
   C_11   O2_11     1  1.946276e-03  3.322799e-06  ;  3.457137e-01    0.285
   C_11   OG1_2     1  1.358808e-02  1.619612e-04  ;  4.779424e-01    0.285
   C_11   OG_11     1  1.165448e-02  1.191464e-04  ;  4.658699e-01    0.285
   C_11    OH_1     1  4.550752e-03  1.816609e-05  ;  3.982872e-01    0.285
   C_11    O_10     1  4.825364e-03  2.042468e-05  ;  4.021958e-01    0.285
    C_2     C_2     1  5.933204e-03  3.087974e-05  ;  4.162914e-01    0.285
    C_2     C_3     1  1.473584e-02  1.904782e-04  ;  4.844456e-01    0.285
    C_2     N_2     1  6.973864e-03  4.266209e-05  ;  4.276562e-01    0.285
    C_2     N_3     1  2.803955e-03  6.896635e-06  ;  3.674044e-01    0.285
    C_2   OH_10     1  2.624726e-03  6.043145e-06  ;  3.633818e-01    0.285
    C_2     O_1     1  1.559200e-03  2.132548e-06  ;  3.331702e-01    0.285
    C_2     O_2     1  1.151936e-03  1.163997e-06  ;  3.167772e-01    0.285
    C_2     O_3     1  6.651603e-03  3.881037e-05  ;  4.242973e-01    0.285
    C_3     C_3     1  5.949058e-03  3.104500e-05  ;  4.164766e-01    0.285
    C_3     C_4     1  4.741540e-03  1.972123e-05  ;  4.010228e-01    0.285
    C_3     N_3     1  1.007240e-02  8.899412e-05  ;  4.546788e-01    0.285
    C_3     N_4     1  1.705458e-03  2.551392e-06  ;  3.381863e-01    0.285
    C_3     O_2     1  6.511769e-03  3.719574e-05  ;  4.227975e-01    0.285
    C_3     O_3     1  1.101476e-03  1.064254e-06  ;  3.144211e-01    0.285
    C_3     O_4     1  1.535140e-03  2.067240e-06  ;  3.323078e-01    0.285
    C_4     C_4     1  5.967754e-03  3.124043e-05  ;  4.166944e-01    0.285
    C_4     C_5     1  1.069544e-02  1.003443e-04  ;  4.592498e-01    0.285
    C_4     N_4     1  6.579666e-03  3.797544e-05  ;  4.235290e-01    0.285
    C_4     N_5     1  2.518230e-03  5.562705e-06  ;  3.608819e-01    0.285
    C_4     O_3     1  1.420035e-03  1.768858e-06  ;  3.280190e-01    0.285
    C_4     O_4     1  9.557174e-04  8.012244e-07  ;  3.070700e-01    0.285
    C_4     O_5     1  3.878510e-03  1.319547e-05  ;  3.878169e-01    0.285
    C_5     C_5     1  5.983651e-03  3.140709e-05  ;  4.168792e-01    0.285
    C_5     C_6     1  1.101386e-02  1.064080e-04  ;  4.615008e-01    0.285
    C_5     N_5     1  1.089079e-02  1.040432e-04  ;  4.606373e-01    0.285
    C_5     N_6     1  2.434614e-03  5.199425e-06  ;  3.588565e-01    0.285
    C_5     O_4     1  3.814279e-03  1.276204e-05  ;  3.867390e-01    0.285
    C_5     O_5     1  9.629879e-04  8.134611e-07  ;  3.074581e-01    0.285
    C_5     O_6     1  4.089242e-03  1.466833e-05  ;  3.912518e-01    0.285
    C_6     C_6     1  5.960739e-03  3.116702e-05  ;  4.166127e-01    0.285
    C_6     C_7     1  7.184212e-03  4.527448e-05  ;  4.297795e-01    0.285
    C_6     N_6     1  1.157481e-02  1.175231e-04  ;  4.653377e-01    0.285
    C_6     N_7     1  2.062365e-03  3.731007e-06  ;  3.490681e-01    0.285
    C_6     O_5     1  3.653225e-03  1.170706e-05  ;  3.839682e-01    0.285
    C_6     O_6     1  9.805877e-04  8.434669e-07  ;  3.083876e-01    0.285
    C_6     O_7     1  2.586191e-03  5.867002e-06  ;  3.624871e-01    0.285
    C_7     C_7     1  5.942476e-03  3.097633e-05  ;  4.163997e-01    0.285
    C_7     C_8     1  1.166095e-02  1.192787e-04  ;  4.659130e-01    0.285
    C_7     N_7     1  8.376269e-03  6.154552e-05  ;  4.409178e-01    0.285
    C_7     N_8     1  2.569753e-03  5.792656e-06  ;  3.621021e-01    0.285
    C_7    OG_8     1  1.055018e-02  9.763720e-05  ;  4.582043e-01    0.285
    C_7     O_6     1  2.243970e-03  4.417019e-06  ;  3.540126e-01    0.285
    C_7     O_7     1  9.504191e-04  7.923653e-07  ;  3.067857e-01    0.285
    C_7     O_8     1  1.338792e-02  1.572250e-04  ;  4.767617e-01    0.285
    C_8     C_8     1  5.936878e-03  3.091800e-05  ;  4.163343e-01    0.285
    C_8     C_9     1  1.203036e-02  1.269557e-04  ;  4.683411e-01    0.285
    C_8     N_8     1  1.187952e-02  1.237921e-04  ;  4.673573e-01    0.285
    C_8     N_9     1  4.917928e-03  2.121581e-05  ;  4.034715e-01    0.285
    C_8    OG_8     1  6.584115e-03  3.802681e-05  ;  4.235767e-01    0.285
    C_8     O_7     1  3.800050e-03  1.266700e-05  ;  3.864981e-01    0.285
    C_8     O_8     1  2.538360e-03  5.651992e-06  ;  3.613611e-01    0.285
    C_8     O_9     1  3.547191e-03  1.103733e-05  ;  3.820879e-01    0.285
    C_9     C_9     1  5.925915e-03  3.080392e-05  ;  4.162061e-01    0.285
    C_9    N_10     1  2.152341e-03  4.063660e-06  ;  3.515613e-01    0.285
    C_9     N_9     1  1.167965e-02  1.196617e-04  ;  4.660375e-01    0.285
    C_9   OG1_2     1  1.087477e-02  1.037373e-04  ;  4.605243e-01    0.285
    C_9    O_10     1  5.044826e-03  2.232480e-05  ;  4.051883e-01    0.285
    C_9     O_8     1  4.988987e-03  2.183333e-05  ;  4.044373e-01    0.285
    C_9     O_9     1  1.046205e-03  9.601274e-07  ;  3.117348e-01    0.285
    N_1     N_1     1  5.916649e-03  3.070767e-05  ;  4.160976e-01    0.285
    N_1     N_2     1  3.510374e-03  1.080941e-05  ;  3.814241e-01    0.285
    N_1   O1_11     1  5.509890e-04  2.663060e-07  ;  2.801386e-01    0.285
    N_1   O2_11     1  4.492567e-04  1.770452e-07  ;  2.707686e-01    0.285
    N_1   OG1_2     1  6.165418e-03  3.334419e-05  ;  4.189636e-01    0.285
    N_1   OG_11     1  7.682306e-04  5.177002e-07  ;  2.960950e-01    0.285
    N_1    OH_1     1  2.699711e-03  6.393366e-06  ;  3.650918e-01    0.285
    N_1   OH_10     1  1.290641e-02  1.461188e-04  ;  4.738601e-01    0.285
    N_1     O_1     1  8.799275e-03  6.791863e-05  ;  4.445531e-01    0.285
   N_10    N_10     1  5.923582e-03  3.077967e-05  ;  4.161788e-01    0.285
   N_10    N_11     1  1.009965e-02  8.947626e-05  ;  4.548836e-01    0.285
   N_10     N_9     1  1.094767e-02  1.051328e-04  ;  4.610374e-01    0.285
   N_10   OG1_2     1  4.602377e-03  1.858059e-05  ;  3.990367e-01    0.285
   N_10    O_10     1  5.017141e-03  2.208045e-05  ;  4.048169e-01    0.285
   N_10     O_9     1  2.868009e-04  7.215329e-08  ;  2.512538e-01    0.285
   N_11    N_11     1  5.917919e-03  3.072085e-05  ;  4.161124e-01    0.285
   N_11   O1_11     1  3.789024e-03  1.259360e-05  ;  3.863110e-01    0.285
   N_11   O2_11     1  9.122282e-03  7.299652e-05  ;  4.472322e-01    0.285
   N_11   OG1_2     1  2.633131e-03  6.081910e-06  ;  3.635755e-01    0.285
   N_11   OG_11     1  1.430319e-02  1.794573e-04  ;  4.820455e-01    0.285
   N_11     O_1     1  1.286466e-02  1.451750e-04  ;  4.736042e-01    0.285
   N_11    O_10     1  5.811532e-04  2.962623e-07  ;  2.826383e-01    0.285
    N_2     N_2     1  5.925027e-03  3.079469e-05  ;  4.161957e-01    0.285
    N_2   OG1_2     1  6.328503e-03  3.513153e-05  ;  4.207906e-01    0.285
    N_2   OG_11     1  4.099537e-03  1.474228e-05  ;  3.914158e-01    0.285
    N_2    OH_1     1  1.290222e-02  1.460238e-04  ;  4.738344e-01    0.285
    N_2   OH_10     1  2.274933e-03  4.539756e-06  ;  3.548221e-01    0.285
    N_2     O_1     1  2.156587e-04  4.079709e-08  ;  2.395946e-01    0.285
    N_2    O_10     1  1.200604e-02  1.264429e-04  ;  4.681832e-01    0.285
    N_2     O_2     1  1.810063e-03  2.873971e-06  ;  3.415583e-01    0.285
    N_3     N_3     1  5.937293e-03  3.092232e-05  ;  4.163392e-01    0.285
    N_3     N_4     1  7.032785e-03  4.338602e-05  ;  4.282563e-01    0.285
    N_3   OH_10     1  3.023755e-03  8.020257e-06  ;  3.720548e-01    0.285
    N_3     O_1     1  9.616512e-03  8.112044e-05  ;  4.511824e-01    0.285
    N_3     O_2     1  5.091188e-04  2.273701e-07  ;  2.764728e-01    0.285
    N_3     O_3     1  4.683926e-03  1.924488e-05  ;  4.002065e-01    0.285
    N_4     N_4     1  5.954134e-03  3.109799e-05  ;  4.165358e-01    0.285
    N_4     O_3     1  2.018063e-04  3.572439e-08  ;  2.369582e-01    0.285
    N_4     O_4     1  1.518346e-03  2.022258e-06  ;  3.316991e-01    0.285
    N_5     N_5     1  5.972574e-03  3.129091e-05  ;  4.167505e-01    0.285
    N_5     N_6     1  1.275436e-02  1.426963e-04  ;  4.729250e-01    0.285
    N_5     O_3     1  8.532558e-03  6.386364e-05  ;  4.422784e-01    0.285
    N_5     O_4     1  3.324517e-04  9.695098e-08  ;  2.575158e-01    0.285
    N_5     O_5     1  2.918500e-03  7.471614e-06  ;  3.698643e-01    0.285
    N_6     N_6     1  5.977216e-03  3.133958e-05  ;  4.168045e-01    0.285
    N_6     N_7     1  1.013149e-02  9.004139e-05  ;  4.551223e-01    0.285
    N_6     O_5     1  3.027316e-04  8.039160e-08  ;  2.535277e-01    0.285
    N_6     O_6     1  3.238947e-03  9.202436e-06  ;  3.763424e-01    0.285
    N_7     N_7     1  5.954913e-03  3.110613e-05  ;  4.165448e-01    0.285
    N_7     N_8     1  1.460904e-02  1.872140e-04  ;  4.837483e-01    0.285
    N_7     O_6     1  2.399200e-04  5.049263e-08  ;  2.438898e-01    0.285
    N_7     O_7     1  2.140922e-03  4.020657e-06  ;  3.512497e-01    0.285
    N_8     N_8     1  5.939536e-03  3.094569e-05  ;  4.163654e-01    0.285
    N_8     N_9     1  1.197573e-02  1.258053e-04  ;  4.679860e-01    0.285
    N_8    OG_8     1  2.774109e-03  6.750598e-06  ;  3.667497e-01    0.285
    N_8     O_6     1  1.158362e-02  1.177020e-04  ;  4.653967e-01    0.285
    N_8     O_7     1  3.264966e-04  9.350880e-08  ;  2.567412e-01    0.285
    N_8     O_8     1  1.011047e-02  8.966816e-05  ;  4.549648e-01    0.285
    N_9     N_9     1  5.925593e-03  3.080057e-05  ;  4.162023e-01    0.285
    N_9     O_7     1  6.184876e-03  3.355499e-05  ;  4.191837e-01    0.285
    N_9     O_8     1  2.725900e-03  6.518012e-06  ;  3.656797e-01    0.285
    N_9     O_9     1  3.516174e-03  1.084516e-05  ;  3.815290e-01    0.285
  O1_11   O1_11     1  5.910322e-03  3.064202e-05  ;  4.160234e-01    0.285
  O1_11   O2_11     1  2.275584e-04  4.542354e-08  ;  2.417490e-01    0.285
  O1_11   OG1_2     1  1.254166e-02  1.379766e-04  ;  4.716014e-01    0.285
  O1_11   OG_11     1  4.137632e-03  1.501754e-05  ;  3.920197e-01    0.285
  O1_11    OH_1     1  4.955618e-03  2.154223e-05  ;  4.039852e-01    0.285
  O1_11    O_10     1  3.649200e-03  1.168128e-05  ;  3.838977e-01    0.285
  O2_11   O2_11     1  5.912928e-03  3.066905e-05  ;  4.160539e-01    0.285
  O2_11    OH_1     1  9.798087e-04  8.421272e-07  ;  3.083468e-01    0.285
  OG1_2   OG1_2     1  5.932441e-03  3.087180e-05  ;  4.162824e-01    0.285
  OG1_2   OG_11     1  2.401839e-04  5.060379e-08  ;  2.439345e-01    0.285
  OG1_2    OH_1     1  5.015015e-03  2.206173e-05  ;  4.047883e-01    0.285
  OG1_2     O_1     1  2.439657e-04  5.220987e-08  ;  2.445704e-01    0.285
  OG1_2    O_10     1  2.000738e-04  3.511361e-08  ;  2.366179e-01    0.285
  OG1_2     O_2     1  1.038364e-02  9.457898e-05  ;  4.569908e-01    0.285
  OG1_2     O_9     1  1.163758e-02  1.188011e-04  ;  4.657573e-01    0.285
  OG_11   OG_11     1  5.913375e-03  3.067369e-05  ;  4.160592e-01    0.285
  OG_11    OH_1     1  2.202057e-04  4.253559e-08  ;  2.404292e-01    0.285
  OG_11     O_1     1  3.124549e-04  8.563868e-08  ;  2.548671e-01    0.285
  OG_11    O_10     1  3.833054e-03  1.288799e-05  ;  3.870556e-01    0.285
   OG_8    OG_8     1  5.953722e-03  3.109369e-05  ;  4.165310e-01    0.285
   OG_8     O_6     1  1.381326e-02  1.673739e-04  ;  4.792534e-01    0.285
   OG_8     O_7     1  8.289065e-03  6.027070e-05  ;  4.401494e-01    0.285
   OG_8     O_8     1  4.379110e-03  1.682158e-05  ;  3.957432e-01    0.285
   OH_1    OH_1     1  1.258844e-03  1.390077e-06  ;  3.214977e-01    0.285
   OH_1     O_1     1  7.741513e-03  5.257107e-05  ;  4.351645e-01    0.285
  OH_10   OH_10     1  5.938686e-03  3.093683e-05  ;  4.163554e-01    0.285
  OH_10     O_1     1  3.783163e-03  1.255467e-05  ;  3.862114e-01    0.285
  OH_10     O_2     1  8.893776e-04  6.938531e-07  ;  3.034102e-01    0.285
  OH_10     O_8     1  9.227432e-03  7.468903e-05  ;  4.480873e-01    0.285
    O_1     O_1     1  5.923896e-03  3.078293e-05  ;  4.161824e-01    0.285
    O_1    O_10     1  7.894561e-03  5.467026e-05  ;  4.365867e-01    0.285
    O_1     O_2     1  6.533134e-04  3.744021e-07  ;  2.882058e-01    0.285
   O_10    O_10     1  5.917685e-03  3.071842e-05  ;  4.161097e-01    0.285
   O_10     O_9     1  2.000629e-03  3.510981e-06  ;  3.473044e-01    0.285
    O_2     O_2     1  5.931922e-03  3.086640e-05  ;  4.162764e-01    0.285
    O_2     O_3     1  3.670973e-03  1.182109e-05  ;  3.842785e-01    0.285
    O_3     O_3     1  5.950265e-03  3.105759e-05  ;  4.164906e-01    0.285
    O_3     O_4     1  5.633064e-04  2.783457e-07  ;  2.811728e-01    0.285
    O_4     O_4     1  5.967560e-03  3.123840e-05  ;  4.166922e-01    0.285
    O_4     O_5     1  1.646799e-03  2.378900e-06  ;  3.362193e-01    0.285
    O_5     O_5     1  5.983907e-03  3.140978e-05  ;  4.168822e-01    0.285
    O_5     O_6     1  1.570875e-03  2.164604e-06  ;  3.335847e-01    0.285
    O_6     O_6     1  5.959811e-03  3.115733e-05  ;  4.166019e-01    0.285
    O_6     O_7     1  9.879301e-04  8.561456e-07  ;  3.087713e-01    0.285
    O_7     O_7     1  5.942383e-03  3.097537e-05  ;  4.163986e-01    0.285
    O_7     O_8     1  5.958060e-03  3.113902e-05  ;  4.165815e-01    0.285
    O_8     O_8     1  5.935895e-03  3.090777e-05  ;  4.163228e-01    0.285
    O_8     O_9     1  1.075941e-03  1.015482e-06  ;  3.131944e-01    0.285
    O_9     O_9     1  5.926575e-03  3.081078e-05  ;  4.162138e-01    0.285