0.0022619536       1e-06 ; 1.27911
0.0022619536  7.4149321e-07 ; 1.72504
0.0022619536  1.505529e-06 ; 0.84961
0.0024364096  2.319529e-06 ; 0.63980
0.0024364096  5.0625e-06   ; 0.29314 
0.0024364096  2.319529e-06 ;  0.63980
0.0024364096  3.389281e-06 ; 0.43786
0.0024364096  2.319529e-06 ;  0.63980
0.0024364096  2.319529e-06 ;  0.63980
0.0023406244  4.937284e-06 ; 0.27741
0.0023406244  4.937284e-06 ; 0.27741
0.00606841    9.70225e-05 ; 0.09489
0.0074684164  3.3965584e-05 ; 0.41054
0.0096138025  2.6646244e-05 ; 0.86715
0.0073342096  2.8058209e-05 ; 0.47928
0.0099840064  1.3075456e-05 ; 1.90587
0.0096138025  2.6646244e-05 ; 0.86715 
0.01473796  2.2193521e-05 ; 2.44674
0.0022619536    1.21e-06 ; 1.05711
0.0055130625  1.5116544e-05 ; 0.50266
