; Made using MAGROS.FF script by Emanuele Scalone at Camilloni Lab
; Distance cutoff: 5.5
; Residue cutoff: 3
; 2021-05-05 16:28:10.882568
[ atoms ]
; ai  aj
   2   2
   2  14
   2   3
   2  15
   2   5
   2   6
   2   7
   2   4
   2  11
   2   1
   2  13
   2  16
   2  10
   2  12
   2  19
  68  68
  68  69
  68  81
  68  71
  68  72
  68  73
  68  70
  68  75
  68  77
  68  65
  68  67
  68  79
  68  78
  68  66
  80  80
  80  81
  80  77
  80  83
  80  79
  80  84
  80  85
  80  82
  80  78
  14  14
  14  15
  14  17
  14  11
  14  18
  14   1
  14  13
  14  20
  14  16
  14  12
  14  19
  21  21
  21  22
  21  25
  21  23
  21  24
  21  18
  21  26
  21  20
  21  28
  21  19
  21  27
  21  32
  29  29
  29  34
  29  30
  29  24
  29  26
  29  31
  29  28
  29  33
  29  27
  29  32
  34  34
  34  35
  34  42
  34  50
  34  43
  34  51
  34  41
  34  31
  34  36
  34  33
  34  38
  34  32
  34  37
  39  39
  39  40
  39  42
  39  50
  39  43
  39  51
  39  41
  39  49
  39  36
  39  44
  39  38
  39  46
  39  37
  39  45
  39  53
  47  47
  47  55
  47  48
  47  42
  47  50
  47  64
  47  41
  47  49
  47  44
  47  52
  47  46
  47  54
  47  57
  47  45
  47  53
  55  55
  55  61
  55  56
  55  64
  55  52
  55  58
  55  54
  55  60
  55  57
  55  53
  55  59
  61  61
  61  62
  61  71
  61  64
  61  63
  61  58
  61  65
  61  67
  61  60
  61  53
  61  59
  61  66
   3   3
   3   5
   3   6
   3   7
   3   4
   3  11
   3   1
   3  13
   3  12
   3  19
  69  69
  69  71
  69  72
  69  73
  69  74
  69  70
  69  75
  69  77
  69  65
  69  67
  69  79
  69  76
  69  78
  69  66
  81  81
  81  77
  81  83
  81  79
  81  84
  81  85
  81  82
  81  78
  15  15
  15  17
  15  11
  15  18
  15   1
  15  13
  15  20
  15  16
  15  12
  15  19
  22  22
  22  25
  22  23
  22  24
  22  18
  22  26
  22  20
  22  28
  22  19
  22  27
  22  32
  30  30
  30  26
  30  31
  30  28
  30  33
  30  27
  30  32
  35  35
  35  40
  35  42
  35  43
  35  41
  35  31
  35  36
  35  33
  35  32
  35  37
  40  40
  40  42
  40  50
  40  43
  40  51
  40  41
  40  49
  40  36
  40  44
  40  38
  40  46
  40  37
  40  45
  48  48
  48  50
  48  51
  48  49
  48  44
  48  52
  48  33
  48  46
  48  45
  48  53
  56  56
  56  42
  56  52
  56  58
  56  54
  56  60
  56  57
  56  53
  56  59
  62  62
  62  64
  62  63
  62  65
  62  67
  62  60
  62  59
  62  66
   5   5
   5   6
   5   7
   5   8
   5   4
   5   9
   5  11
   5   1
   5  10
   5  12
  71  71
  71  72
  71  73
  71  74
  71  70
  71  75
  71  77
  71  65
  71  67
  71  76
  71  78
  71  59
  71  66
  42  42
  42  43
  42  51
  42  41
  42  44
  42  52
  42  46
  42  57
  42  45
  42  53
  50  50
  50  43
  50  51
  50  41
  50  49
  50  36
  50  44
  50  52
  50  33
  50  38
  50  46
  50  37
  50  45
   6   6
   6   7
   6   8
   6   4
   6   9
   6   1
   6  10
  72  72
  72  73
  72  74
  72  70
  72  75
  72  76
  43  43
  43  51
  43  41
  43  49
  43  36
  43  44
  43  33
  43  38
  43  46
  43  37
  43  45
  51  51
  51  41
  51  49
  51  36
  51  44
  51  33
  51  38
  51  46
  51  37
  51  45
  51  53
  25  25
  25  23
  25  24
  25  19
  64  64
  64  63
  64  52
  64  58
  64  65
  64  67
  64  54
  64  60
  64  53
  64  59
  64  66
   7   7
   7   8
   7   4
   7   9
   7   1
   7  10
  73  73
  73  74
  73  70
  73  75
  73  58
  73  65
  73  67
  73  76
  73  59
   8   8
   8   4
   8   9
   8   1
   8  10
  74  74
  74  70
  74  75
  74  76
  23  23
  23  24
  23  26
  23  20
  23  19
  23  27
  17  17
  17  18
  17  16
  17  12
  17  19
  24  24
  24  26
  24  31
  24  28
  24  19
  24  27
  24  32
   4   4
   4   9
   4  11
   4   1
   4  12
  70  70
  70  75
  70  77
  70  67
  70  76
  70  78
  70  66
  41  41
  41  49
  41  36
  41  44
  41  52
  41  38
  41  46
  41  57
  41  37
  41  45
  41  53
  49  49
  49  36
  49  44
  49  33
  49  38
  49  46
  49  37
  49  45
  49  53
  63  63
  63  58
  63  65
  63  67
  63  54
  63  60
  63  59
  63  66
   9   9
   9   1
   9  16
   9  10
  75  75
  75  67
  75  76
  75  59
  11  11
  11  18
  11   1
  11  13
  11  16
  11  10
  11  12
  11  19
  77  77
  77  83
  77  65
  77  67
  77  79
  77  84
  77  82
  77  78
  77  66
  83  83
  83  79
  83  84
  83  85
  83  82
  83  78
  18  18
  18  26
  18  13
  18  20
  18  12
  18  19
  18  27
  26  26
  26  31
  26  20
  26  28
  26  19
  26  27
  26  32
  31  31
  31  36
  31  28
  31  33
  31  27
  31  32
  31  37
  36  36
  36  44
  36  33
  36  38
  36  32
  36  37
  36  45
  44  44
  44  52
  44  38
  44  46
  44  37
  44  45
  44  53
  52  52
  52  58
  52  46
  52  54
  52  57
  52  45
  52  53
  52  59
  58  58
  58  65
  58  54
  58  60
  58  57
  58  53
  58  59
  58  66
  65  65
  65  67
  65  60
  65  78
  65  59
  65  66
   1   1
   1  13
   1  16
   1  10
   1  12
  67  67
  67  79
  67  60
  67  78
  67  66
  79  79
  79  84
  79  85
  79  82
  79  78
  13  13
  13  16
  13  10
  13  12
  13  19
  20  20
  20  28
  20  12
  20  19
  20  27
  28  28
  28  27
  28  32
  33  33
  33  38
  33  27
  33  32
  33  37
  38  38
  38  46
  38  37
  38  45
  46  46
  46  54
  46  45
  46  53
  54  54
  54  60
  54  57
  54  45
  54  53
  54  59
  60  60
  60  53
  60  59
  60  66
  84  84
  84  85
  84  82
  84  78
  85  85
  16  16
  16  10
  16  12
  16  19
  82  82
  82  78
  57  57
  57  45
  57  53
  57  59
  10  10
  10  12
  76  76
  76  59
  12  12
  12  19
  78  78
  78  66
  19  19
  19  27
  27  27
  27  32
  32  32
  32  37
  37  37
  37  45
  45  45
  45  53
  53  53
  53  59
  59  59
  59  66
  66  66