; Made using MAGROS.FF script by Emanuele Scalone at Camilloni Lab
; Distance cutoff: 5.5
; Residue cutoff: 2
; 2021-06-08 14:33:24.389954

[ pairs ]
; ai  aj  func            c6           c12
   2  15     1  0.000000e+00  9.702250e-05
   2   7     1  0.000000e+00  2.188670e-05
   2  16     1  0.000000e+00  1.208595e-05
   2  10     1  0.000000e+00  1.208595e-05
   2  19     1  0.000000e+00  9.850000e-06
  68  81     1  0.000000e+00  5.740580e-05
  68  73     1  0.000000e+00  2.188670e-05
  68  75     1  0.000000e+00  2.188670e-05
  14   1     1  0.000000e+00  1.500155e-05
  21  32     1  0.000000e+00  9.850000e-06
  29  24     1  0.000000e+00  5.084570e-05
  34  42     1  0.000000e+00  5.084570e-05
  34  43     1  0.000000e+00  5.084570e-05
  34  41     1  0.000000e+00  9.702250e-05
  39  50     1  0.000000e+00  5.084570e-05
  39  51     1  0.000000e+00  5.084570e-05
  39  49     1  0.000000e+00  9.702250e-05
  39  53     1  0.000000e+00  9.850000e-06
  47  42     1  0.000000e+00  5.084570e-05
  47  41     1  0.000000e+00  9.702250e-05
  47  57     1  0.000000e+00  1.208595e-05
  61  71     1  0.000000e+00  2.188670e-05
   3  19     1  0.000000e+00  5.828000e-06
  69  75     1  0.000000e+00  1.294982e-05
  69  76     1  0.000000e+00  7.150956e-06
  69  66     1  0.000000e+00  5.828000e-06
  81  78     1  0.000000e+00  5.828000e-06
  15   1     1  0.000000e+00  1.500155e-05
  15  12     1  0.000000e+00  9.850000e-06
  22  19     1  0.000000e+00  9.850000e-06
  22  32     1  0.000000e+00  9.850000e-06
  30  27     1  0.000000e+00  5.162000e-06
  35  40     1  0.000000e+00  3.008414e-05
  35  42     1  0.000000e+00  2.664624e-05
  35  43     1  0.000000e+00  2.664624e-05
  35  41     1  0.000000e+00  5.084570e-05
  35  32     1  0.000000e+00  5.162000e-06
  40  50     1  0.000000e+00  3.008414e-05
  40  51     1  0.000000e+00  3.008414e-05
  40  49     1  0.000000e+00  5.740580e-05
  40  37     1  0.000000e+00  5.828000e-06
  48  45     1  0.000000e+00  5.828000e-06
  56  53     1  0.000000e+00  5.828000e-06
  62  59     1  0.000000e+00  5.297000e-06
   5  11     1  0.000000e+00  4.937284e-06
   5   1     1  0.000000e+00  3.384106e-06
   5  12     1  0.000000e+00  2.222000e-06
  71  77     1  0.000000e+00  4.937284e-06
  71  65     1  0.000000e+00  4.937284e-06
  71  67     1  0.000000e+00  3.384106e-06
  71  78     1  0.000000e+00  2.222000e-06
  71  66     1  0.000000e+00  2.222000e-06
  42  51     1  0.000000e+00  2.664624e-05
  42  44     1  0.000000e+00  1.146996e-05
  42  52     1  0.000000e+00  1.146996e-05
  42  46     1  0.000000e+00  7.861726e-06
  42  45     1  0.000000e+00  5.162000e-06
  42  53     1  0.000000e+00  5.162000e-06
  50  43     1  0.000000e+00  2.664624e-05
  50  41     1  0.000000e+00  5.084570e-05
  50  44     1  0.000000e+00  1.146996e-05
  50  52     1  0.000000e+00  1.146996e-05
  50  38     1  0.000000e+00  7.861726e-06
  50  46     1  0.000000e+00  7.861726e-06
  50  45     1  0.000000e+00  5.162000e-06
   6   1     1  0.000000e+00  3.384106e-06
  43  51     1  0.000000e+00  2.664624e-05
  43  49     1  0.000000e+00  5.084570e-05
  43  36     1  0.000000e+00  1.146996e-05
  43  44     1  0.000000e+00  1.146996e-05
  43  33     1  0.000000e+00  7.861726e-06
  43  38     1  0.000000e+00  7.861726e-06
  43  46     1  0.000000e+00  7.861726e-06
  43  37     1  0.000000e+00  5.162000e-06
  43  45     1  0.000000e+00  5.162000e-06
  51  41     1  0.000000e+00  5.084570e-05
  51  44     1  0.000000e+00  1.146996e-05
  51  38     1  0.000000e+00  7.861726e-06
  51  46     1  0.000000e+00  7.861726e-06
  51  45     1  0.000000e+00  5.162000e-06
  51  53     1  0.000000e+00  5.162000e-06
  25  19     1  0.000000e+00  5.162000e-06
  64  67     1  0.000000e+00  8.067331e-06
  64  54     1  0.000000e+00  8.067331e-06
  64  66     1  0.000000e+00  5.297000e-06
   7   1     1  0.000000e+00  3.384106e-06
  73  65     1  0.000000e+00  4.937284e-06
  73  67     1  0.000000e+00  3.384106e-06
   8   1     1  0.000000e+00  3.384106e-06
  23  19     1  0.000000e+00  5.828000e-06
  23  27     1  0.000000e+00  5.828000e-06
  17  12     1  0.000000e+00  5.162000e-06
  17  19     1  0.000000e+00  5.162000e-06
  24  31     1  0.000000e+00  1.146996e-05
  24  28     1  0.000000e+00  7.861726e-06
  24  19     1  0.000000e+00  5.162000e-06
  24  27     1  0.000000e+00  5.162000e-06
  24  32     1  0.000000e+00  5.162000e-06
   4  12     1  0.000000e+00  2.222000e-06
  70  76     1  0.000000e+00  2.726394e-06
  70  78     1  0.000000e+00  2.222000e-06
  70  66     1  0.000000e+00  2.222000e-06
  41  49     1  0.000000e+00  9.702250e-05
  41  36     1  0.000000e+00  2.188670e-05
  41  52     1  0.000000e+00  2.188670e-05
  41  46     1  0.000000e+00  1.500155e-05
  41  37     1  0.000000e+00  9.850000e-06
  41  45     1  0.000000e+00  9.850000e-06
  41  53     1  0.000000e+00  9.850000e-06
  49  44     1  0.000000e+00  2.188670e-05
  49  38     1  0.000000e+00  1.500155e-05
  49  45     1  0.000000e+00  9.850000e-06
  49  53     1  0.000000e+00  9.850000e-06
  63  67     1  0.000000e+00  8.067331e-06
  63  54     1  0.000000e+00  8.067331e-06
  63  59     1  0.000000e+00  5.297000e-06
  63  66     1  0.000000e+00  5.297000e-06
   9   1     1  0.000000e+00  3.384106e-06
   9  16     1  0.000000e+00  2.726394e-06
  75  67     1  0.000000e+00  3.384106e-06
  11  16     1  0.000000e+00  2.726394e-06
  11  10     1  0.000000e+00  2.726394e-06
  11  19     1  0.000000e+00  2.222000e-06
  77  84     1  0.000000e+00  1.913364e-06
  77  82     1  0.000000e+00  2.726394e-06
  77  66     1  0.000000e+00  2.222000e-06
  83  78     1  0.000000e+00  2.222000e-06
  18  12     1  0.000000e+00  2.222000e-06
  18  27     1  0.000000e+00  2.222000e-06
  26  19     1  0.000000e+00  2.222000e-06
  26  32     1  0.000000e+00  2.222000e-06
  31  27     1  0.000000e+00  2.222000e-06
  31  37     1  0.000000e+00  2.222000e-06
  36  32     1  0.000000e+00  2.222000e-06
  36  45     1  0.000000e+00  2.222000e-06
  44  37     1  0.000000e+00  2.222000e-06
  44  53     1  0.000000e+00  2.222000e-06
  52  57     1  0.000000e+00  2.726394e-06
  52  45     1  0.000000e+00  2.222000e-06
  52  59     1  0.000000e+00  2.222000e-06
  58  53     1  0.000000e+00  2.222000e-06
  58  66     1  0.000000e+00  2.222000e-06
  65  78     1  0.000000e+00  2.222000e-06
  65  59     1  0.000000e+00  2.222000e-06
   1  16     1  0.000000e+00  1.868721e-06
   1  10     1  0.000000e+00  1.868721e-06
  13  10     1  0.000000e+00  1.868721e-06
  84  82     1  0.000000e+00  1.056570e-06
  84  78     1  0.000000e+00  8.611000e-07
  16  10     1  0.000000e+00  1.505529e-06
  16  12     1  0.000000e+00  1.227000e-06
  16  19     1  0.000000e+00  1.227000e-06
  82  78     1  0.000000e+00  1.227000e-06
  57  53     1  0.000000e+00  1.227000e-06
  57  59     1  0.000000e+00  1.227000e-06
  10  12     1  0.000000e+00  1.227000e-06
  12  19     1  0.000000e+00  1.000000e-06
  78  66     1  0.000000e+00  1.000000e-06
  19  27     1  0.000000e+00  1.000000e-06
  27  32     1  0.000000e+00  1.000000e-06
  32  37     1  0.000000e+00  1.000000e-06
  37  45     1  0.000000e+00  1.000000e-06
  45  53     1  0.000000e+00  1.000000e-06
  53  59     1  0.000000e+00  1.000000e-06
  59  66     1  0.000000e+00  1.000000e-06
   1   4     1  0.000000e+00  3.384106e-07
   4   1     1  0.000000e+00  3.384106e-07
   1  12     1  0.000000e+00  1.523000e-07
  12   1     1  0.000000e+00  1.523000e-07
   1  13     1  0.000000e+00  2.319529e-07
  13   1     1  0.000000e+00  2.319529e-07
   2   5     1  0.000000e+00  2.188670e-06
   5   2     1  0.000000e+00  2.188670e-06
   2   6     1  0.000000e+00  2.188670e-06
   6   2     1  0.000000e+00  2.188670e-06
   2  14     1  0.000000e+00  9.702250e-06
  14   2     1  0.000000e+00  9.702250e-06
   3  12     1  0.000000e+00  5.828000e-07
  12   3     1  0.000000e+00  5.828000e-07
   3  13     1  0.000000e+00  8.876044e-07
  13   3     1  0.000000e+00  8.876044e-07
   3   7     1  0.000000e+00  1.294982e-06
   7   3     1  0.000000e+00  1.294982e-06
   3   8     1  0.000000e+00  1.294982e-06
   8   3     1  0.000000e+00  1.294982e-06
   4   1     1  0.000000e+00  3.384106e-07
   1   4     1  0.000000e+00  3.384106e-07
   4  11     1  0.000000e+00  4.937284e-07
  11   4     1  0.000000e+00  4.937284e-07
   4   9     1  0.000000e+00  4.937284e-07
   9   4     1  0.000000e+00  4.937284e-07
   4   9     1  0.000000e+00  4.937284e-07
   9   4     1  0.000000e+00  4.937284e-07
   5   2     1  0.000000e+00  2.188670e-06
   2   5     1  0.000000e+00  2.188670e-06
   5   8     1  0.000000e+00  4.937284e-07
   8   5     1  0.000000e+00  4.937284e-07
   5   8     1  0.000000e+00  4.937284e-07
   8   5     1  0.000000e+00  4.937284e-07
   5  10     1  0.000000e+00  2.726394e-07
  10   5     1  0.000000e+00  2.726394e-07
   6   2     1  0.000000e+00  2.188670e-06
   2   6     1  0.000000e+00  2.188670e-06
   6   7     1  0.000000e+00  4.937284e-07
   7   6     1  0.000000e+00  4.937284e-07
   6   7     1  0.000000e+00  4.937284e-07
   7   6     1  0.000000e+00  4.937284e-07
   6  10     1  0.000000e+00  2.726394e-07
  10   6     1  0.000000e+00  2.726394e-07
   7   3     1  0.000000e+00  1.294982e-06
   3   7     1  0.000000e+00  1.294982e-06
   7   6     1  0.000000e+00  4.937284e-07
   6   7     1  0.000000e+00  4.937284e-07
   7   6     1  0.000000e+00  4.937284e-07
   6   7     1  0.000000e+00  4.937284e-07
   8   3     1  0.000000e+00  1.294982e-06
   3   8     1  0.000000e+00  1.294982e-06
   8   5     1  0.000000e+00  4.937284e-07
   5   8     1  0.000000e+00  4.937284e-07
   8   5     1  0.000000e+00  4.937284e-07
   5   8     1  0.000000e+00  4.937284e-07
   9   4     1  0.000000e+00  4.937284e-07
   4   9     1  0.000000e+00  4.937284e-07
   9   4     1  0.000000e+00  4.937284e-07
   4   9     1  0.000000e+00  4.937284e-07
  10   5     1  0.000000e+00  2.726394e-07
   5  10     1  0.000000e+00  2.726394e-07
  10   6     1  0.000000e+00  2.726394e-07
   6  10     1  0.000000e+00  2.726394e-07
  11   4     1  0.000000e+00  4.937284e-07
   4  11     1  0.000000e+00  4.937284e-07
  11  15     1  0.000000e+00  2.188670e-06
  15  11     1  0.000000e+00  2.188670e-06
  11  18     1  0.000000e+00  4.937284e-07
  18  11     1  0.000000e+00  4.937284e-07
  12   1     1  0.000000e+00  1.523000e-07
   1  12     1  0.000000e+00  1.523000e-07
  12   3     1  0.000000e+00  5.828000e-07
   3  12     1  0.000000e+00  5.828000e-07
  12  14     1  0.000000e+00  9.850000e-07
  14  12     1  0.000000e+00  9.850000e-07
  13   1     1  0.000000e+00  2.319529e-07
   1  13     1  0.000000e+00  2.319529e-07
  13   3     1  0.000000e+00  8.876044e-07
   3  13     1  0.000000e+00  8.876044e-07
  13  16     1  0.000000e+00  1.868721e-07
  16  13     1  0.000000e+00  1.868721e-07
  13  17     1  0.000000e+00  7.861726e-07
  17  13     1  0.000000e+00  7.861726e-07
  13  19     1  0.000000e+00  1.523000e-07
  19  13     1  0.000000e+00  1.523000e-07
  13  20     1  0.000000e+00  2.319529e-07
  20  13     1  0.000000e+00  2.319529e-07
  14   2     1  0.000000e+00  9.702250e-06
   2  14     1  0.000000e+00  9.702250e-06
  14  12     1  0.000000e+00  9.850000e-07
  12  14     1  0.000000e+00  9.850000e-07
  14  21     1  0.000000e+00  9.702250e-06
  21  14     1  0.000000e+00  9.702250e-06
  15  11     1  0.000000e+00  2.188670e-06
  11  15     1  0.000000e+00  2.188670e-06
  15  19     1  0.000000e+00  9.850000e-07
  19  15     1  0.000000e+00  9.850000e-07
  15  20     1  0.000000e+00  1.500155e-06
  20  15     1  0.000000e+00  1.500155e-06
  16  13     1  0.000000e+00  1.868721e-07
  13  16     1  0.000000e+00  1.868721e-07
  16  18     1  0.000000e+00  2.726394e-07
  18  16     1  0.000000e+00  2.726394e-07
  17  13     1  0.000000e+00  7.861726e-07
  13  17     1  0.000000e+00  7.861726e-07
  17  18     1  0.000000e+00  1.146996e-06
  18  17     1  0.000000e+00  1.146996e-06
  18  11     1  0.000000e+00  4.937284e-07
  11  18     1  0.000000e+00  4.937284e-07
  18  16     1  0.000000e+00  2.726394e-07
  16  18     1  0.000000e+00  2.726394e-07
  18  17     1  0.000000e+00  1.146996e-06
  17  18     1  0.000000e+00  1.146996e-06
  18  22     1  0.000000e+00  2.188670e-06
  22  18     1  0.000000e+00  2.188670e-06
  18  26     1  0.000000e+00  4.937284e-07
  26  18     1  0.000000e+00  4.937284e-07
  19  13     1  0.000000e+00  1.523000e-07
  13  19     1  0.000000e+00  1.523000e-07
  19  15     1  0.000000e+00  9.850000e-07
  15  19     1  0.000000e+00  9.850000e-07
  19  21     1  0.000000e+00  9.850000e-07
  21  19     1  0.000000e+00  9.850000e-07
  20  13     1  0.000000e+00  2.319529e-07
  13  20     1  0.000000e+00  2.319529e-07
  20  15     1  0.000000e+00  1.500155e-06
  15  20     1  0.000000e+00  1.500155e-06
  20  23     1  0.000000e+00  8.876044e-07
  23  20     1  0.000000e+00  8.876044e-07
  20  24     1  0.000000e+00  7.861726e-07
  24  20     1  0.000000e+00  7.861726e-07
  20  27     1  0.000000e+00  1.523000e-07
  27  20     1  0.000000e+00  1.523000e-07
  20  28     1  0.000000e+00  2.319529e-07
  28  20     1  0.000000e+00  2.319529e-07
  21  14     1  0.000000e+00  9.702250e-06
  14  21     1  0.000000e+00  9.702250e-06
  21  19     1  0.000000e+00  9.850000e-07
  19  21     1  0.000000e+00  9.850000e-07
  21  25     1  0.000000e+00  5.084570e-06
  25  21     1  0.000000e+00  5.084570e-06
  21  29     1  0.000000e+00  9.702250e-06
  29  21     1  0.000000e+00  9.702250e-06
  22  18     1  0.000000e+00  2.188670e-06
  18  22     1  0.000000e+00  2.188670e-06
  22  27     1  0.000000e+00  9.850000e-07
  27  22     1  0.000000e+00  9.850000e-07
  22  28     1  0.000000e+00  1.500155e-06
  28  22     1  0.000000e+00  1.500155e-06
  23  20     1  0.000000e+00  8.876044e-07
  20  23     1  0.000000e+00  8.876044e-07
  23  26     1  0.000000e+00  1.294982e-06
  26  23     1  0.000000e+00  1.294982e-06
  24  20     1  0.000000e+00  7.861726e-07
  20  24     1  0.000000e+00  7.861726e-07
  24  26     1  0.000000e+00  1.146996e-06
  26  24     1  0.000000e+00  1.146996e-06
  24  25     1  0.000000e+00  2.664624e-06
  25  24     1  0.000000e+00  2.664624e-06
  25  21     1  0.000000e+00  5.084570e-06
  21  25     1  0.000000e+00  5.084570e-06
  25  24     1  0.000000e+00  2.664624e-06
  24  25     1  0.000000e+00  2.664624e-06
  26  18     1  0.000000e+00  4.937284e-07
  18  26     1  0.000000e+00  4.937284e-07
  26  23     1  0.000000e+00  1.294982e-06
  23  26     1  0.000000e+00  1.294982e-06
  26  24     1  0.000000e+00  1.146996e-06
  24  26     1  0.000000e+00  1.146996e-06
  26  30     1  0.000000e+00  1.146996e-06
  30  26     1  0.000000e+00  1.146996e-06
  26  31     1  0.000000e+00  4.937284e-07
  31  26     1  0.000000e+00  4.937284e-07
  27  20     1  0.000000e+00  1.523000e-07
  20  27     1  0.000000e+00  1.523000e-07
  27  22     1  0.000000e+00  9.850000e-07
  22  27     1  0.000000e+00  9.850000e-07
  27  29     1  0.000000e+00  9.850000e-07
  29  27     1  0.000000e+00  9.850000e-07
  28  20     1  0.000000e+00  2.319529e-07
  20  28     1  0.000000e+00  2.319529e-07
  28  22     1  0.000000e+00  1.500155e-06
  22  28     1  0.000000e+00  1.500155e-06
  28  32     1  0.000000e+00  1.523000e-07
  32  28     1  0.000000e+00  1.523000e-07
  28  33     1  0.000000e+00  2.319529e-07
  33  28     1  0.000000e+00  2.319529e-07
  29  21     1  0.000000e+00  9.702250e-06
  21  29     1  0.000000e+00  9.702250e-06
  29  27     1  0.000000e+00  9.850000e-07
  27  29     1  0.000000e+00  9.850000e-07
  29  34     1  0.000000e+00  9.702250e-06
  34  29     1  0.000000e+00  9.702250e-06
  30  26     1  0.000000e+00  1.146996e-06
  26  30     1  0.000000e+00  1.146996e-06
  30  32     1  0.000000e+00  5.162000e-07
  32  30     1  0.000000e+00  5.162000e-07
  30  33     1  0.000000e+00  7.861726e-07
  33  30     1  0.000000e+00  7.861726e-07
  31  26     1  0.000000e+00  4.937284e-07
  26  31     1  0.000000e+00  4.937284e-07
  31  35     1  0.000000e+00  1.146996e-06
  35  31     1  0.000000e+00  1.146996e-06
  31  36     1  0.000000e+00  4.937284e-07
  36  31     1  0.000000e+00  4.937284e-07
  32  28     1  0.000000e+00  1.523000e-07
  28  32     1  0.000000e+00  1.523000e-07
  32  30     1  0.000000e+00  5.162000e-07
  30  32     1  0.000000e+00  5.162000e-07
  32  34     1  0.000000e+00  9.850000e-07
  34  32     1  0.000000e+00  9.850000e-07
  33  28     1  0.000000e+00  2.319529e-07
  28  33     1  0.000000e+00  2.319529e-07
  33  30     1  0.000000e+00  7.861726e-07
  30  33     1  0.000000e+00  7.861726e-07
  33  37     1  0.000000e+00  1.523000e-07
  37  33     1  0.000000e+00  1.523000e-07
  33  38     1  0.000000e+00  2.319529e-07
  38  33     1  0.000000e+00  2.319529e-07
  34  29     1  0.000000e+00  9.702250e-06
  29  34     1  0.000000e+00  9.702250e-06
  34  32     1  0.000000e+00  9.850000e-07
  32  34     1  0.000000e+00  9.850000e-07
  34  39     1  0.000000e+00  9.702250e-06
  39  34     1  0.000000e+00  9.702250e-06
  35  31     1  0.000000e+00  1.146996e-06
  31  35     1  0.000000e+00  1.146996e-06
  35  37     1  0.000000e+00  5.162000e-07
  37  35     1  0.000000e+00  5.162000e-07
  35  38     1  0.000000e+00  7.861726e-07
  38  35     1  0.000000e+00  7.861726e-07
  36  31     1  0.000000e+00  4.937284e-07
  31  36     1  0.000000e+00  4.937284e-07
  36  40     1  0.000000e+00  1.294982e-06
  40  36     1  0.000000e+00  1.294982e-06
  36  44     1  0.000000e+00  4.937284e-07
  44  36     1  0.000000e+00  4.937284e-07
  37  33     1  0.000000e+00  1.523000e-07
  33  37     1  0.000000e+00  1.523000e-07
  37  35     1  0.000000e+00  5.162000e-07
  35  37     1  0.000000e+00  5.162000e-07
  37  39     1  0.000000e+00  9.850000e-07
  39  37     1  0.000000e+00  9.850000e-07
  38  33     1  0.000000e+00  2.319529e-07
  33  38     1  0.000000e+00  2.319529e-07
  38  35     1  0.000000e+00  7.861726e-07
  35  38     1  0.000000e+00  7.861726e-07
  38  41     1  0.000000e+00  1.500155e-06
  41  38     1  0.000000e+00  1.500155e-06
  38  45     1  0.000000e+00  1.523000e-07
  45  38     1  0.000000e+00  1.523000e-07
  38  46     1  0.000000e+00  2.319529e-07
  46  38     1  0.000000e+00  2.319529e-07
  39  34     1  0.000000e+00  9.702250e-06
  34  39     1  0.000000e+00  9.702250e-06
  39  37     1  0.000000e+00  9.850000e-07
  37  39     1  0.000000e+00  9.850000e-07
  39  42     1  0.000000e+00  5.084570e-06
  42  39     1  0.000000e+00  5.084570e-06
  39  43     1  0.000000e+00  5.084570e-06
  43  39     1  0.000000e+00  5.084570e-06
  39  47     1  0.000000e+00  9.702250e-06
  47  39     1  0.000000e+00  9.702250e-06
  40  36     1  0.000000e+00  1.294982e-06
  36  40     1  0.000000e+00  1.294982e-06
  40  45     1  0.000000e+00  5.828000e-07
  45  40     1  0.000000e+00  5.828000e-07
  40  46     1  0.000000e+00  8.876044e-07
  46  40     1  0.000000e+00  8.876044e-07
  41  38     1  0.000000e+00  1.500155e-06
  38  41     1  0.000000e+00  1.500155e-06
  41  44     1  0.000000e+00  2.188670e-06
  44  41     1  0.000000e+00  2.188670e-06
  42  39     1  0.000000e+00  5.084570e-06
  39  42     1  0.000000e+00  5.084570e-06
  43  39     1  0.000000e+00  5.084570e-06
  39  43     1  0.000000e+00  5.084570e-06
  44  36     1  0.000000e+00  4.937284e-07
  36  44     1  0.000000e+00  4.937284e-07
  44  41     1  0.000000e+00  2.188670e-06
  41  44     1  0.000000e+00  2.188670e-06
  44  48     1  0.000000e+00  1.294982e-06
  48  44     1  0.000000e+00  1.294982e-06
  44  52     1  0.000000e+00  4.937284e-07
  52  44     1  0.000000e+00  4.937284e-07
  45  38     1  0.000000e+00  1.523000e-07
  38  45     1  0.000000e+00  1.523000e-07
  45  40     1  0.000000e+00  5.828000e-07
  40  45     1  0.000000e+00  5.828000e-07
  45  47     1  0.000000e+00  9.850000e-07
  47  45     1  0.000000e+00  9.850000e-07
  46  38     1  0.000000e+00  2.319529e-07
  38  46     1  0.000000e+00  2.319529e-07
  46  40     1  0.000000e+00  8.876044e-07
  40  46     1  0.000000e+00  8.876044e-07
  46  49     1  0.000000e+00  1.500155e-06
  49  46     1  0.000000e+00  1.500155e-06
  46  53     1  0.000000e+00  1.523000e-07
  53  46     1  0.000000e+00  1.523000e-07
  46  54     1  0.000000e+00  2.319529e-07
  54  46     1  0.000000e+00  2.319529e-07
  47  39     1  0.000000e+00  9.702250e-06
  39  47     1  0.000000e+00  9.702250e-06
  47  45     1  0.000000e+00  9.850000e-07
  45  47     1  0.000000e+00  9.850000e-07
  47  50     1  0.000000e+00  5.084570e-06
  50  47     1  0.000000e+00  5.084570e-06
  47  51     1  0.000000e+00  5.084570e-06
  51  47     1  0.000000e+00  5.084570e-06
  47  55     1  0.000000e+00  9.702250e-06
  55  47     1  0.000000e+00  9.702250e-06
  48  44     1  0.000000e+00  1.294982e-06
  44  48     1  0.000000e+00  1.294982e-06
  48  53     1  0.000000e+00  5.828000e-07
  53  48     1  0.000000e+00  5.828000e-07
  48  54     1  0.000000e+00  8.876044e-07
  54  48     1  0.000000e+00  8.876044e-07
  49  46     1  0.000000e+00  1.500155e-06
  46  49     1  0.000000e+00  1.500155e-06
  49  52     1  0.000000e+00  2.188670e-06
  52  49     1  0.000000e+00  2.188670e-06
  50  47     1  0.000000e+00  5.084570e-06
  47  50     1  0.000000e+00  5.084570e-06
  51  47     1  0.000000e+00  5.084570e-06
  47  51     1  0.000000e+00  5.084570e-06
  52  44     1  0.000000e+00  4.937284e-07
  44  52     1  0.000000e+00  4.937284e-07
  52  49     1  0.000000e+00  2.188670e-06
  49  52     1  0.000000e+00  2.188670e-06
  52  56     1  0.000000e+00  1.294982e-06
  56  52     1  0.000000e+00  1.294982e-06
  52  58     1  0.000000e+00  4.937284e-07
  58  52     1  0.000000e+00  4.937284e-07
  53  46     1  0.000000e+00  1.523000e-07
  46  53     1  0.000000e+00  1.523000e-07
  53  48     1  0.000000e+00  5.828000e-07
  48  53     1  0.000000e+00  5.828000e-07
  53  55     1  0.000000e+00  9.850000e-07
  55  53     1  0.000000e+00  9.850000e-07
  54  46     1  0.000000e+00  2.319529e-07
  46  54     1  0.000000e+00  2.319529e-07
  54  48     1  0.000000e+00  8.876044e-07
  48  54     1  0.000000e+00  8.876044e-07
  54  57     1  0.000000e+00  1.868721e-07
  57  54     1  0.000000e+00  1.868721e-07
  54  59     1  0.000000e+00  1.523000e-07
  59  54     1  0.000000e+00  1.523000e-07
  54  60     1  0.000000e+00  2.319529e-07
  60  54     1  0.000000e+00  2.319529e-07
  55  47     1  0.000000e+00  9.702250e-06
  47  55     1  0.000000e+00  9.702250e-06
  55  53     1  0.000000e+00  9.850000e-07
  53  55     1  0.000000e+00  9.850000e-07
  55  61     1  0.000000e+00  9.702250e-06
  61  55     1  0.000000e+00  9.702250e-06
  55  64     1  0.000000e+00  5.217545e-06
  64  55     1  0.000000e+00  5.217545e-06
  56  52     1  0.000000e+00  1.294982e-06
  52  56     1  0.000000e+00  1.294982e-06
  56  59     1  0.000000e+00  5.828000e-07
  59  56     1  0.000000e+00  5.828000e-07
  56  60     1  0.000000e+00  8.876044e-07
  60  56     1  0.000000e+00  8.876044e-07
  57  54     1  0.000000e+00  1.868721e-07
  54  57     1  0.000000e+00  1.868721e-07
  57  58     1  0.000000e+00  2.726394e-07
  58  57     1  0.000000e+00  2.726394e-07
  58  52     1  0.000000e+00  4.937284e-07
  52  58     1  0.000000e+00  4.937284e-07
  58  57     1  0.000000e+00  2.726394e-07
  57  58     1  0.000000e+00  2.726394e-07
  58  62     1  0.000000e+00  1.176993e-06
  62  58     1  0.000000e+00  1.176993e-06
  58  65     1  0.000000e+00  4.937284e-07
  65  58     1  0.000000e+00  4.937284e-07
  58  63     1  0.000000e+00  1.176993e-06
  63  58     1  0.000000e+00  1.176993e-06
  59  54     1  0.000000e+00  1.523000e-07
  54  59     1  0.000000e+00  1.523000e-07
  59  56     1  0.000000e+00  5.828000e-07
  56  59     1  0.000000e+00  5.828000e-07
  59  61     1  0.000000e+00  9.850000e-07
  61  59     1  0.000000e+00  9.850000e-07
  59  64     1  0.000000e+00  5.297000e-07
  64  59     1  0.000000e+00  5.297000e-07
  60  54     1  0.000000e+00  2.319529e-07
  54  60     1  0.000000e+00  2.319529e-07
  60  56     1  0.000000e+00  8.876044e-07
  56  60     1  0.000000e+00  8.876044e-07
  60  63     1  0.000000e+00  8.067331e-07
  63  60     1  0.000000e+00  8.067331e-07
  60  66     1  0.000000e+00  1.523000e-07
  66  60     1  0.000000e+00  1.523000e-07
  60  67     1  0.000000e+00  2.319529e-07
  67  60     1  0.000000e+00  2.319529e-07
  60  62     1  0.000000e+00  8.067331e-07
  62  60     1  0.000000e+00  8.067331e-07
  61  55     1  0.000000e+00  9.702250e-06
  55  61     1  0.000000e+00  9.702250e-06
  61  59     1  0.000000e+00  9.850000e-07
  59  61     1  0.000000e+00  9.850000e-07
  61  63     1  0.000000e+00  5.217545e-06
  63  61     1  0.000000e+00  5.217545e-06
  61  64     1  0.000000e+00  5.217545e-06
  64  61     1  0.000000e+00  5.217545e-06
  61  68     1  0.000000e+00  9.702250e-06
  68  61     1  0.000000e+00  9.702250e-06
  62  58     1  0.000000e+00  1.176993e-06
  58  62     1  0.000000e+00  1.176993e-06
  62  64     1  0.000000e+00  2.805821e-06
  64  62     1  0.000000e+00  2.805821e-06
  62  66     1  0.000000e+00  5.297000e-07
  66  62     1  0.000000e+00  5.297000e-07
  62  67     1  0.000000e+00  8.067331e-07
  67  62     1  0.000000e+00  8.067331e-07
  62  60     1  0.000000e+00  8.067331e-07
  60  62     1  0.000000e+00  8.067331e-07
  63  60     1  0.000000e+00  8.067331e-07
  60  63     1  0.000000e+00  8.067331e-07
  63  65     1  0.000000e+00  1.176993e-06
  65  63     1  0.000000e+00  1.176993e-06
  63  58     1  0.000000e+00  1.176993e-06
  58  63     1  0.000000e+00  1.176993e-06
  63  61     1  0.000000e+00  5.217545e-06
  61  63     1  0.000000e+00  5.217545e-06
  64  55     1  0.000000e+00  5.217545e-06
  55  64     1  0.000000e+00  5.217545e-06
  64  59     1  0.000000e+00  5.297000e-07
  59  64     1  0.000000e+00  5.297000e-07
  64  62     1  0.000000e+00  2.805821e-06
  62  64     1  0.000000e+00  2.805821e-06
  64  65     1  0.000000e+00  1.176993e-06
  65  64     1  0.000000e+00  1.176993e-06
  64  61     1  0.000000e+00  5.217545e-06
  61  64     1  0.000000e+00  5.217545e-06
  65  58     1  0.000000e+00  4.937284e-07
  58  65     1  0.000000e+00  4.937284e-07
  65  64     1  0.000000e+00  1.176993e-06
  64  65     1  0.000000e+00  1.176993e-06
  65  63     1  0.000000e+00  1.176993e-06
  63  65     1  0.000000e+00  1.176993e-06
  65  69     1  0.000000e+00  1.294982e-06
  69  65     1  0.000000e+00  1.294982e-06
  65  77     1  0.000000e+00  4.937284e-07
  77  65     1  0.000000e+00  4.937284e-07
  66  60     1  0.000000e+00  1.523000e-07
  60  66     1  0.000000e+00  1.523000e-07
  66  62     1  0.000000e+00  5.297000e-07
  62  66     1  0.000000e+00  5.297000e-07
  66  68     1  0.000000e+00  9.850000e-07
  68  66     1  0.000000e+00  9.850000e-07
  67  60     1  0.000000e+00  2.319529e-07
  60  67     1  0.000000e+00  2.319529e-07
  67  62     1  0.000000e+00  8.067331e-07
  62  67     1  0.000000e+00  8.067331e-07
  67  70     1  0.000000e+00  3.384106e-07
  70  67     1  0.000000e+00  3.384106e-07
  67  78     1  0.000000e+00  1.523000e-07
  78  67     1  0.000000e+00  1.523000e-07
  67  79     1  0.000000e+00  2.319529e-07
  79  67     1  0.000000e+00  2.319529e-07
  68  61     1  0.000000e+00  9.702250e-06
  61  68     1  0.000000e+00  9.702250e-06
  68  66     1  0.000000e+00  9.850000e-07
  66  68     1  0.000000e+00  9.850000e-07
  68  71     1  0.000000e+00  2.188670e-06
  71  68     1  0.000000e+00  2.188670e-06
  68  72     1  0.000000e+00  2.188670e-06
  72  68     1  0.000000e+00  2.188670e-06
  68  80     1  0.000000e+00  9.702250e-06
  80  68     1  0.000000e+00  9.702250e-06
  69  65     1  0.000000e+00  1.294982e-06
  65  69     1  0.000000e+00  1.294982e-06
  69  78     1  0.000000e+00  5.828000e-07
  78  69     1  0.000000e+00  5.828000e-07
  69  79     1  0.000000e+00  8.876044e-07
  79  69     1  0.000000e+00  8.876044e-07
  69  73     1  0.000000e+00  1.294982e-06
  73  69     1  0.000000e+00  1.294982e-06
  69  74     1  0.000000e+00  1.294982e-06
  74  69     1  0.000000e+00  1.294982e-06
  70  67     1  0.000000e+00  3.384106e-07
  67  70     1  0.000000e+00  3.384106e-07
  70  77     1  0.000000e+00  4.937284e-07
  77  70     1  0.000000e+00  4.937284e-07
  70  75     1  0.000000e+00  4.937284e-07
  75  70     1  0.000000e+00  4.937284e-07
  70  75     1  0.000000e+00  4.937284e-07
  75  70     1  0.000000e+00  4.937284e-07
  71  68     1  0.000000e+00  2.188670e-06
  68  71     1  0.000000e+00  2.188670e-06
  71  74     1  0.000000e+00  4.937284e-07
  74  71     1  0.000000e+00  4.937284e-07
  71  74     1  0.000000e+00  4.937284e-07
  74  71     1  0.000000e+00  4.937284e-07
  71  76     1  0.000000e+00  2.726394e-07
  76  71     1  0.000000e+00  2.726394e-07
  72  68     1  0.000000e+00  2.188670e-06
  68  72     1  0.000000e+00  2.188670e-06
  72  73     1  0.000000e+00  4.937284e-07
  73  72     1  0.000000e+00  4.937284e-07
  72  73     1  0.000000e+00  4.937284e-07
  73  72     1  0.000000e+00  4.937284e-07
  72  76     1  0.000000e+00  2.726394e-07
  76  72     1  0.000000e+00  2.726394e-07
  73  69     1  0.000000e+00  1.294982e-06
  69  73     1  0.000000e+00  1.294982e-06
  73  72     1  0.000000e+00  4.937284e-07
  72  73     1  0.000000e+00  4.937284e-07
  73  72     1  0.000000e+00  4.937284e-07
  72  73     1  0.000000e+00  4.937284e-07
  74  69     1  0.000000e+00  1.294982e-06
  69  74     1  0.000000e+00  1.294982e-06
  74  71     1  0.000000e+00  4.937284e-07
  71  74     1  0.000000e+00  4.937284e-07
  74  71     1  0.000000e+00  4.937284e-07
  71  74     1  0.000000e+00  4.937284e-07
  75  70     1  0.000000e+00  4.937284e-07
  70  75     1  0.000000e+00  4.937284e-07
  75  70     1  0.000000e+00  4.937284e-07
  70  75     1  0.000000e+00  4.937284e-07
  76  71     1  0.000000e+00  2.726394e-07
  71  76     1  0.000000e+00  2.726394e-07
  76  72     1  0.000000e+00  2.726394e-07
  72  76     1  0.000000e+00  2.726394e-07
  77  65     1  0.000000e+00  4.937284e-07
  65  77     1  0.000000e+00  4.937284e-07
  77  70     1  0.000000e+00  4.937284e-07
  70  77     1  0.000000e+00  4.937284e-07
  77  81     1  0.000000e+00  1.294982e-06
  81  77     1  0.000000e+00  1.294982e-06
  77  83     1  0.000000e+00  4.937284e-07
  83  77     1  0.000000e+00  4.937284e-07
  78  67     1  0.000000e+00  1.523000e-07
  67  78     1  0.000000e+00  1.523000e-07
  78  69     1  0.000000e+00  5.828000e-07
  69  78     1  0.000000e+00  5.828000e-07
  78  80     1  0.000000e+00  9.850000e-07
  80  78     1  0.000000e+00  9.850000e-07
  79  67     1  0.000000e+00  2.319529e-07
  67  79     1  0.000000e+00  2.319529e-07
  79  69     1  0.000000e+00  8.876044e-07
  69  79     1  0.000000e+00  8.876044e-07
  79  82     1  0.000000e+00  1.868721e-07
  82  79     1  0.000000e+00  1.868721e-07
  79  84     1  0.000000e+00  1.311455e-07
  84  79     1  0.000000e+00  1.311455e-07
  79  85     1  0.000000e+00  1.311455e-07
  85  79     1  0.000000e+00  1.311455e-07
  80  68     1  0.000000e+00  9.702250e-06
  68  80     1  0.000000e+00  9.702250e-06
  80  78     1  0.000000e+00  9.850000e-07
  78  80     1  0.000000e+00  9.850000e-07
  81  77     1  0.000000e+00  1.294982e-06
  77  81     1  0.000000e+00  1.294982e-06
  81  84     1  0.000000e+00  5.018491e-07
  84  81     1  0.000000e+00  5.018491e-07
  81  85     1  0.000000e+00  5.018491e-07
  85  81     1  0.000000e+00  5.018491e-07
  82  79     1  0.000000e+00  1.868721e-07
  79  82     1  0.000000e+00  1.868721e-07
  82  83     1  0.000000e+00  2.726394e-07
  83  82     1  0.000000e+00  2.726394e-07
  83  77     1  0.000000e+00  4.937284e-07
  77  83     1  0.000000e+00  4.937284e-07
  83  82     1  0.000000e+00  2.726394e-07
  82  83     1  0.000000e+00  2.726394e-07
  84  79     1  0.000000e+00  1.311455e-07
  79  84     1  0.000000e+00  1.311455e-07
  84  81     1  0.000000e+00  5.018491e-07
  81  84     1  0.000000e+00  5.018491e-07
  85  79     1  0.000000e+00  1.311455e-07
  79  85     1  0.000000e+00  1.311455e-07
  85  81     1  0.000000e+00  5.018491e-07
  81  85     1  0.000000e+00  5.018491e-07

[ exclusions ]
; ai  aj
   2  15
   2   7
   2  16
   2  10
   2  19
  68  81
  68  73
  68  75
  14   1
  21  32
  29  24
  34  42
  34  43
  34  41
  39  50
  39  51
  39  49
  39  53
  47  42
  47  41
  47  57
  61  71
   3  19
  69  75
  69  76
  69  66
  81  78
  15   1
  15  12
  22  19
  22  32
  30  27
  35  40
  35  42
  35  43
  35  41
  35  32
  40  50
  40  51
  40  49
  40  37
  48  45
  56  53
  62  59
   5  11
   5   1
   5  12
  71  77
  71  65
  71  67
  71  78
  71  66
  42  51
  42  44
  42  52
  42  46
  42  45
  42  53
  50  43
  50  41
  50  44
  50  52
  50  38
  50  46
  50  45
   6   1
  43  51
  43  49
  43  36
  43  44
  43  33
  43  38
  43  46
  43  37
  43  45
  51  41
  51  44
  51  38
  51  46
  51  45
  51  53
  25  19
  64  67
  64  54
  64  66
   7   1
  73  65
  73  67
   8   1
  23  19
  23  27
  17  12
  17  19
  24  31
  24  28
  24  19
  24  27
  24  32
   4  12
  70  76
  70  78
  70  66
  41  49
  41  36
  41  52
  41  46
  41  37
  41  45
  41  53
  49  44
  49  38
  49  45
  49  53
  63  67
  63  54
  63  59
  63  66
   9   1
   9  16
  75  67
  11  16
  11  10
  11  19
  77  84
  77  82
  77  66
  83  78
  18  12
  18  27
  26  19
  26  32
  31  27
  31  37
  36  32
  36  45
  44  37
  44  53
  52  57
  52  45
  52  59
  58  53
  58  66
  65  78
  65  59
   1  16
   1  10
  13  10
  84  82
  84  78
  16  10
  16  12
  16  19
  82  78
  57  53
  57  59
  10  12
  12  19
  78  66
  19  27
  27  32
  32  37
  37  45
  45  53
  53  59
  59  66
   1   4
   4   1
   1  12
  12   1
   1  13
  13   1
   2   5
   5   2
   2   6
   6   2
   2  14
  14   2
   3  12
  12   3
   3  13
  13   3
   3   7
   7   3
   3   8
   8   3
   4   1
   1   4
   4  11
  11   4
   4   9
   9   4
   4   9
   9   4
   5   2
   2   5
   5   8
   8   5
   5   8
   8   5
   5  10
  10   5
   6   2
   2   6
   6   7
   7   6
   6   7
   7   6
   6  10
  10   6
   7   3
   3   7
   7   6
   6   7
   7   6
   6   7
   8   3
   3   8
   8   5
   5   8
   8   5
   5   8
   9   4
   4   9
   9   4
   4   9
  10   5
   5  10
  10   6
   6  10
  11   4
   4  11
  11  15
  15  11
  11  18
  18  11
  12   1
   1  12
  12   3
   3  12
  12  14
  14  12
  13   1
   1  13
  13   3
   3  13
  13  16
  16  13
  13  17
  17  13
  13  19
  19  13
  13  20
  20  13
  14   2
   2  14
  14  12
  12  14
  14  21
  21  14
  15  11
  11  15
  15  19
  19  15
  15  20
  20  15
  16  13
  13  16
  16  18
  18  16
  17  13
  13  17
  17  18
  18  17
  18  11
  11  18
  18  16
  16  18
  18  17
  17  18
  18  22
  22  18
  18  26
  26  18
  19  13
  13  19
  19  15
  15  19
  19  21
  21  19
  20  13
  13  20
  20  15
  15  20
  20  23
  23  20
  20  24
  24  20
  20  27
  27  20
  20  28
  28  20
  21  14
  14  21
  21  19
  19  21
  21  25
  25  21
  21  29
  29  21
  22  18
  18  22
  22  27
  27  22
  22  28
  28  22
  23  20
  20  23
  23  26
  26  23
  24  20
  20  24
  24  26
  26  24
  24  25
  25  24
  25  21
  21  25
  25  24
  24  25
  26  18
  18  26
  26  23
  23  26
  26  24
  24  26
  26  30
  30  26
  26  31
  31  26
  27  20
  20  27
  27  22
  22  27
  27  29
  29  27
  28  20
  20  28
  28  22
  22  28
  28  32
  32  28
  28  33
  33  28
  29  21
  21  29
  29  27
  27  29
  29  34
  34  29
  30  26
  26  30
  30  32
  32  30
  30  33
  33  30
  31  26
  26  31
  31  35
  35  31
  31  36
  36  31
  32  28
  28  32
  32  30
  30  32
  32  34
  34  32
  33  28
  28  33
  33  30
  30  33
  33  37
  37  33
  33  38
  38  33
  34  29
  29  34
  34  32
  32  34
  34  39
  39  34
  35  31
  31  35
  35  37
  37  35
  35  38
  38  35
  36  31
  31  36
  36  40
  40  36
  36  44
  44  36
  37  33
  33  37
  37  35
  35  37
  37  39
  39  37
  38  33
  33  38
  38  35
  35  38
  38  41
  41  38
  38  45
  45  38
  38  46
  46  38
  39  34
  34  39
  39  37
  37  39
  39  42
  42  39
  39  43
  43  39
  39  47
  47  39
  40  36
  36  40
  40  45
  45  40
  40  46
  46  40
  41  38
  38  41
  41  44
  44  41
  42  39
  39  42
  43  39
  39  43
  44  36
  36  44
  44  41
  41  44
  44  48
  48  44
  44  52
  52  44
  45  38
  38  45
  45  40
  40  45
  45  47
  47  45
  46  38
  38  46
  46  40
  40  46
  46  49
  49  46
  46  53
  53  46
  46  54
  54  46
  47  39
  39  47
  47  45
  45  47
  47  50
  50  47
  47  51
  51  47
  47  55
  55  47
  48  44
  44  48
  48  53
  53  48
  48  54
  54  48
  49  46
  46  49
  49  52
  52  49
  50  47
  47  50
  51  47
  47  51
  52  44
  44  52
  52  49
  49  52
  52  56
  56  52
  52  58
  58  52
  53  46
  46  53
  53  48
  48  53
  53  55
  55  53
  54  46
  46  54
  54  48
  48  54
  54  57
  57  54
  54  59
  59  54
  54  60
  60  54
  55  47
  47  55
  55  53
  53  55
  55  61
  61  55
  55  64
  64  55
  56  52
  52  56
  56  59
  59  56
  56  60
  60  56
  57  54
  54  57
  57  58
  58  57
  58  52
  52  58
  58  57
  57  58
  58  62
  62  58
  58  65
  65  58
  58  63
  63  58
  59  54
  54  59
  59  56
  56  59
  59  61
  61  59
  59  64
  64  59
  60  54
  54  60
  60  56
  56  60
  60  63
  63  60
  60  66
  66  60
  60  67
  67  60
  60  62
  62  60
  61  55
  55  61
  61  59
  59  61
  61  63
  63  61
  61  64
  64  61
  61  68
  68  61
  62  58
  58  62
  62  64
  64  62
  62  66
  66  62
  62  67
  67  62
  62  60
  60  62
  63  60
  60  63
  63  65
  65  63
  63  58
  58  63
  63  61
  61  63
  64  55
  55  64
  64  59
  59  64
  64  62
  62  64
  64  65
  65  64
  64  61
  61  64
  65  58
  58  65
  65  64
  64  65
  65  63
  63  65
  65  69
  69  65
  65  77
  77  65
  66  60
  60  66
  66  62
  62  66
  66  68
  68  66
  67  60
  60  67
  67  62
  62  67
  67  70
  70  67
  67  78
  78  67
  67  79
  79  67
  68  61
  61  68
  68  66
  66  68
  68  71
  71  68
  68  72
  72  68
  68  80
  80  68
  69  65
  65  69
  69  78
  78  69
  69  79
  79  69
  69  73
  73  69
  69  74
  74  69
  70  67
  67  70
  70  77
  77  70
  70  75
  75  70
  70  75
  75  70
  71  68
  68  71
  71  74
  74  71
  71  74
  74  71
  71  76
  76  71
  72  68
  68  72
  72  73
  73  72
  72  73
  73  72
  72  76
  76  72
  73  69
  69  73
  73  72
  72  73
  73  72
  72  73
  74  69
  69  74
  74  71
  71  74
  74  71
  71  74
  75  70
  70  75
  75  70
  70  75
  76  71
  71  76
  76  72
  72  76
  77  65
  65  77
  77  70
  70  77
  77  81
  81  77
  77  83
  83  77
  78  67
  67  78
  78  69
  69  78
  78  80
  80  78
  79  67
  67  79
  79  69
  69  79
  79  82
  82  79
  79  84
  84  79
  79  85
  85  79
  80  68
  68  80
  80  78
  78  80
  81  77
  77  81
  81  84
  84  81
  81  85
  85  81
  82  79
  79  82
  82  83
  83  82
  83  77
  77  83
  83  82
  82  83
  84  79
  79  84
  84  81
  81  84
  85  79
  79  85
  85  81
  81  85