; Made using MAGROS.FF script by Emanuele Scalone at Camilloni Lab
; TTR
; 2020-12-22 11:55:45.111384
; Temperature Ratio: 300 / 70
[ dihedrals ]
; ai  aj  ak  al  func              phi               kd mult
   1   2  11  12     9  1.273848824e+02  5.727762804e-01    1
   1   2  11  12     9  3.821546472e+02  2.863881401e-01    3
   1   2  11  13     9  3.115310595e+02  5.727762804e-01    1
   1   2  11  13     9  9.345931786e+02  2.863881401e-01    3
   1   2   3   4     9  1.160117352e+02  5.727762804e-01    1
   1   2   3   4     9  3.480352055e+02  2.863881401e-01    3
   2   3   4   5     9  2.660760402e+02  5.727762804e-01    1
   2   3   4   5     9  7.982281206e+02  2.863881401e-01    3
   2   3   4   6     9  8.535205432e+01  5.727762804e-01    1
   2   3   4   6     9  2.560561630e+02  2.863881401e-01    3
  11   2   3   4     9  3.557168916e+02  5.727762804e-01    1
  11   2   3   4     9  1.067150675e+03  2.863881401e-01    3
  11  13  14  18     9  6.479729358e+01  1.145552561e+00    1
  11  13  14  18     9  1.943918807e+02  5.727762804e-01    3
  11  13  14  15     9  3.025386219e+02  1.145552561e+00    1
  11  13  14  15     9  9.076158657e+02  5.727762804e-01    3
  12  11   2   3     9  2.468650642e+02  5.727762804e-01    1
  12  11   2   3     9  7.405951927e+02  2.863881401e-01    3
   3   2  11  13     9  7.101124138e+01  5.727762804e-01    1
   3   2  11  13     9  2.130337242e+02  2.863881401e-01    3
  13  14  18  19     9  1.239567812e+02  5.727762804e-01    1
  13  14  18  19     9  3.718703436e+02  2.863881401e-01    3
  13  14  18  20     9  3.018508951e+02  5.727762804e-01    1
  13  14  18  20     9  9.055526854e+02  2.863881401e-01    3
  13  14  15  16     9  1.170335567e+02  2.863881401e-01    1
  13  14  15  16     9  3.511006701e+02  1.431940701e-01    3
  13  14  15  17     9  3.553487136e+02  2.863881401e-01    1
  13  14  15  17     9  1.066046141e+03  1.431940701e-01    3
  18  14  15  16     9  3.579233959e+02  2.863881401e-01    1
  18  14  15  16     9  1.073770188e+03  1.431940701e-01    3
  18  14  15  17     9  2.362385528e+02  2.863881401e-01    1
  18  14  15  17     9  7.087156584e+02  1.431940701e-01    3
  18  20  21  26     9  7.519848038e+01  1.145552561e+00    1
  18  20  21  26     9  2.255954411e+02  5.727762804e-01    3
  18  20  21  22     9  3.142166805e+02  1.145552561e+00    1
  18  20  21  22     9  9.426500415e+02  5.727762804e-01    3
  19  18  14  15     9  2.472091517e+02  5.727762804e-01    1
  19  18  14  15     9  7.416274552e+02  2.863881401e-01    3
  15  14  18  20     9  6.510326566e+01  5.727762804e-01    1
  15  14  18  20     9  1.953097970e+02  2.863881401e-01    3
  20  21  26  27     9  1.191534877e+02  5.727762804e-01    1
  20  21  26  27     9  3.574604632e+02  2.863881401e-01    3
  20  21  26  28     9  2.982056456e+02  5.727762804e-01    1
  20  21  26  28     9  8.946169369e+02  2.863881401e-01    3
  20  21  22  23     9  1.229644469e+02  2.863881401e-01    1
  20  21  22  23     9  3.688933407e+02  1.431940701e-01    3
  20  21  22  24     9  3.526318214e+02  2.863881401e-01    1
  20  21  22  24     9  1.057895464e+03  1.431940701e-01    3
  21  22  23  25     9  1.285427287e+02  5.727762804e-01    1
  21  22  23  25     9  3.856281862e+02  2.863881401e-01    3
  26  21  22  23     9  6.303169202e+00  2.863881401e-01    1
  26  21  22  23     9  1.890950761e+01  1.431940701e-01    3
  26  21  22  24     9  2.359705437e+02  2.863881401e-01    1
  26  21  22  24     9  7.079116312e+02  1.431940701e-01    3
  26  28  29  31     9  6.714226919e+01  1.145552561e+00    1
  26  28  29  31     9  2.014268076e+02  5.727762804e-01    3
  26  28  29  30     9  3.069656531e+02  1.145552561e+00    1
  26  28  29  30     9  9.208969593e+02  5.727762804e-01    3
  27  26  21  22     9  2.407717381e+02  5.727762804e-01    1
  27  26  21  22     9  7.223152143e+02  2.863881401e-01    3
  22  21  26  28     9  5.982389598e+01  5.727762804e-01    1
  22  21  26  28     9  1.794716879e+02  2.863881401e-01    3
  24  22  23  25     9  2.583775554e+02  5.727762804e-01    1
  24  22  23  25     9  7.751326662e+02  2.863881401e-01    3
  28  29  31  32     9  1.395781731e+02  5.727762804e-01    1
  28  29  31  32     9  4.187345194e+02  2.863881401e-01    3
  28  29  31  33     9  3.208620730e+02  5.727762804e-01    1
  28  29  31  33     9  9.625862190e+02  2.863881401e-01    3
  31  33  34  36     9  4.429655293e+01  1.145552561e+00    1
  31  33  34  36     9  1.328896588e+02  5.727762804e-01    3
  31  33  34  35     9  2.815212855e+02  1.145552561e+00    1
  31  33  34  35     9  8.445638564e+02  5.727762804e-01    3
  32  31  29  30     9  2.597249191e+02  5.727762804e-01    1
  32  31  29  30     9  7.791747574e+02  2.863881401e-01    3
  30  29  31  33     9  8.100881898e+01  5.727762804e-01    1
  30  29  31  33     9  2.430264569e+02  2.863881401e-01    3
  33  34  36  37     9  1.425505316e+02  5.727762804e-01    1
  33  34  36  37     9  4.276515948e+02  2.863881401e-01    3
  33  34  36  38     9  3.198808741e+02  5.727762804e-01    1
  33  34  36  38     9  9.596426222e+02  2.863881401e-01    3
  36  38  39  44     9  6.316876931e+01  1.145552561e+00    1
  36  38  39  44     9  1.895063079e+02  5.727762804e-01    3
  36  38  39  40     9  3.029387308e+02  1.145552561e+00    1
  36  38  39  40     9  9.088161924e+02  5.727762804e-01    3
  37  36  34  35     9  2.650233414e+02  5.727762804e-01    1
  37  36  34  35     9  7.950700243e+02  2.863881401e-01    3
  35  34  36  38     9  8.235368391e+01  5.727762804e-01    1
  35  34  36  38     9  2.470610517e+02  2.863881401e-01    3
  38  39  44  45     9  1.218138338e+02  5.727762804e-01    1
  38  39  44  45     9  3.654415013e+02  2.863881401e-01    3
  38  39  44  46     9  3.028174678e+02  5.727762804e-01    1
  38  39  44  46     9  9.084524033e+02  2.863881401e-01    3
  38  39  40  41     9  3.577393440e+02  5.727762804e-01    1
  38  39  40  41     9  1.073218032e+03  2.863881401e-01    3
  39  40  41  42     9  2.415161928e+02  5.727762804e-01    1
  39  40  41  42     9  7.245485784e+02  2.863881401e-01    3
  39  40  41  43     9  4.130981763e+00  5.727762804e-01    1
  39  40  41  43     9  1.239294529e+01  2.863881401e-01    3
  44  39  40  41     9  2.417616625e+02  5.727762804e-01    1
  44  39  40  41     9  7.252849875e+02  2.863881401e-01    3
  44  46  47  52     9  7.162883297e+01  1.145552561e+00    1
  44  46  47  52     9  2.148864989e+02  5.727762804e-01    3
  44  46  47  48     9  3.104208866e+02  1.145552561e+00    1
  44  46  47  48     9  9.312626599e+02  5.727762804e-01    3
  45  44  39  40     9  2.413066942e+02  5.727762804e-01    1
  45  44  39  40     9  7.239200826e+02  2.863881401e-01    3
  40  39  44  46     9  6.231032818e+01  5.727762804e-01    1
  40  39  44  46     9  1.869309845e+02  2.863881401e-01    3
  46  47  52  53     9  1.308626985e+02  5.727762804e-01    1
  46  47  52  53     9  3.925880955e+02  2.863881401e-01    3
  46  47  52  54     9  3.142575051e+02  5.727762804e-01    1
  46  47  52  54     9  9.427725154e+02  2.863881401e-01    3
  46  47  48  49     9  1.312924119e+02  5.727762804e-01    1
  46  47  48  49     9  3.938772358e+02  2.863881401e-01    3
  47  48  49  50     9  1.436524067e+00  5.727762804e-01    1
  47  48  49  50     9  4.309572200e+00  2.863881401e-01    3
  47  48  49  51     9  1.238029803e+02  5.727762804e-01    1
  47  48  49  51     9  3.714089409e+02  2.863881401e-01    3
  52  47  48  49     9  3.858227086e+00  5.727762804e-01    1
  52  47  48  49     9  1.157468126e+01  2.863881401e-01    3
  52  54  55  58     9  4.704901582e+01  1.145552561e+00    1
  52  54  55  58     9  1.411470474e+02  5.727762804e-01    3
  52  54  55  56     9  2.883364878e+02  1.145552561e+00    1
  52  54  55  56     9  8.650094633e+02  5.727762804e-01    3
  53  52  47  48     9  2.543822411e+02  5.727762804e-01    1
  53  52  47  48     9  7.631467233e+02  2.863881401e-01    3
  48  47  52  54     9  7.777704773e+01  5.727762804e-01    1
  48  47  52  54     9  2.333311432e+02  2.863881401e-01    3
  54  55  58  59     9  1.585733512e+02  5.727762804e-01    1
  54  55  58  59     9  4.757200535e+02  2.863881401e-01    3
  54  55  58  60     9  3.410665381e+02  5.727762804e-01    1
  54  55  58  60     9  1.023199614e+03  2.863881401e-01    3
  54  55  56  57     9  1.159978434e+02  5.727762804e-01    1
  54  55  56  57     9  3.479935302e+02  2.863881401e-01    3
  58  55  56  57     9  2.439121725e-01  5.727762804e-01    1
  58  55  56  57     9  7.317365175e-01  2.863881401e-01    3
  59  58  55  56     9  2.792909866e+02  5.727762804e-01    1
  59  58  55  56     9  8.378729597e+02  2.863881401e-01    3
  56  55  58  60     9  1.017841735e+02  5.727762804e-01    1
  56  55  58  60     9  3.053525206e+02  2.863881401e-01    3
  60  61  65  66     9  3.238245354e+02  5.727762804e-01    1
  60  61  65  66     9  9.714736062e+02  2.863881401e-01    3
  60  61  65  67     9  1.434219422e+02  5.727762804e-01    1
  60  61  65  67     9  4.302658265e+02  2.863881401e-01    3
  65  67  68  77     9  6.543285785e+01  1.145552561e+00    1
  65  67  68  77     9  1.962985735e+02  5.727762804e-01    3
  65  67  68  69     9  3.004212225e+02  1.145552561e+00    1
  65  67  68  69     9  9.012636674e+02  5.727762804e-01    3
  66  65  61  62     9  8.051672737e+01  5.727762804e-01    1
  66  65  61  62     9  2.415501821e+02  2.863881401e-01    3
  62  61  65  67     9  2.601141342e+02  5.727762804e-01    1
  62  61  65  67     9  7.803424025e+02  2.863881401e-01    3
  67  68  77  78     9  1.149513910e+01  5.727762804e-01    1
  67  68  77  78     9  3.448541731e+01  2.863881401e-01    3
  67  68  77  79     9  1.934905907e+02  5.727762804e-01    1
  67  68  77  79     9  5.804717720e+02  2.863881401e-01    3
  67  68  69  70     9  1.054770194e+02  5.727762804e-01    1
  67  68  69  70     9  3.164310583e+02  2.863881401e-01    3
  68  69  70  71     9  2.575641618e+02  5.727762804e-01    1
  68  69  70  71     9  7.726924853e+02  2.863881401e-01    3
  68  69  70  72     9  7.719328006e+01  5.727762804e-01    1
  68  69  70  72     9  2.315798402e+02  2.863881401e-01    3
  77  68  69  70     9  3.391156862e+02  5.727762804e-01    1
  77  68  69  70     9  1.017347059e+03  2.863881401e-01    3
  77  79  80  83     9  2.301357761e+01  1.145552561e+00    1
  77  79  80  83     9  6.904073284e+01  5.727762804e-01    3
  77  79  80  81     9  2.643488088e+02  1.145552561e+00    1
  77  79  80  81     9  7.930464264e+02  5.727762804e-01    3
  78  77  68  69     9  1.372662496e+02  5.727762804e-01    1
  78  77  68  69     9  4.117987488e+02  2.863881401e-01    3
  69  68  77  79     9  3.192617012e+02  5.727762804e-01    1
  69  68  77  79     9  9.577851036e+02  2.863881401e-01    3
  79  80  83  84     9  1.507347800e+02  5.727762804e-01    1
  79  80  83  84     9  4.522043399e+02  2.863881401e-01    3
  79  80  83  85     9  3.307409536e+02  5.727762804e-01    1
  79  80  83  85     9  9.922228609e+02  2.863881401e-01    3
  79  80  81  82     9  4.021396047e+00  5.727762804e-01    1
  79  80  81  82     9  1.206418814e+01  2.863881401e-01    3
  83  80  81  82     9  2.435188552e+02  5.727762804e-01    1
  83  80  81  82     9  7.305565655e+02  2.863881401e-01    3
  84  83  80  81     9  2.696774671e+02  5.727762804e-01    1
  84  83  80  81     9  8.090324012e+02  2.863881401e-01    3
  81  80  83  85     9  8.968364076e+01  5.727762804e-01    1
  81  80  83  85     9  2.690509223e+02  2.863881401e-01    3
   1   2  11  12     9  1.675660277e+02  5.727762804e-01    1
   1   2  11  12     9  5.026980832e+02  2.863881401e-01    3
   1   2  11  13     9  3.476026745e+02  5.727762804e-01    1
   1   2  11  13     9  1.042808023e+03  2.863881401e-01    3
   1   2   3   4     9  1.248124345e+02  5.727762804e-01    1
   1   2   3   4     9  3.744373035e+02  2.863881401e-01    3
   2   3   4   5     9  1.347815676e+02  5.727762804e-01    1
   2   3   4   5     9  4.043447027e+02  2.863881401e-01    3
   2   3   4   6     9  3.149635220e+02  5.727762804e-01    1
   2   3   4   6     9  9.448905659e+02  2.863881401e-01    3
  11   2   3   4     9  2.745876866e+00  5.727762804e-01    1
  11   2   3   4     9  8.237630597e+00  2.863881401e-01    3
  11  13  14  18     9  4.046573822e+01  1.145552561e+00    1
  11  13  14  18     9  1.213972146e+02  5.727762804e-01    3
  11  13  14  15     9  2.787137686e+02  1.145552561e+00    1
  11  13  14  15     9  8.361413058e+02  5.727762804e-01    3
  12  11   2   3     9  2.882545202e+02  5.727762804e-01    1
  12  11   2   3     9  8.647635607e+02  2.863881401e-01    3
   3   2  11  13     9  1.082911670e+02  5.727762804e-01    1
   3   2  11  13     9  3.248735010e+02  2.863881401e-01    3
  13  14  18  19     9  1.379679292e+02  5.727762804e-01    1
  13  14  18  19     9  4.139037875e+02  2.863881401e-01    3
  13  14  18  20     9  3.178311978e+02  5.727762804e-01    1
  13  14  18  20     9  9.534935933e+02  2.863881401e-01    3
  13  14  15  16     9  1.528533902e+02  2.863881401e-01    1
  13  14  15  16     9  4.585601706e+02  1.431940701e-01    3
  13  14  15  17     9  3.142711020e+01  2.863881401e-01    1
  13  14  15  17     9  9.428133059e+01  1.431940701e-01    3
  18  14  15  16     9  2.985714129e+01  2.863881401e-01    1
  18  14  15  16     9  8.957142387e+01  1.431940701e-01    3
  18  14  15  17     9  2.684308613e+02  2.863881401e-01    1
  18  14  15  17     9  8.052925839e+02  1.431940701e-01    3
  18  20  21  26     9  3.737666088e+01  1.145552561e+00    1
  18  20  21  26     9  1.121299826e+02  5.727762804e-01    3
  18  20  21  22     9  2.755456468e+02  1.145552561e+00    1
  18  20  21  22     9  8.266369405e+02  5.727762804e-01    3
  19  18  14  15     9  2.611722724e+02  5.727762804e-01    1
  19  18  14  15     9  7.835168173e+02  2.863881401e-01    3
  15  14  18  20     9  8.103554101e+01  5.727762804e-01    1
  15  14  18  20     9  2.431066230e+02  2.863881401e-01    3
  20  21  26  27     9  1.355223497e+02  5.727762804e-01    1
  20  21  26  27     9  4.065670490e+02  2.863881401e-01    3
  20  21  26  28     9  3.161430124e+02  5.727762804e-01    1
  20  21  26  28     9  9.484290372e+02  2.863881401e-01    3
  20  21  22  23     9  1.030134006e+02  2.863881401e-01    1
  20  21  22  23     9  3.090402019e+02  1.431940701e-01    3
  20  21  22  24     9  3.406139456e+02  2.863881401e-01    1
  20  21  22  24     9  1.021841837e+03  1.431940701e-01    3
  21  22  23  25     9  3.544025519e+02  5.727762804e-01    1
  21  22  23  25     9  1.063207656e+03  2.863881401e-01    3
  26  21  22  23     9  3.397783923e+02  2.863881401e-01    1
  26  21  22  23     9  1.019335177e+03  1.431940701e-01    3
  26  21  22  24     9  2.173789372e+02  2.863881401e-01    1
  26  21  22  24     9  6.521368117e+02  1.431940701e-01    3
  26  28  29  31     9  3.901360417e+01  1.145552561e+00    1
  26  28  29  31     9  1.170408125e+02  5.727762804e-01    3
  26  28  29  30     9  2.764123626e+02  1.145552561e+00    1
  26  28  29  30     9  8.292370878e+02  5.727762804e-01    3
  27  26  21  22     9  2.588605860e+02  5.727762804e-01    1
  27  26  21  22     9  7.765817581e+02  2.863881401e-01    3
  22  21  26  28     9  7.948124877e+01  5.727762804e-01    1
  22  21  26  28     9  2.384437463e+02  2.863881401e-01    3
  24  22  23  25     9  1.171413735e+02  5.727762804e-01    1
  24  22  23  25     9  3.514241205e+02  2.863881401e-01    3
  28  29  31  32     9  1.183020503e+02  5.727762804e-01    1
  28  29  31  32     9  3.549061509e+02  2.863881401e-01    3
  28  29  31  33     9  2.981777498e+02  5.727762804e-01    1
  28  29  31  33     9  8.945332495e+02  2.863881401e-01    3
  31  33  34  36     9  3.711758590e+01  1.145552561e+00    1
  31  33  34  36     9  1.113527577e+02  5.727762804e-01    3
  31  33  34  35     9  2.743353816e+02  1.145552561e+00    1
  31  33  34  35     9  8.230061449e+02  5.727762804e-01    3
  32  31  29  30     9  2.407949618e+02  5.727762804e-01    1
  32  31  29  30     9  7.223848853e+02  2.863881401e-01    3
  30  29  31  33     9  6.067066131e+01  5.727762804e-01    1
  30  29  31  33     9  1.820119839e+02  2.863881401e-01    3
  33  34  36  37     9  1.380796975e+02  5.727762804e-01    1
  33  34  36  37     9  4.142390926e+02  2.863881401e-01    3
  33  34  36  38     9  3.183892152e+02  5.727762804e-01    1
  33  34  36  38     9  9.551676455e+02  2.863881401e-01    3
  36  38  39  44     9  4.841041466e+01  1.145552561e+00    1
  36  38  39  44     9  1.452312440e+02  5.727762804e-01    3
  36  38  39  40     9  2.853291654e+02  1.145552561e+00    1
  36  38  39  40     9  8.559874962e+02  5.727762804e-01    3
  37  36  34  35     9  2.607789853e+02  5.727762804e-01    1
  37  36  34  35     9  7.823369558e+02  2.863881401e-01    3
  35  34  36  38     9  8.108850291e+01  5.727762804e-01    1
  35  34  36  38     9  2.432655087e+02  2.863881401e-01    3
  38  39  44  45     9  1.364861288e+02  5.727762804e-01    1
  38  39  44  45     9  4.094583864e+02  2.863881401e-01    3
  38  39  44  46     9  3.166127687e+02  5.727762804e-01    1
  38  39  44  46     9  9.498383061e+02  2.863881401e-01    3
  38  39  40  41     9  2.710666658e+02  5.727762804e-01    1
  38  39  40  41     9  8.131999975e+02  2.863881401e-01    3
  39  40  41  42     9  2.746424273e+02  5.727762804e-01    1
  39  40  41  42     9  8.239272819e+02  2.863881401e-01    3
  39  40  41  43     9  3.731851949e+01  5.727762804e-01    1
  39  40  41  43     9  1.119555585e+02  2.863881401e-01    3
  44  39  40  41     9  1.479021370e+02  5.727762804e-01    1
  44  39  40  41     9  4.437064110e+02  2.863881401e-01    3
  44  46  47  52     9  3.985203902e+01  1.145552561e+00    1
  44  46  47  52     9  1.195561171e+02  5.727762804e-01    3
  44  46  47  48     9  2.778225934e+02  1.145552561e+00    1
  44  46  47  48     9  8.334677801e+02  5.727762804e-01    3
  45  44  39  40     9  2.594152850e+02  5.727762804e-01    1
  45  44  39  40     9  7.782458549e+02  2.863881401e-01    3
  40  39  44  46     9  7.954192489e+01  5.727762804e-01    1
  40  39  44  46     9  2.386257747e+02  2.863881401e-01    3
  46  47  52  53     9  1.213780061e+02  5.727762804e-01    1
  46  47  52  53     9  3.641340182e+02  2.863881401e-01    3
  46  47  52  54     9  3.012120292e+02  5.727762804e-01    1
  46  47  52  54     9  9.036360876e+02  2.863881401e-01    3
  46  47  48  49     9  1.901819679e+02  5.727762804e-01    1
  46  47  48  49     9  5.705459037e+02  2.863881401e-01    3
  47  48  49  50     9  3.193208478e+02  5.727762804e-01    1
  47  48  49  50     9  9.579625435e+02  2.863881401e-01    3
  47  48  49  51     9  8.175454854e+01  5.727762804e-01    1
  47  48  49  51     9  2.452636456e+02  2.863881401e-01    3
  52  47  48  49     9  6.800861612e+01  5.727762804e-01    1
  52  47  48  49     9  2.040258483e+02  2.863881401e-01    3
  52  54  55  58     9  5.396669654e+01  1.145552561e+00    1
  52  54  55  58     9  1.619000896e+02  5.727762804e-01    3
  52  54  55  56     9  2.915747230e+02  1.145552561e+00    1
  52  54  55  56     9  8.747241689e+02  5.727762804e-01    3
  53  52  47  48     9  2.437562472e+02  5.727762804e-01    1
  53  52  47  48     9  7.312687417e+02  2.863881401e-01    3
  48  47  52  54     9  6.359027038e+01  5.727762804e-01    1
  48  47  52  54     9  1.907708111e+02  2.863881401e-01    3
  54  55  58  59     9  6.986064096e+01  5.727762804e-01    1
  54  55  58  59     9  2.095819229e+02  2.863881401e-01    3
  54  55  58  60     9  2.506632202e+02  5.727762804e-01    1
  54  55  58  60     9  7.519896605e+02  2.863881401e-01    3
  54  55  56  57     9  1.202883545e+02  5.727762804e-01    1
  54  55  56  57     9  3.608650635e+02  2.863881401e-01    3
  58  55  56  57     9  3.572257771e+02  5.727762804e-01    1
  58  55  56  57     9  1.071677331e+03  2.863881401e-01    3
  59  58  55  56     9  1.922213105e+02  5.727762804e-01    1
  59  58  55  56     9  5.766639314e+02  2.863881401e-01    3
  56  55  58  60     9  1.302388965e+01  5.727762804e-01    1
  56  55  58  60     9  3.907166896e+01  2.863881401e-01    3
  60  61  65  66     9  1.406464516e+02  5.727762804e-01    1
  60  61  65  66     9  4.219393549e+02  2.863881401e-01    3
  60  61  65  67     9  3.197087623e+02  5.727762804e-01    1
  60  61  65  67     9  9.591262870e+02  2.863881401e-01    3
  65  67  68  77     9  5.507696067e+01  1.145552561e+00    1
  65  67  68  77     9  1.652308820e+02  5.727762804e-01    3
  65  67  68  69     9  2.928935624e+02  1.145552561e+00    1
  65  67  68  69     9  8.786806872e+02  5.727762804e-01    3
  66  65  61  62     9  2.558527587e+02  5.727762804e-01    1
  66  65  61  62     9  7.675582761e+02  2.863881401e-01    3
  62  61  65  67     9  7.491506939e+01  5.727762804e-01    1
  62  61  65  67     9  2.247452082e+02  2.863881401e-01    3
  67  68  77  78     9  1.517536365e+02  5.727762804e-01    1
  67  68  77  78     9  4.552609096e+02  2.863881401e-01    3
  67  68  77  79     9  3.318947492e+02  5.727762804e-01    1
  67  68  77  79     9  9.956842475e+02  2.863881401e-01    3
  67  68  69  70     9  8.855778953e+01  5.727762804e-01    1
  67  68  69  70     9  2.656733686e+02  2.863881401e-01    3
  68  69  70  71     9  2.305574285e+02  5.727762804e-01    1
  68  69  70  71     9  6.916722854e+02  2.863881401e-01    3
  68  69  70  72     9  5.032805834e+01  5.727762804e-01    1
  68  69  70  72     9  1.509841750e+02  2.863881401e-01    3
  77  68  69  70     9  3.253685258e+02  5.727762804e-01    1
  77  68  69  70     9  9.761055773e+02  2.863881401e-01    3
  77  79  80  83     9  3.298773908e+01  1.145552561e+00    1
  77  79  80  83     9  9.896321724e+01  5.727762804e-01    3
  77  79  80  81     9  2.709243787e+02  1.145552561e+00    1
  77  79  80  81     9  8.127731361e+02  5.727762804e-01    3
  78  77  68  69     9  2.740666434e+02  5.727762804e-01    1
  78  77  68  69     9  8.221999302e+02  2.863881401e-01    3
  69  68  77  79     9  9.420775605e+01  5.727762804e-01    1
  69  68  77  79     9  2.826232681e+02  2.863881401e-01    3
  79  80  83  84     9  8.687116753e+01  5.727762804e-01    1
  79  80  83  84     9  2.606135026e+02  2.863881401e-01    3
  79  80  83  85     9  2.663552378e+02  5.727762804e-01    1
  79  80  83  85     9  7.990657134e+02  2.863881401e-01    3
  79  80  81  82     9  5.680305522e+01  5.727762804e-01    1
  79  80  81  82     9  1.704091657e+02  2.863881401e-01    3
  83  80  81  82     9  2.945246144e+02  5.727762804e-01    1
  83  80  81  82     9  8.835738432e+02  2.863881401e-01    3
  84  83  80  81     9  2.092073753e+02  5.727762804e-01    1
  84  83  80  81     9  6.276221258e+02  2.863881401e-01    3
  81  80  83  85     9  2.869144555e+01  5.727762804e-01    1
  81  80  83  85     9  8.607433664e+01  2.863881401e-01    3