; Made using MAGROS.FF script by Emanuele Scalone at Camilloni Lab
; Distance cutoff: 5.5
; Residue cutoff: 2
; LJ_reduction: 0.1
; Protein: TTR
; 2021-06-11 10:24:43.651091

[ pairs ]
; ai  aj  func            c6           c12
   1  10     1  0.000000e+00  1.868721e-06
   1  12     1  0.000000e+00  1.523000e-07
   1  13     1  0.000000e+00  2.319529e-07
   1  14     1  0.000000e+00  1.500155e-05
   1  15     1  0.000000e+00  1.500155e-05
   1  16     1  0.000000e+00  1.868721e-06
   1   4     1  0.000000e+00  3.384106e-07
   1   5     1  0.000000e+00  3.384106e-06
   1   6     1  0.000000e+00  3.384106e-06
   1   7     1  0.000000e+00  3.384106e-06
   1   8     1  0.000000e+00  3.384106e-06
   1   9     1  0.000000e+00  3.384106e-06
  10  11     1  0.000000e+00  2.726394e-06
  10  12     1  0.000000e+00  1.227000e-06
  10  13     1  0.000000e+00  1.868721e-06
  10  16     1  0.000000e+00  1.505529e-06
  10   2     1  0.000000e+00  1.208595e-05
  10   5     1  0.000000e+00  2.726394e-07
  10   6     1  0.000000e+00  2.726394e-07
  11  15     1  0.000000e+00  2.188670e-06
  11  16     1  0.000000e+00  2.726394e-06
  11  18     1  0.000000e+00  4.937284e-07
  11  19     1  0.000000e+00  2.222000e-06
  11   4     1  0.000000e+00  4.937284e-07
  11   5     1  0.000000e+00  4.937284e-06
  12  14     1  0.000000e+00  9.850000e-07
  12  15     1  0.000000e+00  9.850000e-06
  12  16     1  0.000000e+00  1.227000e-06
  12  17     1  0.000000e+00  5.162000e-06
  12  18     1  0.000000e+00  2.222000e-06
  12  19     1  0.000000e+00  1.000000e-06
  12   3     1  0.000000e+00  5.828000e-07
  12   4     1  0.000000e+00  2.222000e-06
  12   5     1  0.000000e+00  2.222000e-06
  13  16     1  0.000000e+00  1.868721e-07
  13  17     1  0.000000e+00  7.861726e-07
  13  19     1  0.000000e+00  1.523000e-07
  13  20     1  0.000000e+00  2.319529e-07
  13   3     1  0.000000e+00  8.876044e-07
  14   2     1  0.000000e+00  9.702250e-06
  14  21     1  0.000000e+00  9.702250e-06
  15  19     1  0.000000e+00  9.850000e-07
  15   2     1  0.000000e+00  9.702250e-05
  15  20     1  0.000000e+00  1.500155e-06
  16  18     1  0.000000e+00  2.726394e-07
  16  19     1  0.000000e+00  1.227000e-06
  16   2     1  0.000000e+00  1.208595e-05
  16   9     1  0.000000e+00  2.726394e-06
  17  18     1  0.000000e+00  1.146996e-06
  17  19     1  0.000000e+00  5.162000e-06
  18  22     1  0.000000e+00  2.188670e-06
  18  26     1  0.000000e+00  4.937284e-07
  18  27     1  0.000000e+00  2.222000e-06
  19   2     1  0.000000e+00  9.850000e-06
  19  21     1  0.000000e+00  9.850000e-07
  19  22     1  0.000000e+00  9.850000e-06
  19  23     1  0.000000e+00  5.828000e-06
  19  24     1  0.000000e+00  5.162000e-06
  19  25     1  0.000000e+00  5.162000e-06
  19  26     1  0.000000e+00  2.222000e-06
  19  27     1  0.000000e+00  1.000000e-06
  19   3     1  0.000000e+00  5.828000e-06
   2   5     1  0.000000e+00  2.188670e-06
   2   6     1  0.000000e+00  2.188670e-06
   2   7     1  0.000000e+00  2.188670e-05
  20  23     1  0.000000e+00  8.876044e-07
  20  24     1  0.000000e+00  7.861726e-07
  20  27     1  0.000000e+00  1.523000e-07
  20  28     1  0.000000e+00  2.319529e-07
  21  25     1  0.000000e+00  5.084570e-06
  21  29     1  0.000000e+00  9.702250e-06
  21  32     1  0.000000e+00  9.850000e-06
  22  27     1  0.000000e+00  9.850000e-07
  22  28     1  0.000000e+00  1.500155e-06
  22  32     1  0.000000e+00  9.850000e-06
  23  26     1  0.000000e+00  1.294982e-06
  23  27     1  0.000000e+00  5.828000e-06
  24  25     1  0.000000e+00  2.664624e-06
  24  26     1  0.000000e+00  1.146996e-06
  24  27     1  0.000000e+00  5.162000e-06
  24  28     1  0.000000e+00  7.861726e-06
  24  29     1  0.000000e+00  5.084570e-05
  24  31     1  0.000000e+00  1.146996e-05
  24  32     1  0.000000e+00  5.162000e-06
  26  30     1  0.000000e+00  1.146996e-06
  26  31     1  0.000000e+00  4.937284e-07
  26  32     1  0.000000e+00  2.222000e-06
  27  29     1  0.000000e+00  9.850000e-07
  27  30     1  0.000000e+00  5.162000e-06
  27  31     1  0.000000e+00  2.222000e-06
  27  32     1  0.000000e+00  1.000000e-06
  28  32     1  0.000000e+00  1.523000e-07
  28  33     1  0.000000e+00  2.319529e-07
  29  34     1  0.000000e+00  9.702250e-06
   3   7     1  0.000000e+00  1.294982e-06
   3   8     1  0.000000e+00  1.294982e-06
  30  32     1  0.000000e+00  5.162000e-07
  30  33     1  0.000000e+00  7.861726e-07
  31  35     1  0.000000e+00  1.146996e-06
  31  36     1  0.000000e+00  4.937284e-07
  31  37     1  0.000000e+00  2.222000e-06
  32  34     1  0.000000e+00  9.850000e-07
  32  35     1  0.000000e+00  5.162000e-06
  32  36     1  0.000000e+00  2.222000e-06
  32  37     1  0.000000e+00  1.000000e-06
  33  37     1  0.000000e+00  1.523000e-07
  33  38     1  0.000000e+00  2.319529e-07
  33  43     1  0.000000e+00  7.861726e-06
  34  39     1  0.000000e+00  9.702250e-06
  34  41     1  0.000000e+00  9.702250e-05
  34  42     1  0.000000e+00  5.084570e-05
  34  43     1  0.000000e+00  5.084570e-05
  35  37     1  0.000000e+00  5.162000e-07
  35  38     1  0.000000e+00  7.861726e-07
  35  40     1  0.000000e+00  3.008414e-05
  35  41     1  0.000000e+00  5.084570e-05
  35  42     1  0.000000e+00  2.664624e-05
  35  43     1  0.000000e+00  2.664624e-05
  36  40     1  0.000000e+00  1.294982e-06
  36  41     1  0.000000e+00  2.188670e-05
  36  43     1  0.000000e+00  1.146996e-05
  36  44     1  0.000000e+00  4.937284e-07
  36  45     1  0.000000e+00  2.222000e-06
  37  39     1  0.000000e+00  9.850000e-07
  37  40     1  0.000000e+00  5.828000e-06
  37  41     1  0.000000e+00  9.850000e-06
  37  43     1  0.000000e+00  5.162000e-06
  37  44     1  0.000000e+00  2.222000e-06
  37  45     1  0.000000e+00  1.000000e-06
  38  41     1  0.000000e+00  1.500155e-06
  38  43     1  0.000000e+00  7.861726e-06
  38  45     1  0.000000e+00  1.523000e-07
  38  46     1  0.000000e+00  2.319529e-07
  38  49     1  0.000000e+00  1.500155e-05
  38  50     1  0.000000e+00  7.861726e-06
  38  51     1  0.000000e+00  7.861726e-06
  39  42     1  0.000000e+00  5.084570e-06
  39  43     1  0.000000e+00  5.084570e-06
  39  47     1  0.000000e+00  9.702250e-06
  39  49     1  0.000000e+00  9.702250e-05
  39  50     1  0.000000e+00  5.084570e-05
  39  51     1  0.000000e+00  5.084570e-05
  39  53     1  0.000000e+00  9.850000e-06
   4   9     1  0.000000e+00  4.937284e-07
  40  45     1  0.000000e+00  5.828000e-07
  40  46     1  0.000000e+00  8.876044e-07
  40  49     1  0.000000e+00  5.740580e-05
  40  50     1  0.000000e+00  3.008414e-05
  40  51     1  0.000000e+00  3.008414e-05
  41  44     1  0.000000e+00  2.188670e-06
  41  45     1  0.000000e+00  9.850000e-06
  41  46     1  0.000000e+00  1.500155e-05
  41  47     1  0.000000e+00  9.702250e-05
  41  49     1  0.000000e+00  9.702250e-05
  41  50     1  0.000000e+00  5.084570e-05
  41  51     1  0.000000e+00  5.084570e-05
  41  52     1  0.000000e+00  2.188670e-05
  41  53     1  0.000000e+00  9.850000e-06
  42  44     1  0.000000e+00  1.146996e-05
  42  45     1  0.000000e+00  5.162000e-06
  42  46     1  0.000000e+00  7.861726e-06
  42  47     1  0.000000e+00  5.084570e-05
  42  51     1  0.000000e+00  2.664624e-05
  42  52     1  0.000000e+00  1.146996e-05
  42  53     1  0.000000e+00  5.162000e-06
  43  44     1  0.000000e+00  1.146996e-05
  43  45     1  0.000000e+00  5.162000e-06
  43  46     1  0.000000e+00  7.861726e-06
  43  49     1  0.000000e+00  5.084570e-05
  43  50     1  0.000000e+00  2.664624e-05
  43  51     1  0.000000e+00  2.664624e-05
  44  48     1  0.000000e+00  1.294982e-06
  44  49     1  0.000000e+00  2.188670e-05
  44  50     1  0.000000e+00  1.146996e-05
  44  51     1  0.000000e+00  1.146996e-05
  44  52     1  0.000000e+00  4.937284e-07
  44  53     1  0.000000e+00  2.222000e-06
  45  47     1  0.000000e+00  9.850000e-07
  45  48     1  0.000000e+00  5.828000e-06
  45  49     1  0.000000e+00  9.850000e-06
  45  50     1  0.000000e+00  5.162000e-06
  45  51     1  0.000000e+00  5.162000e-06
  45  52     1  0.000000e+00  2.222000e-06
  45  53     1  0.000000e+00  1.000000e-06
  46  49     1  0.000000e+00  1.500155e-06
  46  50     1  0.000000e+00  7.861726e-06
  46  51     1  0.000000e+00  7.861726e-06
  46  53     1  0.000000e+00  1.523000e-07
  46  54     1  0.000000e+00  2.319529e-07
  47  50     1  0.000000e+00  5.084570e-06
  47  51     1  0.000000e+00  5.084570e-06
  47  55     1  0.000000e+00  9.702250e-06
  47  57     1  0.000000e+00  1.208595e-05
  48  53     1  0.000000e+00  5.828000e-07
  48  54     1  0.000000e+00  8.876044e-07
  49  52     1  0.000000e+00  2.188670e-06
  49  53     1  0.000000e+00  9.850000e-06
   5   8     1  0.000000e+00  4.937284e-07
  50  52     1  0.000000e+00  1.146996e-05
  51  53     1  0.000000e+00  5.162000e-06
  52  56     1  0.000000e+00  1.294982e-06
  52  57     1  0.000000e+00  2.726394e-06
  52  58     1  0.000000e+00  4.937284e-07
  52  59     1  0.000000e+00  2.222000e-06
  53  55     1  0.000000e+00  9.850000e-07
  53  56     1  0.000000e+00  5.828000e-06
  53  57     1  0.000000e+00  1.227000e-06
  53  58     1  0.000000e+00  2.222000e-06
  53  59     1  0.000000e+00  1.000000e-06
  54  57     1  0.000000e+00  1.868721e-07
  54  59     1  0.000000e+00  1.523000e-07
  54  60     1  0.000000e+00  2.319529e-07
  54  63     1  0.000000e+00  8.067331e-06
  54  64     1  0.000000e+00  8.067331e-06
  55  61     1  0.000000e+00  9.702250e-06
  55  64     1  0.000000e+00  5.217545e-06
  56  59     1  0.000000e+00  5.828000e-07
  56  60     1  0.000000e+00  8.876044e-07
  57  58     1  0.000000e+00  2.726394e-07
  57  59     1  0.000000e+00  1.227000e-06
  58  62     1  0.000000e+00  1.176993e-06
  58  63     1  0.000000e+00  1.176993e-06
  58  65     1  0.000000e+00  4.937284e-07
  58  66     1  0.000000e+00  2.222000e-06
  59  61     1  0.000000e+00  9.850000e-07
  59  62     1  0.000000e+00  5.297000e-06
  59  63     1  0.000000e+00  5.297000e-06
  59  64     1  0.000000e+00  5.297000e-07
  59  65     1  0.000000e+00  2.222000e-06
  59  66     1  0.000000e+00  1.000000e-06
   6   7     1  0.000000e+00  4.937284e-07
  60  62     1  0.000000e+00  8.067331e-07
  60  63     1  0.000000e+00  8.067331e-07
  60  66     1  0.000000e+00  1.523000e-07
  60  67     1  0.000000e+00  2.319529e-07
  61  63     1  0.000000e+00  5.217545e-06
  61  64     1  0.000000e+00  5.217545e-06
  61  68     1  0.000000e+00  9.702250e-06
  61  71     1  0.000000e+00  2.188670e-05
  62  64     1  0.000000e+00  2.805821e-06
  62  66     1  0.000000e+00  5.297000e-07
  62  67     1  0.000000e+00  8.067331e-07
  63  65     1  0.000000e+00  1.176993e-06
  63  66     1  0.000000e+00  5.297000e-06
  63  67     1  0.000000e+00  8.067331e-06
  64  65     1  0.000000e+00  1.176993e-06
  64  66     1  0.000000e+00  5.297000e-06
  64  67     1  0.000000e+00  8.067331e-06
  65  69     1  0.000000e+00  1.294982e-06
  65  71     1  0.000000e+00  4.937284e-06
  65  73     1  0.000000e+00  4.937284e-06
  65  77     1  0.000000e+00  4.937284e-07
  65  78     1  0.000000e+00  2.222000e-06
  66  68     1  0.000000e+00  9.850000e-07
  66  69     1  0.000000e+00  5.828000e-06
  66  70     1  0.000000e+00  2.222000e-06
  66  71     1  0.000000e+00  2.222000e-06
  66  77     1  0.000000e+00  2.222000e-06
  66  78     1  0.000000e+00  1.000000e-06
  67  70     1  0.000000e+00  3.384106e-07
  67  71     1  0.000000e+00  3.384106e-06
  67  73     1  0.000000e+00  3.384106e-06
  67  75     1  0.000000e+00  3.384106e-06
  67  78     1  0.000000e+00  1.523000e-07
  67  79     1  0.000000e+00  2.319529e-07
  68  71     1  0.000000e+00  2.188670e-06
  68  72     1  0.000000e+00  2.188670e-06
  68  73     1  0.000000e+00  2.188670e-05
  68  75     1  0.000000e+00  2.188670e-05
  68  80     1  0.000000e+00  9.702250e-06
  68  81     1  0.000000e+00  5.740580e-05
  69  73     1  0.000000e+00  1.294982e-06
  69  74     1  0.000000e+00  1.294982e-06
  69  75     1  0.000000e+00  1.294982e-05
  69  76     1  0.000000e+00  7.150956e-06
  69  78     1  0.000000e+00  5.828000e-07
  69  79     1  0.000000e+00  8.876044e-07
  70  75     1  0.000000e+00  4.937284e-07
  70  76     1  0.000000e+00  2.726394e-06
  70  77     1  0.000000e+00  4.937284e-07
  70  78     1  0.000000e+00  2.222000e-06
  71  74     1  0.000000e+00  4.937284e-07
  71  76     1  0.000000e+00  2.726394e-07
  71  77     1  0.000000e+00  4.937284e-06
  71  78     1  0.000000e+00  2.222000e-06
  72  73     1  0.000000e+00  4.937284e-07
  72  76     1  0.000000e+00  2.726394e-07
  77  81     1  0.000000e+00  1.294982e-06
  77  82     1  0.000000e+00  2.726394e-06
  77  83     1  0.000000e+00  4.937284e-07
  77  84     1  0.000000e+00  1.913364e-06
  78  80     1  0.000000e+00  9.850000e-07
  78  81     1  0.000000e+00  5.828000e-06
  78  82     1  0.000000e+00  1.227000e-06
  78  83     1  0.000000e+00  2.222000e-06
  78  84     1  0.000000e+00  8.611000e-07
  79  82     1  0.000000e+00  1.868721e-07
  79  84     1  0.000000e+00  1.311455e-07
  79  85     1  0.000000e+00  1.311455e-07
  81  84     1  0.000000e+00  5.018491e-07
  81  85     1  0.000000e+00  5.018491e-07
  82  83     1  0.000000e+00  2.726394e-07
  82  84     1  0.000000e+00  1.056570e-06

[ exclusions ]
; ai  aj
   1  10
   1  12
   1  13
   1  14
   1  15
   1  16
   1   4
   1   5
   1   6
   1   7
   1   8
   1   9
  10  11
  10  12
  10  13
  10  16
  10   2
  10   5
  10   6
  11  15
  11  16
  11  18
  11  19
  11   4
  11   5
  12  14
  12  15
  12  16
  12  17
  12  18
  12  19
  12   3
  12   4
  12   5
  13  16
  13  17
  13  19
  13  20
  13   3
  14   2
  14  21
  15  19
  15   2
  15  20
  16  18
  16  19
  16   2
  16   9
  17  18
  17  19
  18  22
  18  26
  18  27
  19   2
  19  21
  19  22
  19  23
  19  24
  19  25
  19  26
  19  27
  19   3
   2   5
   2   6
   2   7
  20  23
  20  24
  20  27
  20  28
  21  25
  21  29
  21  32
  22  27
  22  28
  22  32
  23  26
  23  27
  24  25
  24  26
  24  27
  24  28
  24  29
  24  31
  24  32
  26  30
  26  31
  26  32
  27  29
  27  30
  27  31
  27  32
  28  32
  28  33
  29  34
   3   7
   3   8
  30  32
  30  33
  31  35
  31  36
  31  37
  32  34
  32  35
  32  36
  32  37
  33  37
  33  38
  33  43
  34  39
  34  41
  34  42
  34  43
  35  37
  35  38
  35  40
  35  41
  35  42
  35  43
  36  40
  36  41
  36  43
  36  44
  36  45
  37  39
  37  40
  37  41
  37  43
  37  44
  37  45
  38  41
  38  43
  38  45
  38  46
  38  49
  38  50
  38  51
  39  42
  39  43
  39  47
  39  49
  39  50
  39  51
  39  53
   4   9
  40  45
  40  46
  40  49
  40  50
  40  51
  41  44
  41  45
  41  46
  41  47
  41  49
  41  50
  41  51
  41  52
  41  53
  42  44
  42  45
  42  46
  42  47
  42  51
  42  52
  42  53
  43  44
  43  45
  43  46
  43  49
  43  50
  43  51
  44  48
  44  49
  44  50
  44  51
  44  52
  44  53
  45  47
  45  48
  45  49
  45  50
  45  51
  45  52
  45  53
  46  49
  46  50
  46  51
  46  53
  46  54
  47  50
  47  51
  47  55
  47  57
  48  53
  48  54
  49  52
  49  53
   5   8
  50  52
  51  53
  52  56
  52  57
  52  58
  52  59
  53  55
  53  56
  53  57
  53  58
  53  59
  54  57
  54  59
  54  60
  54  63
  54  64
  55  61
  55  64
  56  59
  56  60
  57  58
  57  59
  58  62
  58  63
  58  65
  58  66
  59  61
  59  62
  59  63
  59  64
  59  65
  59  66
   6   7
  60  62
  60  63
  60  66
  60  67
  61  63
  61  64
  61  68
  61  71
  62  64
  62  66
  62  67
  63  65
  63  66
  63  67
  64  65
  64  66
  64  67
  65  69
  65  71
  65  73
  65  77
  65  78
  66  68
  66  69
  66  70
  66  71
  66  77
  66  78
  67  70
  67  71
  67  73
  67  75
  67  78
  67  79
  68  71
  68  72
  68  73
  68  75
  68  80
  68  81
  69  73
  69  74
  69  75
  69  76
  69  78
  69  79
  70  75
  70  76
  70  77
  70  78
  71  74
  71  76
  71  77
  71  78
  72  73
  72  76
  77  81
  77  82
  77  83
  77  84
  78  80
  78  81
  78  82
  78  83
  78  84
  79  82
  79  84
  79  85
  81  84
  81  85
  82  83
  82  84