         0    0.909223    0.655857    0.898079    0.645507
        50    0.980094    0.966982    0.306572    0.944525
       100    0.754418     0.71092    0.481725    0.633109
       150    0.861128    0.832571    0.652293    0.603674
       200     0.78703    0.710484    0.758873    0.397688
       250    0.745577    0.620137    0.730578    0.439836
       300    0.923351    0.867086    0.908714    0.357152
       350    0.858026    0.750048     0.79386    0.528802
       400    0.922373    0.631364    0.881735    0.724891
       450     1.01362    0.170516     1.00855     1.00429
       500     0.94448    0.854928    0.756525    0.693435
       550    0.755323     0.56796    0.523954    0.737508
       600    0.779938    0.667649    0.545888    0.687647
       650    0.947366     0.91607    0.758713    0.616582
       700    0.811443    0.746354    0.625364    0.607251
       750    0.800178    0.643475    0.579147    0.728764
       800    0.741322    0.641557    0.566203    0.605753
       850    0.766378    0.486195    0.632742    0.733433
       900     0.91276    0.891172    0.801732    0.478852
       950    0.858307    0.820755    0.705155        0.55
      1000    0.960577    0.905905    0.465344    0.899003
      1050    0.795662    0.564368    0.738639    0.634079
      1100     0.82712    0.799459    0.776533    0.355129
      1150    0.645725    0.449405    0.608978    0.510983
      1200     1.04741    0.888013     1.01461    0.613295
      1250    0.911709    0.882173    0.709364    0.617253
      1300     1.03782    0.718994    0.778666     1.01533
      1350    0.842003    0.750523    0.537301    0.752305
      1400    0.958366    0.778018    0.618242    0.921625
      1450    0.898546    0.433555    0.797878    0.888927
      1500    0.854654    0.817495    0.475698    0.752516
      1550    0.855866    0.813821    0.335782    0.830637
      1600    0.928544    0.702247    0.710871    0.851997
      1650    0.905867    0.674032    0.895448    0.620518
      1700    0.708557    0.445273    0.683502    0.581946
      1750    0.703085    0.545152    0.658094    0.508309
      1800    0.707415     0.49747    0.551779    0.670026
      1850     0.83696    0.744799    0.803838     0.44735
      1900    0.896716    0.802594    0.741441    0.643668
      1950    0.963466    0.822768    0.884276    0.630589
      2000    0.993124    0.440081    0.902939    0.981641
      2050    0.928533    0.441205    0.829629    0.917278
      2100    0.950126    0.534022    0.827616    0.913975
      2150    0.849261    0.757445     0.46511    0.807736
      2200    0.782528    0.564262    0.620287    0.722186
      2250    0.879948    0.809455    0.856024    0.400775
      2300    0.908674    0.260974    0.899832    0.879529
      2350    0.995138    0.928609    0.914846    0.530414
      2400    0.816978     0.57432    0.681615    0.735164
      2450      1.0027    0.901808    0.990464    0.465345
      2500    0.850359    0.524167    0.703806    0.822268
      2550    0.668901     0.49496    0.623388    0.511135
      2600    0.926062    0.916686    0.895686    0.269469
      2650     0.97024     0.48838    0.958562     0.85169
      2700    0.986169    0.883658    0.865094     0.64484
      2750    0.896652    0.322314    0.862132    0.872245
      2800    0.765563    0.518168    0.738862     0.59813
      2850    0.765258    0.694988     0.41267    0.719676
      2900    0.661582    0.558098    0.487507    0.571178
      2950    0.950455    0.853605    0.904452    0.509957
      3000    0.856839    0.848968    0.600422    0.622167
      3050    0.933946    0.889056     0.85983    0.463446
      3100     1.00583    0.900333    0.675574    0.869712
      3150    0.862725    0.841424    0.626953    0.622515
      3200     1.01011    0.991398     0.46921    0.915204
      3250     0.99241    0.911312    0.833054    0.667298
      3300     0.90883    0.696669    0.844342     0.67356
      3350    0.850714    0.787257    0.376944    0.827992
      3400    0.625997    0.585324    0.477946    0.461205
      3450    0.682543    0.466721    0.597094    0.597813
      3500    0.973343    0.947255    0.942449    0.330596
      3550    0.817422    0.634515    0.703373    0.662581
      3600    0.865467    0.789007    0.500908    0.790332
      3650    0.995478    0.779517    0.882284    0.771933
      3700    0.952322    0.292728    0.940153    0.918835
      3750    0.921417    0.916619    0.536412    0.755043
      3800    0.985223     0.86436    0.501737    0.970809
      3850    0.898994    0.313505    0.894995    0.846805
      3900    0.671524    0.435667    0.627011    0.564747
      3950    0.889583     0.52442    0.834267     0.78211
      4000     0.86233    0.756995    0.575549    0.763498
      4050    0.747528    0.517278    0.687195     0.61464
      4100     1.00281    0.437947    0.971352    0.935911
      4150    0.915455    0.870107    0.599498    0.748084
      4200    0.944864    0.373644    0.919042    0.895147
      4250    0.972859    0.503045    0.858021    0.950608
      4300     0.86205    0.646424    0.768044     0.69174
      4350     1.03969     1.03755    0.839276    0.617279
