; Made using MAGROS.FF script by Emanuele Scalone at Camilloni Lab
; Distance cutoff: 5.5
; Residue cutoff: 2
; LJ_reduction: 0.15
; Protein: ABeta
; 2021-11-25 10:49:47.959862

[ pairs ]
; ai  aj  func           c6          c12
   1   4     1 0.000000e+00 5.076159e-07
   1   8     1 0.000000e+00 2.284500e-07
   1   9     1 0.000000e+00 6.958587e-07
 100  94     1 0.000000e+00 2.284500e-07
 101 104     1 0.000000e+00 5.076159e-07
 101 110     1 0.000000e+00 2.284500e-07
 101 111     1 0.000000e+00 6.958587e-07
 101  94     1 0.000000e+00 6.958587e-07
 101  96     1 0.000000e+00 2.250232e-06
 103 111     1 0.000000e+00 1.331407e-06
  11  14     1 0.000000e+00 1.179259e-06
 111 114     1 0.000000e+00 5.076159e-07
 111 120     1 0.000000e+00 2.284500e-07
 111 121     1 0.000000e+00 6.958587e-07
 113 121     1 0.000000e+00 1.331407e-06
 121 124     1 0.000000e+00 1.331407e-06
 121 129     1 0.000000e+00 2.284500e-07
 121 130     1 0.000000e+00 6.958587e-07
 123 130     1 0.000000e+00 1.331407e-06
  13   9     1 0.000000e+00 2.284500e-07
 130 133     1 0.000000e+00 1.331407e-06
 130 138     1 0.000000e+00 2.284500e-07
 130 139     1 0.000000e+00 6.958587e-07
 132 139     1 0.000000e+00 1.331407e-06
 139 142     1 0.000000e+00 2.250232e-06
 139 146     1 0.000000e+00 2.284500e-07
 139 147     1 0.000000e+00 6.958587e-07
  14  17     1 0.000000e+00 1.331407e-06
  14  22     1 0.000000e+00 2.284500e-07
  14  23     1 0.000000e+00 6.958587e-07
  14   9     1 0.000000e+00 6.958587e-07
 141 147     1 0.000000e+00 1.331407e-06
 147 150     1 0.000000e+00 1.179259e-06
 147 151     1 0.000000e+00 1.179259e-06
 147 153     1 0.000000e+00 2.284500e-07
 147 154     1 0.000000e+00 6.958587e-07
 149 154     1 0.000000e+00 2.250232e-06
 154 157     1 0.000000e+00 5.076159e-07
 154 164     1 0.000000e+00 2.284500e-07
 154 165     1 0.000000e+00 6.958587e-07
 156 165     1 0.000000e+00 1.331407e-06
  16  23     1 0.000000e+00 1.331407e-06
 165 168     1 0.000000e+00 5.076159e-07
 165 175     1 0.000000e+00 2.284500e-07
 165 176     1 0.000000e+00 6.958587e-07
 167 176     1 0.000000e+00 1.331407e-06
 176 180     1 0.000000e+00 2.284500e-07
 176 181     1 0.000000e+00 6.958587e-07
 178 181     1 0.000000e+00 1.179259e-06
 181 184     1 0.000000e+00 1.331407e-06
 181 189     1 0.000000e+00 2.284500e-07
 181 190     1 0.000000e+00 6.958587e-07
 183 190     1 0.000000e+00 1.331407e-06
 190 193     1 0.000000e+00 5.076159e-07
 190 197     1 0.000000e+00 2.284500e-07
 190 198     1 0.000000e+00 6.958587e-07
 192 198     1 0.000000e+00 1.331407e-06
 198 201     1 0.000000e+00 1.179259e-06
 198 202     1 0.000000e+00 1.179259e-06
 198 204     1 0.000000e+00 2.284500e-07
 198 205     1 0.000000e+00 6.958587e-07
 200 205     1 0.000000e+00 2.250232e-06
 205 208     1 0.000000e+00 2.284500e-07
 205 209     1 0.000000e+00 6.958587e-07
 209 212     1 0.000000e+00 2.803082e-07
 209 214     1 0.000000e+00 2.284500e-07
 209 215     1 0.000000e+00 6.958587e-07
 211 215     1 0.000000e+00 1.331407e-06
 215 218     1 0.000000e+00 5.076159e-07
 215 222     1 0.000000e+00 2.284500e-07
 215 223     1 0.000000e+00 6.958587e-07
 217 223     1 0.000000e+00 1.331407e-06
 223 226     1 0.000000e+00 1.331407e-06
 223 231     1 0.000000e+00 2.284500e-07
 223 232     1 0.000000e+00 6.958587e-07
 225 232     1 0.000000e+00 1.331407e-06
  23  26     1 0.000000e+00 5.076159e-07
  23  33     1 0.000000e+00 2.284500e-07
  23  34     1 0.000000e+00 6.958587e-07
 232 235     1 0.000000e+00 2.284500e-07
 232 236     1 0.000000e+00 6.958587e-07
 236 240     1 0.000000e+00 2.284500e-07
 236 241     1 0.000000e+00 6.958587e-07
 238 241     1 0.000000e+00 1.179259e-06
 241 244     1 0.000000e+00 1.331407e-06
 241 245     1 0.000000e+00 1.179259e-06
 241 248     1 0.000000e+00 2.284500e-07
 241 249     1 0.000000e+00 6.958587e-07
 243 249     1 0.000000e+00 2.250232e-06
 249 252     1 0.000000e+00 1.331407e-06
 249 253     1 0.000000e+00 1.179259e-06
 249 256     1 0.000000e+00 2.284500e-07
 249 257     1 0.000000e+00 6.958587e-07
  25  34     1 0.000000e+00 1.331407e-06
 251 257     1 0.000000e+00 2.250232e-06
 257 260     1 0.000000e+00 2.284500e-07
 257 261     1 0.000000e+00 6.958587e-07
 261 264     1 0.000000e+00 2.250232e-06
 261 268     1 0.000000e+00 2.284500e-07
 261 269     1 0.000000e+00 6.958587e-07
 263 269     1 0.000000e+00 1.331407e-06
 269 272     1 0.000000e+00 1.331407e-06
 269 276     1 0.000000e+00 2.284500e-07
 269 277     1 0.000000e+00 6.958587e-07
 271 277     1 0.000000e+00 1.331407e-06
 277 280     1 0.000000e+00 1.179259e-06
 277 281     1 0.000000e+00 1.179259e-06
 277 283     1 0.000000e+00 2.284500e-07
 277 284     1 0.000000e+00 6.958587e-07
 279 284     1 0.000000e+00 2.250232e-06
 284 287     1 0.000000e+00 2.284500e-07
 284 288     1 0.000000e+00 6.958587e-07
 288 291     1 0.000000e+00 2.284500e-07
 288 292     1 0.000000e+00 6.958587e-07
 292 295     1 0.000000e+00 1.179259e-06
 292 296     1 0.000000e+00 1.179259e-06
 292 298     1 0.000000e+00 2.284500e-07
 292 299     1 0.000000e+00 6.958587e-07
 294 299     1 0.000000e+00 2.250232e-06
 299 302     1 0.000000e+00 1.179259e-06
 299 303     1 0.000000e+00 1.179259e-06
 299 305     1 0.000000e+00 2.284500e-07
 299 306     1 0.000000e+00 6.958587e-07
   3   9     1 0.000000e+00 1.331407e-06
 301 306     1 0.000000e+00 2.250232e-06
 306 309     1 0.000000e+00 1.331407e-06
 306 310     1 0.000000e+00 1.179259e-06
 306 313     1 0.000000e+00 2.284500e-07
 306 314     1 0.000000e+00 6.958587e-07
 308 314     1 0.000000e+00 2.250232e-06
 314 318     1 0.000000e+00 1.967183e-07
 314 319     1 0.000000e+00 1.967183e-07
  34  37     1 0.000000e+00 1.331407e-06
  34  44     1 0.000000e+00 2.284500e-07
  34  45     1 0.000000e+00 6.958587e-07
  36  45     1 0.000000e+00 1.331407e-06
  45  48     1 0.000000e+00 5.076159e-07
  45  54     1 0.000000e+00 2.284500e-07
  45  55     1 0.000000e+00 6.958587e-07
  47  55     1 0.000000e+00 1.331407e-06
  55  58     1 0.000000e+00 5.076159e-07
  55  62     1 0.000000e+00 2.284500e-07
  55  63     1 0.000000e+00 6.958587e-07
  57  63     1 0.000000e+00 1.331407e-06
  63  66     1 0.000000e+00 2.803082e-07
  63  68     1 0.000000e+00 2.284500e-07
  63  69     1 0.000000e+00 6.958587e-07
  65  69     1 0.000000e+00 1.331407e-06
  69  72     1 0.000000e+00 2.284500e-07
  69  73     1 0.000000e+00 6.958587e-07
  73  76     1 0.000000e+00 5.076159e-07
  73  84     1 0.000000e+00 2.284500e-07
  73  85     1 0.000000e+00 6.958587e-07
  75  85     1 0.000000e+00 1.331407e-06
  85  88     1 0.000000e+00 1.331407e-06
  85  93     1 0.000000e+00 2.284500e-07
  85  94     1 0.000000e+00 6.958587e-07
  87  94     1 0.000000e+00 1.331407e-06
  94  97     1 0.000000e+00 1.179259e-06
  94  98     1 0.000000e+00 1.179259e-06
   8  11     1 6.994887e-03 5.162000e-06
  13  16     1 6.165203e-03 5.828000e-06
  22  25     1 6.165203e-03 5.828000e-06
  33  36     1 6.165203e-03 5.828000e-06
  44  47     1 6.165203e-03 5.828000e-06
  54  57     1 6.165203e-03 5.828000e-06
  62  65     1 6.165203e-03 5.828000e-06
  72  75     1 6.165203e-03 5.828000e-06
  84  87     1 6.165203e-03 5.828000e-06
  93  96     1 5.557386e-03 9.850000e-06
 100 103     1 6.165203e-03 5.828000e-06
 110 113     1 6.165203e-03 5.828000e-06
 120 123     1 6.165203e-03 5.828000e-06
 129 132     1 6.165203e-03 5.828000e-06
 138 141     1 6.165203e-03 5.828000e-06
 146 149     1 5.557386e-03 9.850000e-06
 153 156     1 6.165203e-03 5.828000e-06
 164 167     1 6.165203e-03 5.828000e-06
 175 178     1 6.994887e-03 5.162000e-06
 180 183     1 6.165203e-03 5.828000e-06
 189 192     1 6.165203e-03 5.828000e-06
 197 200     1 5.557386e-03 9.850000e-06
 208 211     1 6.165203e-03 5.828000e-06
 214 217     1 6.165203e-03 5.828000e-06
 222 225     1 6.165203e-03 5.828000e-06
 235 238     1 6.994887e-03 5.162000e-06
 240 243     1 5.557386e-03 9.850000e-06
 248 251     1 5.557386e-03 9.850000e-06
 260 263     1 6.165203e-03 5.828000e-06
 268 271     1 6.165203e-03 5.828000e-06
 276 279     1 5.557386e-03 9.850000e-06
 291 294     1 5.557386e-03 9.850000e-06
 298 301     1 5.557386e-03 9.850000e-06
 305 308     1 5.557386e-03 9.850000e-06
 313 316     1 6.994887e-03 5.162000e-06

[ exclusions ]
; ai  aj
   1   4
   1   8
   1   9
 100  94
 101 104
 101 110
 101 111
 101  94
 101  96
 103 111
  11  14
 111 114
 111 120
 111 121
 113 121
 121 124
 121 129
 121 130
 123 130
  13   9
 130 133
 130 138
 130 139
 132 139
 139 142
 139 146
 139 147
  14  17
  14  22
  14  23
  14   9
 141 147
 147 150
 147 151
 147 153
 147 154
 149 154
 154 157
 154 164
 154 165
 156 165
  16  23
 165 168
 165 175
 165 176
 167 176
 176 180
 176 181
 178 181
 181 184
 181 189
 181 190
 183 190
 190 193
 190 197
 190 198
 192 198
 198 201
 198 202
 198 204
 198 205
 200 205
 205 208
 205 209
 209 212
 209 214
 209 215
 211 215
 215 218
 215 222
 215 223
 217 223
 223 226
 223 231
 223 232
 225 232
  23  26
  23  33
  23  34
 232 235
 232 236
 236 240
 236 241
 238 241
 241 244
 241 245
 241 248
 241 249
 243 249
 249 252
 249 253
 249 256
 249 257
  25  34
 251 257
 257 260
 257 261
 261 264
 261 268
 261 269
 263 269
 269 272
 269 276
 269 277
 271 277
 277 280
 277 281
 277 283
 277 284
 279 284
 284 287
 284 288
 288 291
 288 292
 292 295
 292 296
 292 298
 292 299
 294 299
 299 302
 299 303
 299 305
 299 306
   3   9
 301 306
 306 309
 306 310
 306 313
 306 314
 308 314
 314 318
 314 319
  34  37
  34  44
  34  45
  36  45
  45  48
  45  54
  45  55
  47  55
  55  58
  55  62
  55  63
  57  63
  63  66
  63  68
  63  69
  65  69
  69  72
  69  73
  73  76
  73  84
  73  85
  75  85
  85  88
  85  93
  85  94
  87  94
  94  97
  94  98
   8  11
  13  16
  22  25
  33  36
  44  47
  54  57
  62  65
  72  75
  84  87
  93  96
 100 103
 110 113
 120 123
 129 132
 138 141
 146 149
 153 156
 164 167
 175 178
 180 183
 189 192
 197 200
 208 211
 214 217
 222 225
 235 238
 240 243
 248 251
 260 263
 268 271
 276 279
 291 294
 298 301
 305 308
 313 316