; Made using MAGROS.FF script by Emanuele Scalone at Camilloni Lab
; Distance cutoff: 5.5
; Residue cutoff: 3
; 2021-05-17 18:16:32.597974

[ pairs ]
; ai   aj  func            c6           c12
  90   99     1  0.000000e+00  3.412140e-05
  95  104     1  0.000000e+00  5.740580e-05
  95  106     1  0.000000e+00  2.188670e-05
  95  111     1  0.000000e+00  2.188670e-05
  95  112     1  0.000000e+00  9.850000e-06
 103   96     1  0.000000e+00  5.740580e-05
 114  127     1  0.000000e+00  9.850000e-06
 145  141     1  0.000000e+00  5.404949e-05
 145  157     1  0.000000e+00  9.850000e-06
 151  171     1  0.000000e+00  2.188670e-05
 151  164     1  0.000000e+00  2.188670e-05
 151  147     1  0.000000e+00  5.404949e-05
 151  165     1  0.000000e+00  9.850000e-06
 159  168     1  0.000000e+00  5.740580e-05
 159  149     1  0.000000e+00  9.850000e-06
 167  182     1  0.000000e+00  9.702250e-05
 167  183     1  0.000000e+00  5.084570e-05
 167  181     1  0.000000e+00  6.708855e-05
 178  161     1  0.000000e+00  1.294982e-05
 178  163     1  0.000000e+00  2.018878e-05
 178  166     1  0.000000e+00  3.969463e-05
 178  185     1  0.000000e+00  5.828000e-06
 182  168     1  0.000000e+00  5.740580e-05
 182  170     1  0.000000e+00  2.188670e-05
 182  175     1  0.000000e+00  2.188670e-05
 182  176     1  0.000000e+00  9.850000e-06
 187  180     1  0.000000e+00  9.850000e-06
 195  207     1  0.000000e+00  9.850000e-06
 203  193     1  0.000000e+00  9.850000e-06
 209  217     1  0.000000e+00  5.404949e-05
 209  201     1  0.000000e+00  9.850000e-06
 215  210     1  0.000000e+00  5.740580e-05
 215  225     1  0.000000e+00  9.850000e-06
 222  218     1  0.000000e+00  5.084570e-05
 222  235     1  0.000000e+00  9.850000e-06
 230  223     1  0.000000e+00  5.740580e-05
 237  232     1  0.000000e+00  3.008414e-05
 237  245     1  0.000000e+00  5.828000e-06
 241  249     1  0.000000e+00  2.188670e-05
 241  251     1  0.000000e+00  3.412140e-05
 241  235     1  0.000000e+00  9.850000e-06
 247  242     1  0.000000e+00  5.740580e-05
 247  239     1  0.000000e+00  9.850000e-06
 247  260     1  0.000000e+00  9.850000e-06
 255  265     1  0.000000e+00  2.188670e-05
 262  267     1  0.000000e+00  2.188670e-05
  96  104     1  0.000000e+00  3.396558e-05
  96  111     1  0.000000e+00  1.294982e-05
  96   93     1  0.000000e+00  5.828000e-06
  96  112     1  0.000000e+00  5.828000e-06
 104  110     1  0.000000e+00  1.294982e-05
 104   94     1  0.000000e+00  3.969463e-05
 104  101     1  0.000000e+00  5.828000e-06
 115  112     1  0.000000e+00  5.828000e-06
 123  120     1  0.000000e+00  9.850000e-06
 130  127     1  0.000000e+00  5.828000e-06
 140  137     1  0.000000e+00  5.828000e-06
 146  154     1  0.000000e+00  5.828000e-06
 146  143     1  0.000000e+00  5.828000e-06
 152  171     1  0.000000e+00  1.294982e-05
 152  173     1  0.000000e+00  1.294982e-05
 152  147     1  0.000000e+00  3.197974e-05
 152  149     1  0.000000e+00  5.828000e-06
 160  177     1  0.000000e+00  3.969463e-05
 160  157     1  0.000000e+00  5.828000e-06
 160  180     1  0.000000e+00  5.828000e-06
 168  183     1  0.000000e+00  3.008414e-05
 168  174     1  0.000000e+00  1.294982e-05
 168  158     1  0.000000e+00  3.969463e-05
 168  181     1  0.000000e+00  3.969463e-05
 168  165     1  0.000000e+00  5.828000e-06
 183  170     1  0.000000e+00  1.146996e-05
 183  172     1  0.000000e+00  1.146996e-05
 183  169     1  0.000000e+00  1.146996e-05
 183  175     1  0.000000e+00  1.146996e-05
 183  177     1  0.000000e+00  3.515849e-05
 183  176     1  0.000000e+00  5.162000e-06
 183  180     1  0.000000e+00  5.162000e-06
 188  185     1  0.000000e+00  9.850000e-06
 196  193     1  0.000000e+00  5.828000e-06
 204  193     1  0.000000e+00  5.828000e-06
 204  201     1  0.000000e+00  5.828000e-06
 210  199     1  0.000000e+00  3.008414e-05
 210  201     1  0.000000e+00  5.828000e-06
 210  207     1  0.000000e+00  5.828000e-06
 216  213     1  0.000000e+00  9.850000e-06
 223  234     1  0.000000e+00  1.294982e-05
 223  220     1  0.000000e+00  5.828000e-06
 223  235     1  0.000000e+00  5.828000e-06
 231  228     1  0.000000e+00  9.850000e-06
 242  239     1  0.000000e+00  5.828000e-06
 248  239     1  0.000000e+00  5.828000e-06
 248  245     1  0.000000e+00  5.828000e-06
 248  260     1  0.000000e+00  5.828000e-06
 256  253     1  0.000000e+00  9.850000e-06
 263  260     1  0.000000e+00  5.828000e-06
 106  100     1  0.000000e+00  4.937284e-06
 106   94     1  0.000000e+00  1.513409e-05
 106   93     1  0.000000e+00  2.222000e-06
 106  101     1  0.000000e+00  2.222000e-06
 106  112     1  0.000000e+00  2.222000e-06
 117  119     1  0.000000e+00  1.146996e-05
 117  120     1  0.000000e+00  5.162000e-06
 170  176     1  0.000000e+00  2.222000e-06
 265  259     1  0.000000e+00  4.937284e-06
 265  271     1  0.000000e+00  4.937284e-06
 265  254     1  0.000000e+00  1.513409e-05
 265  261     1  0.000000e+00  1.513409e-05
 265  260     1  0.000000e+00  2.222000e-06
 107  101     1  0.000000e+00  2.222000e-06
 118  119     1  0.000000e+00  1.146996e-05
 118  121     1  0.000000e+00  3.515849e-05
 118  120     1  0.000000e+00  5.162000e-06
 118  127     1  0.000000e+00  5.162000e-06
 133  136     1  0.000000e+00  4.937284e-06
 133  138     1  0.000000e+00  1.513409e-05
 133  137     1  0.000000e+00  2.222000e-06
 171  156     1  0.000000e+00  4.937284e-06
 171  158     1  0.000000e+00  1.513409e-05
 171  166     1  0.000000e+00  1.513409e-05
 199  200     1  0.000000e+00  1.146996e-05
 199  211     1  0.000000e+00  2.832523e-05
 199  201     1  0.000000e+00  5.162000e-06
 266  261     1  0.000000e+00  1.513409e-05
 266  260     1  0.000000e+00  2.222000e-06
 108   93     1  0.000000e+00  2.222000e-06
 108  101     1  0.000000e+00  2.222000e-06
 134  137     1  0.000000e+00  2.222000e-06
 267  259     1  0.000000e+00  4.937284e-06
 267  251     1  0.000000e+00  7.697234e-06
 267  254     1  0.000000e+00  1.513409e-05
 267  260     1  0.000000e+00  2.222000e-06
 124  128     1  0.000000e+00  3.515849e-05
 124  120     1  0.000000e+00  5.162000e-06
 124  127     1  0.000000e+00  5.162000e-06
 189  180     1  0.000000e+00  5.828000e-06
 189  185     1  0.000000e+00  5.828000e-06
 189  193     1  0.000000e+00  5.828000e-06
 232  236     1  0.000000e+00  3.515849e-05
 232  235     1  0.000000e+00  5.162000e-06
 125  120     1  0.000000e+00  5.162000e-06
 125  127     1  0.000000e+00  5.162000e-06
 190  193     1  0.000000e+00  5.162000e-06
 218  221     1  0.000000e+00  3.515849e-05
 218  220     1  0.000000e+00  5.162000e-06
 233  228     1  0.000000e+00  5.162000e-06
 258  261     1  0.000000e+00  3.515849e-05
 258  253     1  0.000000e+00  5.162000e-06
 258  260     1  0.000000e+00  5.162000e-06
  97   92     1  0.000000e+00  4.937284e-06
  97  102     1  0.000000e+00  1.513409e-05
  97   93     1  0.000000e+00  2.222000e-06
 105  100     1  0.000000e+00  4.937284e-06
 105   94     1  0.000000e+00  1.513409e-05
 105  101     1  0.000000e+00  2.222000e-06
 105  112     1  0.000000e+00  2.222000e-06
 116  121     1  0.000000e+00  6.708855e-05
 116  120     1  0.000000e+00  9.850000e-06
 131  127     1  0.000000e+00  2.222000e-06
 131  137     1  0.000000e+00  2.222000e-06
 153  148     1  0.000000e+00  4.937284e-06
 153  147     1  0.000000e+00  1.219269e-05
 153  149     1  0.000000e+00  2.222000e-06
 153  157     1  0.000000e+00  2.222000e-06
 161  179     1  0.000000e+00  4.937284e-06
 161  177     1  0.000000e+00  1.513409e-05
 161  165     1  0.000000e+00  2.222000e-06
 161  180     1  0.000000e+00  2.222000e-06
 169  165     1  0.000000e+00  2.222000e-06
 197  201     1  0.000000e+00  9.850000e-06
 224  219     1  0.000000e+00  4.937284e-06
 224  220     1  0.000000e+00  2.222000e-06
 224  228     1  0.000000e+00  2.222000e-06
 249  238     1  0.000000e+00  4.937284e-06
 249  244     1  0.000000e+00  4.937284e-06
 249  239     1  0.000000e+00  2.222000e-06
 249  245     1  0.000000e+00  2.222000e-06
 264  259     1  0.000000e+00  4.937284e-06
 264  260     1  0.000000e+00  2.222000e-06
 269  260     1  0.000000e+00  2.222000e-06
  92   99     1  0.000000e+00  7.697234e-06
  92   98     1  0.000000e+00  2.222000e-06
  92  101     1  0.000000e+00  2.222000e-06
 100   99     1  0.000000e+00  7.697234e-06
 100  113     1  0.000000e+00  1.513409e-05
 100   93     1  0.000000e+00  2.222000e-06
 100  112     1  0.000000e+00  2.222000e-06
 111  101     1  0.000000e+00  2.222000e-06
 111  120     1  0.000000e+00  2.222000e-06
 119  112     1  0.000000e+00  2.222000e-06
 119  127     1  0.000000e+00  2.222000e-06
 126  120     1  0.000000e+00  2.222000e-06
 126  137     1  0.000000e+00  2.222000e-06
 136  135     1  0.000000e+00  4.090702e-06
 136  127     1  0.000000e+00  2.222000e-06
 136  143     1  0.000000e+00  2.222000e-06
 142  147     1  0.000000e+00  1.219269e-05
 142  137     1  0.000000e+00  2.222000e-06
 142  149     1  0.000000e+00  2.222000e-06
 148  155     1  0.000000e+00  7.697234e-06
 148  158     1  0.000000e+00  1.513409e-05
 148  154     1  0.000000e+00  2.222000e-06
 148  141     1  0.000000e+00  1.219269e-05
 148  143     1  0.000000e+00  2.222000e-06
 148  157     1  0.000000e+00  2.222000e-06
 156  154     1  0.000000e+00  2.222000e-06
 156  149     1  0.000000e+00  2.222000e-06
 156  165     1  0.000000e+00  2.222000e-06
 164  163     1  0.000000e+00  7.697234e-06
 164  177     1  0.000000e+00  1.513409e-05
 164  162     1  0.000000e+00  2.222000e-06
 164  157     1  0.000000e+00  2.222000e-06
 175  181     1  0.000000e+00  1.513409e-05
 175  165     1  0.000000e+00  2.222000e-06
 179  163     1  0.000000e+00  7.697234e-06
 179  176     1  0.000000e+00  2.222000e-06
 179  185     1  0.000000e+00  2.222000e-06
 184  194     1  0.000000e+00  1.513409e-05
 184  176     1  0.000000e+00  2.222000e-06
 184  180     1  0.000000e+00  2.222000e-06
 184  193     1  0.000000e+00  2.222000e-06
 192  202     1  0.000000e+00  1.513409e-05
 192  185     1  0.000000e+00  2.222000e-06
 192  201     1  0.000000e+00  2.222000e-06
 200  193     1  0.000000e+00  2.222000e-06
 200  207     1  0.000000e+00  2.222000e-06
 206  211     1  0.000000e+00  1.219269e-05
 206  201     1  0.000000e+00  2.222000e-06
 206  213     1  0.000000e+00  2.222000e-06
 212  217     1  0.000000e+00  1.219269e-05
 212  207     1  0.000000e+00  2.222000e-06
 212  220     1  0.000000e+00  2.222000e-06
 219  225     1  0.000000e+00  2.222000e-06
 219  213     1  0.000000e+00  2.222000e-06
 219  228     1  0.000000e+00  2.222000e-06
 227  236     1  0.000000e+00  1.513409e-05
 227  225     1  0.000000e+00  2.222000e-06
 227  220     1  0.000000e+00  2.222000e-06
 227  235     1  0.000000e+00  2.222000e-06
 234  240     1  0.000000e+00  1.513409e-05
 234  228     1  0.000000e+00  2.222000e-06
 234  239     1  0.000000e+00  2.222000e-06
 234  245     1  0.000000e+00  2.222000e-06
 238  251     1  0.000000e+00  7.697234e-06
 238  243     1  0.000000e+00  1.219269e-05
 238  235     1  0.000000e+00  2.222000e-06
 238  245     1  0.000000e+00  2.222000e-06
 244  251     1  0.000000e+00  7.697234e-06
 244  250     1  0.000000e+00  2.222000e-06
 244  235     1  0.000000e+00  2.222000e-06
 244  239     1  0.000000e+00  2.222000e-06
 252  251     1  0.000000e+00  7.697234e-06
 252  257     1  0.000000e+00  1.219269e-05
 252  260     1  0.000000e+00  2.222000e-06
 259  253     1  0.000000e+00  2.222000e-06
 271  260     1  0.000000e+00  2.222000e-06
 132  137     1  0.000000e+00  1.841000e-06
  99   89     1  0.000000e+00  2.359407e-05
  99   94     1  0.000000e+00  2.359407e-05
  99  102     1  0.000000e+00  2.359407e-05
  99   93     1  0.000000e+00  3.464102e-06
 155  150     1  0.000000e+00  2.359407e-05
 155  149     1  0.000000e+00  3.464102e-06
 163  177     1  0.000000e+00  2.359407e-05
 163  165     1  0.000000e+00  3.464102e-06
 163  180     1  0.000000e+00  3.464102e-06
 226  220     1  0.000000e+00  3.464102e-06
 226  228     1  0.000000e+00  3.464102e-06
 251  240     1  0.000000e+00  2.359407e-05
 251  246     1  0.000000e+00  2.359407e-05
 251  270     1  0.000000e+00  1.900842e-05
 251  239     1  0.000000e+00  3.464102e-06
 251  245     1  0.000000e+00  3.464102e-06
 135  137     1  0.000000e+00  1.841000e-06
  94   98     1  0.000000e+00  6.811020e-06
 102   93     1  0.000000e+00  6.811020e-06
 113  101     1  0.000000e+00  6.811020e-06
 128  120     1  0.000000e+00  6.811020e-06
 138  127     1  0.000000e+00  6.811020e-06
 144  141     1  0.000000e+00  3.737383e-05
 144  137     1  0.000000e+00  6.811020e-06
 150  154     1  0.000000e+00  6.811020e-06
 150  147     1  0.000000e+00  3.737383e-05
 150  143     1  0.000000e+00  6.811020e-06
 158  162     1  0.000000e+00  6.811020e-06
 158  149     1  0.000000e+00  6.811020e-06
 166  162     1  0.000000e+00  6.811020e-06
 166  157     1  0.000000e+00  6.811020e-06
 177  162     1  0.000000e+00  6.811020e-06
 177  165     1  0.000000e+00  6.811020e-06
 177  185     1  0.000000e+00  6.811020e-06
 181  176     1  0.000000e+00  6.811020e-06
 186  180     1  0.000000e+00  6.811020e-06
 194  185     1  0.000000e+00  6.811020e-06
 202  193     1  0.000000e+00  6.811020e-06
 208  201     1  0.000000e+00  6.811020e-06
 214  225     1  0.000000e+00  6.811020e-06
 214  211     1  0.000000e+00  3.737383e-05
 221  225     1  0.000000e+00  6.811020e-06
 229  225     1  0.000000e+00  6.811020e-06
 236  228     1  0.000000e+00  6.811020e-06
 236  245     1  0.000000e+00  6.811020e-06
 240  235     1  0.000000e+00  6.811020e-06
 246  243     1  0.000000e+00  3.737383e-05
 246  239     1  0.000000e+00  6.811020e-06
  98   93     1  0.000000e+00  1.000000e-06
 154  147     1  0.000000e+00  5.487258e-06
 154  149     1  0.000000e+00  1.000000e-06
 154  157     1  0.000000e+00  1.000000e-06
 162  165     1  0.000000e+00  1.000000e-06
 162  180     1  0.000000e+00  1.000000e-06
 225  220     1  0.000000e+00  1.000000e-06
 225  228     1  0.000000e+00  1.000000e-06
 250  239     1  0.000000e+00  1.000000e-06
 250  245     1  0.000000e+00  1.000000e-06
 217  213     1  0.000000e+00  5.487258e-06
 217  220     1  0.000000e+00  5.487258e-06
 257  253     1  0.000000e+00  5.487258e-06
 257  260     1  0.000000e+00  5.487258e-06
 141  143     1  0.000000e+00  5.487258e-06
 141  149     1  0.000000e+00  5.487258e-06
 141  157     1  0.000000e+00  5.487258e-06
 147  143     1  0.000000e+00  5.487258e-06
 147  149     1  0.000000e+00  5.487258e-06
 205  207     1  0.000000e+00  5.487258e-06
 211  207     1  0.000000e+00  5.487258e-06
 211  213     1  0.000000e+00  5.487258e-06
 243  239     1  0.000000e+00  5.487258e-06
 243  245     1  0.000000e+00  5.487258e-06
  93  101     1  0.000000e+00  1.000000e-06
 101  112     1  0.000000e+00  1.000000e-06
 112  120     1  0.000000e+00  1.000000e-06
 120  127     1  0.000000e+00  1.000000e-06
 127  137     1  0.000000e+00  1.000000e-06
 137  143     1  0.000000e+00  1.000000e-06
 149  157     1  0.000000e+00  1.000000e-06
 157  165     1  0.000000e+00  1.000000e-06
 165  176     1  0.000000e+00  1.000000e-06
 165  180     1  0.000000e+00  1.000000e-06
 176  180     1  0.000000e+00  1.000000e-06
 176  185     1  0.000000e+00  1.000000e-06
 180  185     1  0.000000e+00  1.000000e-06
 185  193     1  0.000000e+00  1.000000e-06
 193  201     1  0.000000e+00  1.000000e-06
 201  207     1  0.000000e+00  1.000000e-06
 207  213     1  0.000000e+00  1.000000e-06
 213  220     1  0.000000e+00  1.000000e-06
 220  228     1  0.000000e+00  1.000000e-06
 235  239     1  0.000000e+00  1.000000e-06
 235  245     1  0.000000e+00  1.000000e-06
 239  245     1  0.000000e+00  1.000000e-06
 253  260     1  0.000000e+00  1.000000e-06

[ exclusions ]
; ai   aj
  90   99
  95  104
  95  106
  95  111
  95  112
 103   96
 114  127
 145  141
 145  157
 151  171
 151  164
 151  147
 151  165
 159  168
 159  149
 167  182
 167  183
 167  181
 178  161
 178  163
 178  166
 178  185
 182  168
 182  170
 182  175
 182  176
 187  180
 195  207
 203  193
 209  217
 209  201
 215  210
 215  225
 222  218
 222  235
 230  223
 237  232
 237  245
 241  249
 241  251
 241  235
 247  242
 247  239
 247  260
 255  265
 262  267
  96  104
  96  111
  96   93
  96  112
 104  110
 104   94
 104  101
 115  112
 123  120
 130  127
 140  137
 146  154
 146  143
 152  171
 152  173
 152  147
 152  149
 160  177
 160  157
 160  180
 168  183
 168  174
 168  158
 168  181
 168  165
 183  170
 183  172
 183  169
 183  175
 183  177
 183  176
 183  180
 188  185
 196  193
 204  193
 204  201
 210  199
 210  201
 210  207
 216  213
 223  234
 223  220
 223  235
 231  228
 242  239
 248  239
 248  245
 248  260
 256  253
 263  260
 106  100
 106   94
 106   93
 106  101
 106  112
 117  119
 117  120
 170  176
 265  259
 265  271
 265  254
 265  261
 265  260
 107  101
 118  119
 118  121
 118  120
 118  127
 133  136
 133  138
 133  137
 171  156
 171  158
 171  166
 199  200
 199  211
 199  201
 266  261
 266  260
 108   93
 108  101
 134  137
 267  259
 267  251
 267  254
 267  260
 124  128
 124  120
 124  127
 189  180
 189  185
 189  193
 232  236
 232  235
 125  120
 125  127
 190  193
 218  221
 218  220
 233  228
 258  261
 258  253
 258  260
  97   92
  97  102
  97   93
 105  100
 105   94
 105  101
 105  112
 116  121
 116  120
 131  127
 131  137
 153  148
 153  147
 153  149
 153  157
 161  179
 161  177
 161  165
 161  180
 169  165
 197  201
 224  219
 224  220
 224  228
 249  238
 249  244
 249  239
 249  245
 264  259
 264  260
 269  260
  92   99
  92   98
  92  101
 100   99
 100  113
 100   93
 100  112
 111  101
 111  120
 119  112
 119  127
 126  120
 126  137
 136  135
 136  127
 136  143
 142  147
 142  137
 142  149
 148  155
 148  158
 148  154
 148  141
 148  143
 148  157
 156  154
 156  149
 156  165
 164  163
 164  177
 164  162
 164  157
 175  181
 175  165
 179  163
 179  176
 179  185
 184  194
 184  176
 184  180
 184  193
 192  202
 192  185
 192  201
 200  193
 200  207
 206  211
 206  201
 206  213
 212  217
 212  207
 212  220
 219  225
 219  213
 219  228
 227  236
 227  225
 227  220
 227  235
 234  240
 234  228
 234  239
 234  245
 238  251
 238  243
 238  235
 238  245
 244  251
 244  250
 244  235
 244  239
 252  251
 252  257
 252  260
 259  253
 271  260
 132  137
  99   89
  99   94
  99  102
  99   93
 155  150
 155  149
 163  177
 163  165
 163  180
 226  220
 226  228
 251  240
 251  246
 251  270
 251  239
 251  245
 135  137
  94   98
 102   93
 113  101
 128  120
 138  127
 144  141
 144  137
 150  154
 150  147
 150  143
 158  162
 158  149
 166  162
 166  157
 177  162
 177  165
 177  185
 181  176
 186  180
 194  185
 202  193
 208  201
 214  225
 214  211
 221  225
 229  225
 236  228
 236  245
 240  235
 246  243
 246  239
  98   93
 154  147
 154  149
 154  157
 162  165
 162  180
 225  220
 225  228
 250  239
 250  245
 217  213
 217  220
 257  253
 257  260
 141  143
 141  149
 141  157
 147  143
 147  149
 205  207
 211  207
 211  213
 243  239
 243  245
  93  101
 101  112
 112  120
 120  127
 127  137
 137  143
 149  157
 157  165
 165  176
 165  180
 176  180
 176  185
 180  185
 185  193
 193  201
 201  207
 207  213
 213  220
 220  228
 235  239
 235  245
 239  245
 253  260