; Made using MAGROS.FF script by Emanuele Scalone at Camilloni Lab
; Distance cutoff: 5.5
; Residue cutoff: 2
; LJ_reduction: 0.1
; Protein: Amylin
; 2021-06-10 10:58:24.485045

[ pairs ]
; ai   aj  func            c6           c12
   1   10     1  0.000000e+00  2.319529e-07
   1    4     1  0.000000e+00  8.876044e-07
   1    9     1  0.000000e+00  1.523000e-07
  10   13     1  0.000000e+00  5.507168e-07
  10   15     1  0.000000e+00  1.523000e-07
  10   16     1  0.000000e+00  2.319529e-07
  10    3     1  0.000000e+00  8.876044e-07
 100  104     1  0.000000e+00  1.294982e-06
 100  105     1  0.000000e+00  4.937284e-06
 100  106     1  0.000000e+00  4.937284e-06
 100  111     1  0.000000e+00  4.937284e-07
 100  112     1  0.000000e+00  2.222000e-06
 100   92     1  0.000000e+00  4.937284e-07
 100   93     1  0.000000e+00  2.222000e-06
 100   97     1  0.000000e+00  4.937284e-07
 100   99     1  0.000000e+00  4.999500e-06
 101  103     1  0.000000e+00  9.850000e-07
 101  104     1  0.000000e+00  5.828000e-06
 101  105     1  0.000000e+00  2.222000e-06
 101  106     1  0.000000e+00  2.222000e-06
 101  107     1  0.000000e+00  2.222000e-06
 101  108     1  0.000000e+00  2.222000e-06
 101  111     1  0.000000e+00  2.222000e-06
 101  112     1  0.000000e+00  1.000000e-06
 101   92     1  0.000000e+00  2.222000e-06
 101   93     1  0.000000e+00  1.000000e-06
 101   94     1  0.000000e+00  1.523000e-07
 101   96     1  0.000000e+00  5.828000e-07
 102  105     1  0.000000e+00  3.384106e-07
 102  112     1  0.000000e+00  1.523000e-07
 102  113     1  0.000000e+00  2.319529e-07
 102   94     1  0.000000e+00  2.319529e-07
 102   96     1  0.000000e+00  8.876044e-07
 102   97     1  0.000000e+00  3.384106e-06
 102   99     1  0.000000e+00  3.426750e-06
 103  106     1  0.000000e+00  2.188670e-06
 103  107     1  0.000000e+00  2.188670e-06
 103  114     1  0.000000e+00  9.702250e-06
 103   95     1  0.000000e+00  9.702250e-06
 103   96     1  0.000000e+00  5.740580e-05
 104  108     1  0.000000e+00  1.294982e-06
 104  109     1  0.000000e+00  1.294982e-06
 104  110     1  0.000000e+00  1.294982e-05
 104  112     1  0.000000e+00  5.828000e-07
 104  113     1  0.000000e+00  8.876044e-07
 104   94     1  0.000000e+00  8.876044e-06
 104   95     1  0.000000e+00  5.740580e-05
 104   96     1  0.000000e+00  3.396558e-05
 105  110     1  0.000000e+00  4.937284e-07
 105  111     1  0.000000e+00  4.937284e-07
 105  112     1  0.000000e+00  2.222000e-06
 105   94     1  0.000000e+00  3.384106e-06
 106  109     1  0.000000e+00  4.937284e-07
 106  112     1  0.000000e+00  2.222000e-06
 106   94     1  0.000000e+00  3.384106e-06
 106   95     1  0.000000e+00  2.188670e-05
 107  108     1  0.000000e+00  4.937284e-07
  11   17     1  0.000000e+00  9.702250e-06
  11    2     1  0.000000e+00  9.702250e-06
  11   46     1  0.000000e+00  3.561760e-06
  11    9     1  0.000000e+00  9.850000e-07
 111  115     1  0.000000e+00  1.294982e-06
 111  119     1  0.000000e+00  4.937284e-07
 111  120     1  0.000000e+00  2.222000e-06
 111   95     1  0.000000e+00  2.188670e-05
 111   96     1  0.000000e+00  1.294982e-05
 112  114     1  0.000000e+00  9.850000e-07
 112  115     1  0.000000e+00  5.828000e-06
 112  119     1  0.000000e+00  2.222000e-06
 112  120     1  0.000000e+00  1.000000e-06
 112   95     1  0.000000e+00  9.850000e-06
 112   96     1  0.000000e+00  5.828000e-06
 113  116     1  0.000000e+00  1.500155e-06
 113  120     1  0.000000e+00  1.523000e-07
 113  121     1  0.000000e+00  2.319529e-07
 114  117     1  0.000000e+00  5.084570e-06
 114  118     1  0.000000e+00  5.084570e-06
 114  122     1  0.000000e+00  9.702250e-06
 114  127     1  0.000000e+00  9.850000e-06
 115  120     1  0.000000e+00  5.828000e-07
 115  121     1  0.000000e+00  8.876044e-07
 116  119     1  0.000000e+00  2.188670e-06
 116  120     1  0.000000e+00  9.850000e-06
 116  121     1  0.000000e+00  1.500155e-05
 117  119     1  0.000000e+00  1.146996e-05
 117  120     1  0.000000e+00  5.162000e-06
 118  119     1  0.000000e+00  1.146996e-05
 118  120     1  0.000000e+00  5.162000e-06
 118  121     1  0.000000e+00  7.861726e-06
 118  127     1  0.000000e+00  5.162000e-06
 119  123     1  0.000000e+00  2.188670e-06
 119  126     1  0.000000e+00  4.937284e-07
 119  127     1  0.000000e+00  2.222000e-06
  12   15     1  0.000000e+00  5.828000e-07
  12   16     1  0.000000e+00  8.876044e-07
  12   45     1  0.000000e+00  3.396558e-06
  12    8     1  0.000000e+00  1.294982e-06
 120  122     1  0.000000e+00  9.850000e-07
 120  123     1  0.000000e+00  9.850000e-06
 120  124     1  0.000000e+00  5.162000e-06
 120  125     1  0.000000e+00  5.162000e-06
 120  126     1  0.000000e+00  2.222000e-06
 120  127     1  0.000000e+00  1.000000e-06
 121  124     1  0.000000e+00  7.861726e-07
 121  125     1  0.000000e+00  7.861726e-07
 121  127     1  0.000000e+00  1.523000e-07
 121  128     1  0.000000e+00  2.319529e-07
 122  129     1  0.000000e+00  9.702250e-06
 123  127     1  0.000000e+00  9.850000e-07
 123  128     1  0.000000e+00  1.500155e-06
 124  126     1  0.000000e+00  1.146996e-06
 124  127     1  0.000000e+00  5.162000e-06
 124  128     1  0.000000e+00  7.861726e-06
 125  126     1  0.000000e+00  1.146996e-06
 125  127     1  0.000000e+00  5.162000e-06
 126  130     1  0.000000e+00  1.294982e-06
 126  136     1  0.000000e+00  4.937284e-07
 126  137     1  0.000000e+00  2.222000e-06
 127  129     1  0.000000e+00  9.850000e-07
 127  130     1  0.000000e+00  5.828000e-06
 127  131     1  0.000000e+00  2.222000e-06
 127  136     1  0.000000e+00  2.222000e-06
 127  137     1  0.000000e+00  1.000000e-06
 128  131     1  0.000000e+00  3.384106e-07
 128  137     1  0.000000e+00  1.523000e-07
 128  138     1  0.000000e+00  2.319529e-07
 129  132     1  0.000000e+00  1.813385e-06
 129  133     1  0.000000e+00  2.188670e-06
 129  139     1  0.000000e+00  9.702250e-06
  13   14     1  0.000000e+00  8.034752e-07
  13   44     1  0.000000e+00  3.561760e-06
 130  134     1  0.000000e+00  1.294982e-06
 130  135     1  0.000000e+00  1.072935e-06
 130  137     1  0.000000e+00  5.828000e-07
 130  138     1  0.000000e+00  8.876044e-07
 131  134     1  0.000000e+00  4.937284e-07
 131  135     1  0.000000e+00  4.090702e-07
 131  136     1  0.000000e+00  4.937284e-07
 131  137     1  0.000000e+00  2.222000e-06
 132  133     1  0.000000e+00  4.090702e-07
 132  135     1  0.000000e+00  3.389281e-07
 132  137     1  0.000000e+00  1.841000e-06
 133  134     1  0.000000e+00  4.937284e-07
 133  136     1  0.000000e+00  4.937284e-06
 133  137     1  0.000000e+00  2.222000e-06
 133  138     1  0.000000e+00  3.384106e-06
 134  137     1  0.000000e+00  2.222000e-06
 135  136     1  0.000000e+00  4.090702e-06
 135  137     1  0.000000e+00  1.841000e-06
 136  140     1  0.000000e+00  1.294982e-06
 136  142     1  0.000000e+00  4.937284e-07
 136  143     1  0.000000e+00  2.222000e-06
 137  139     1  0.000000e+00  9.850000e-07
 137  140     1  0.000000e+00  5.828000e-06
 137  142     1  0.000000e+00  2.222000e-06
 137  143     1  0.000000e+00  1.000000e-06
 138  141     1  0.000000e+00  1.868721e-07
 138  143     1  0.000000e+00  1.523000e-07
 138  144     1  0.000000e+00  2.319529e-07
 139  145     1  0.000000e+00  9.702250e-06
  14   18     1  0.000000e+00  1.294982e-06
  14   22     1  0.000000e+00  4.937284e-07
  14    8     1  0.000000e+00  4.937284e-07
 140  143     1  0.000000e+00  5.828000e-07
 140  144     1  0.000000e+00  8.876044e-07
 141  142     1  0.000000e+00  2.726394e-07
 141  143     1  0.000000e+00  1.227000e-06
 141  144     1  0.000000e+00  1.868721e-06
 141  145     1  0.000000e+00  1.208595e-05
 141  148     1  0.000000e+00  2.726394e-06
 141  149     1  0.000000e+00  1.227000e-06
 142  146     1  0.000000e+00  1.294982e-06
 142  147     1  0.000000e+00  2.726394e-06
 142  148     1  0.000000e+00  4.937284e-07
 142  149     1  0.000000e+00  2.222000e-06
 143  145     1  0.000000e+00  9.850000e-07
 143  146     1  0.000000e+00  5.828000e-06
 143  147     1  0.000000e+00  1.227000e-06
 143  148     1  0.000000e+00  2.222000e-06
 144  147     1  0.000000e+00  1.868721e-07
 144  149     1  0.000000e+00  1.523000e-07
 144  150     1  0.000000e+00  2.319529e-07
 145  151     1  0.000000e+00  9.702250e-06
 145  157     1  0.000000e+00  9.850000e-06
 146  149     1  0.000000e+00  5.828000e-07
 146  150     1  0.000000e+00  8.876044e-07
 146  154     1  0.000000e+00  5.828000e-06
 147  148     1  0.000000e+00  2.726394e-07
 147  149     1  0.000000e+00  1.227000e-06
 147  150     1  0.000000e+00  1.868721e-06
 147  151     1  0.000000e+00  1.208595e-05
 147  152     1  0.000000e+00  7.150956e-06
 147  153     1  0.000000e+00  2.726394e-06
 147  154     1  0.000000e+00  1.227000e-06
 148  152     1  0.000000e+00  1.294982e-06
 148  153     1  0.000000e+00  4.937284e-06
 148  154     1  0.000000e+00  2.222000e-06
 148  155     1  0.000000e+00  4.999500e-06
 148  156     1  0.000000e+00  4.937284e-07
 148  157     1  0.000000e+00  2.222000e-06
 149  151     1  0.000000e+00  9.850000e-07
 149  152     1  0.000000e+00  5.828000e-06
 149  153     1  0.000000e+00  2.222000e-06
 149  154     1  0.000000e+00  1.000000e-06
 149  155     1  0.000000e+00  2.250000e-06
 149  156     1  0.000000e+00  2.222000e-06
 149  157     1  0.000000e+00  1.000000e-06
  15   17     1  0.000000e+00  9.850000e-07
 150  153     1  0.000000e+00  3.384106e-07
 150  154     1  0.000000e+00  1.523000e-06
 150  155     1  0.000000e+00  3.426750e-06
 150  157     1  0.000000e+00  1.523000e-07
 150  158     1  0.000000e+00  2.319529e-07
 151  154     1  0.000000e+00  9.850000e-07
 151  155     1  0.000000e+00  2.216250e-06
 151  159     1  0.000000e+00  9.702250e-06
 151  164     1  0.000000e+00  2.188670e-05
 151  165     1  0.000000e+00  9.850000e-06
 152  157     1  0.000000e+00  5.828000e-07
 152  158     1  0.000000e+00  8.876044e-07
 153  156     1  0.000000e+00  4.937284e-07
 153  157     1  0.000000e+00  2.222000e-06
 154  156     1  0.000000e+00  2.222000e-06
 154  157     1  0.000000e+00  1.000000e-06
 156  160     1  0.000000e+00  1.294982e-06
 156  164     1  0.000000e+00  4.937284e-07
 156  165     1  0.000000e+00  2.222000e-06
 157  159     1  0.000000e+00  9.850000e-07
 157  160     1  0.000000e+00  5.828000e-06
 157  164     1  0.000000e+00  2.222000e-06
 157  165     1  0.000000e+00  1.000000e-06
 158  161     1  0.000000e+00  3.384106e-07
 158  162     1  0.000000e+00  1.523000e-06
 158  165     1  0.000000e+00  1.523000e-07
 158  166     1  0.000000e+00  2.319529e-07
 158  168     1  0.000000e+00  8.876044e-06
 158  171     1  0.000000e+00  3.384106e-06
 159  162     1  0.000000e+00  9.850000e-07
 159  163     1  0.000000e+00  2.216250e-06
 159  167     1  0.000000e+00  9.702250e-06
 159  168     1  0.000000e+00  5.740580e-05
  16   19     1  0.000000e+00  3.384106e-07
  16   23     1  0.000000e+00  1.523000e-07
  16   24     1  0.000000e+00  2.319529e-07
 160  165     1  0.000000e+00  5.828000e-07
 160  166     1  0.000000e+00  8.876044e-07
 161  164     1  0.000000e+00  4.937284e-07
 161  165     1  0.000000e+00  2.222000e-06
 162  164     1  0.000000e+00  2.222000e-06
 162  165     1  0.000000e+00  1.000000e-06
 162  166     1  0.000000e+00  1.523000e-06
 163  164     1  0.000000e+00  4.999500e-06
 163  165     1  0.000000e+00  2.250000e-06
 164  168     1  0.000000e+00  1.294982e-06
 164  175     1  0.000000e+00  4.937284e-07
 165  167     1  0.000000e+00  9.850000e-07
 165  168     1  0.000000e+00  5.828000e-06
 165  169     1  0.000000e+00  2.222000e-06
 165  175     1  0.000000e+00  2.222000e-06
 165  176     1  0.000000e+00  1.000000e-06
 166  169     1  0.000000e+00  3.384106e-07
 166  171     1  0.000000e+00  3.384106e-06
 166  176     1  0.000000e+00  1.523000e-07
 166  177     1  0.000000e+00  2.319529e-07
 166  178     1  0.000000e+00  8.876044e-06
 167  170     1  0.000000e+00  2.188670e-06
 167  171     1  0.000000e+00  2.188670e-06
 167  178     1  0.000000e+00  5.740580e-06
 168  172     1  0.000000e+00  1.294982e-06
 168  173     1  0.000000e+00  1.294982e-06
 168  174     1  0.000000e+00  1.294982e-05
 168  176     1  0.000000e+00  5.828000e-07
 168  177     1  0.000000e+00  8.876044e-07
 169  174     1  0.000000e+00  4.937284e-07
 169  175     1  0.000000e+00  4.937284e-07
  17   20     1  0.000000e+00  9.850000e-07
  17   21     1  0.000000e+00  2.216250e-06
  17   25     1  0.000000e+00  9.702250e-06
 170  173     1  0.000000e+00  4.937284e-07
 170  176     1  0.000000e+00  2.222000e-06
 171  172     1  0.000000e+00  4.937284e-07
 175  179     1  0.000000e+00  4.937284e-07
 176  178     1  0.000000e+00  5.828000e-07
 176  179     1  0.000000e+00  2.222000e-06
 176  180     1  0.000000e+00  1.000000e-06
 177  180     1  0.000000e+00  1.523000e-07
 177  181     1  0.000000e+00  2.319529e-07
 177  183     1  0.000000e+00  7.861726e-06
 177  185     1  0.000000e+00  1.523000e-06
 178  182     1  0.000000e+00  5.740580e-06
 178  185     1  0.000000e+00  5.828000e-06
 179  183     1  0.000000e+00  1.146996e-06
 179  184     1  0.000000e+00  4.937284e-07
 179  185     1  0.000000e+00  2.222000e-06
  18   23     1  0.000000e+00  5.828000e-07
  18   24     1  0.000000e+00  8.876044e-07
 180  182     1  0.000000e+00  9.850000e-07
 180  183     1  0.000000e+00  5.162000e-06
 180  184     1  0.000000e+00  2.222000e-06
 180  185     1  0.000000e+00  1.000000e-06
 181  185     1  0.000000e+00  1.523000e-07
 181  186     1  0.000000e+00  2.319529e-07
 182  187     1  0.000000e+00  9.702250e-06
 183  185     1  0.000000e+00  5.162000e-07
 183  186     1  0.000000e+00  7.861726e-07
 184  188     1  0.000000e+00  2.188670e-06
 184  192     1  0.000000e+00  4.937284e-07
 184  193     1  0.000000e+00  2.222000e-06
 185  187     1  0.000000e+00  9.850000e-07
 185  188     1  0.000000e+00  9.850000e-06
 185  189     1  0.000000e+00  5.828000e-06
 185  192     1  0.000000e+00  2.222000e-06
 185  193     1  0.000000e+00  1.000000e-06
 186  189     1  0.000000e+00  8.876044e-07
 186  190     1  0.000000e+00  7.861726e-07
 186  193     1  0.000000e+00  1.523000e-07
 186  194     1  0.000000e+00  2.319529e-07
 187  191     1  0.000000e+00  5.084570e-06
 187  195     1  0.000000e+00  9.702250e-06
 188  193     1  0.000000e+00  9.850000e-07
 188  194     1  0.000000e+00  1.500155e-06
 189  192     1  0.000000e+00  1.294982e-06
 189  193     1  0.000000e+00  5.828000e-06
  19   22     1  0.000000e+00  4.937284e-07
 190  191     1  0.000000e+00  2.664624e-06
 190  192     1  0.000000e+00  1.146996e-06
 190  193     1  0.000000e+00  5.162000e-06
 192  196     1  0.000000e+00  1.294982e-06
 192  200     1  0.000000e+00  4.937284e-07
 192  201     1  0.000000e+00  2.222000e-06
 193  195     1  0.000000e+00  9.850000e-07
 193  196     1  0.000000e+00  5.828000e-06
 193  200     1  0.000000e+00  2.222000e-06
 193  201     1  0.000000e+00  1.000000e-06
 194  197     1  0.000000e+00  1.500155e-06
 194  201     1  0.000000e+00  1.523000e-07
 194  202     1  0.000000e+00  2.319529e-07
 195  198     1  0.000000e+00  5.084570e-06
 195  199     1  0.000000e+00  5.084570e-06
 195  203     1  0.000000e+00  9.702250e-06
 195  207     1  0.000000e+00  9.850000e-06
 196  201     1  0.000000e+00  5.828000e-07
 196  202     1  0.000000e+00  8.876044e-07
 197  200     1  0.000000e+00  2.188670e-06
 197  201     1  0.000000e+00  9.850000e-06
 199  200     1  0.000000e+00  1.146996e-05
 199  201     1  0.000000e+00  5.162000e-06
   2    5     1  0.000000e+00  5.740580e-06
 200  204     1  0.000000e+00  1.294982e-06
 200  206     1  0.000000e+00  4.937284e-07
 200  207     1  0.000000e+00  2.222000e-06
 201  203     1  0.000000e+00  9.850000e-07
 201  204     1  0.000000e+00  5.828000e-06
 201  206     1  0.000000e+00  2.222000e-06
 201  207     1  0.000000e+00  1.000000e-06
 202  205     1  0.000000e+00  1.868721e-07
 202  207     1  0.000000e+00  1.523000e-07
 202  208     1  0.000000e+00  2.319529e-07
 203  209     1  0.000000e+00  9.702250e-06
 204  207     1  0.000000e+00  5.828000e-07
 204  208     1  0.000000e+00  8.876044e-07
 205  206     1  0.000000e+00  2.726394e-07
 205  207     1  0.000000e+00  1.227000e-06
 206  210     1  0.000000e+00  1.294982e-06
 206  211     1  0.000000e+00  2.726394e-06
 206  212     1  0.000000e+00  4.937284e-07
 206  213     1  0.000000e+00  2.222000e-06
 207  209     1  0.000000e+00  9.850000e-07
 207  210     1  0.000000e+00  5.828000e-06
 207  211     1  0.000000e+00  1.227000e-06
 207  212     1  0.000000e+00  2.222000e-06
 207  213     1  0.000000e+00  1.000000e-06
 208  211     1  0.000000e+00  1.868721e-07
 208  213     1  0.000000e+00  1.523000e-07
 208  214     1  0.000000e+00  2.319529e-07
 209  215     1  0.000000e+00  9.702250e-06
 209  217     1  0.000000e+00  1.208595e-05
 210  213     1  0.000000e+00  5.828000e-07
 210  214     1  0.000000e+00  8.876044e-07
 210  215     1  0.000000e+00  5.740580e-05
 211  212     1  0.000000e+00  2.726394e-07
 211  213     1  0.000000e+00  1.227000e-06
 211  214     1  0.000000e+00  1.868721e-06
 212  216     1  0.000000e+00  2.188670e-06
 212  217     1  0.000000e+00  2.726394e-06
 212  219     1  0.000000e+00  4.937284e-07
 212  220     1  0.000000e+00  2.222000e-06
 213  215     1  0.000000e+00  9.850000e-07
 213  216     1  0.000000e+00  9.850000e-06
 213  217     1  0.000000e+00  1.227000e-06
 213  219     1  0.000000e+00  2.222000e-06
 213  220     1  0.000000e+00  1.000000e-06
 214  217     1  0.000000e+00  1.868721e-07
 214  218     1  0.000000e+00  7.861726e-07
 214  220     1  0.000000e+00  1.523000e-07
 214  221     1  0.000000e+00  2.319529e-07
 214  225     1  0.000000e+00  1.523000e-06
 215  222     1  0.000000e+00  9.702250e-06
 215  225     1  0.000000e+00  9.850000e-06
 216  220     1  0.000000e+00  9.850000e-07
 216  221     1  0.000000e+00  1.500155e-06
 217  219     1  0.000000e+00  2.726394e-07
 217  220     1  0.000000e+00  1.227000e-06
 218  219     1  0.000000e+00  1.146996e-06
 218  220     1  0.000000e+00  5.162000e-06
 218  221     1  0.000000e+00  7.861726e-06
 218  222     1  0.000000e+00  5.084570e-05
 219  223     1  0.000000e+00  1.294982e-06
 219  224     1  0.000000e+00  4.937284e-06
 219  225     1  0.000000e+00  2.222000e-06
 219  227     1  0.000000e+00  4.937284e-07
 219  228     1  0.000000e+00  2.222000e-06
  22   26     1  0.000000e+00  2.188670e-06
  22   29     1  0.000000e+00  4.937284e-07
 220  222     1  0.000000e+00  9.850000e-07
 220  223     1  0.000000e+00  5.828000e-06
 220  224     1  0.000000e+00  2.222000e-06
 220  225     1  0.000000e+00  1.000000e-06
 220  226     1  0.000000e+00  2.250000e-06
 220  227     1  0.000000e+00  2.222000e-06
 220  228     1  0.000000e+00  1.000000e-06
 221  224     1  0.000000e+00  3.384106e-07
 221  225     1  0.000000e+00  1.523000e-06
 221  228     1  0.000000e+00  1.523000e-07
 221  229     1  0.000000e+00  2.319529e-07
 222  225     1  0.000000e+00  9.850000e-07
 222  226     1  0.000000e+00  2.216250e-06
 222  230     1  0.000000e+00  9.702250e-06
 222  235     1  0.000000e+00  9.850000e-06
 223  228     1  0.000000e+00  5.828000e-07
 223  229     1  0.000000e+00  8.876044e-07
 223  230     1  0.000000e+00  5.740580e-05
 223  234     1  0.000000e+00  1.294982e-05
 223  235     1  0.000000e+00  5.828000e-06
 224  227     1  0.000000e+00  4.937284e-07
 224  228     1  0.000000e+00  2.222000e-06
 225  227     1  0.000000e+00  2.222000e-06
 225  228     1  0.000000e+00  1.000000e-06
 225  229     1  0.000000e+00  1.523000e-06
 226  228     1  0.000000e+00  2.250000e-06
 227  231     1  0.000000e+00  2.188670e-06
 227  234     1  0.000000e+00  4.937284e-07
 227  235     1  0.000000e+00  2.222000e-06
 228  230     1  0.000000e+00  9.850000e-07
 228  231     1  0.000000e+00  9.850000e-06
 228  233     1  0.000000e+00  5.162000e-06
 228  234     1  0.000000e+00  2.222000e-06
 229  232     1  0.000000e+00  7.861726e-07
 229  233     1  0.000000e+00  7.861726e-07
 229  235     1  0.000000e+00  1.523000e-07
 229  236     1  0.000000e+00  2.319529e-07
  23   25     1  0.000000e+00  9.850000e-07
 230  237     1  0.000000e+00  5.740580e-06
 231  235     1  0.000000e+00  9.850000e-07
 231  236     1  0.000000e+00  1.500155e-06
 232  234     1  0.000000e+00  1.146996e-06
 232  235     1  0.000000e+00  5.162000e-06
 232  236     1  0.000000e+00  7.861726e-06
 232  237     1  0.000000e+00  3.008414e-05
 233  234     1  0.000000e+00  1.146996e-06
 234  238     1  0.000000e+00  4.937284e-07
 234  239     1  0.000000e+00  2.222000e-06
 235  237     1  0.000000e+00  5.828000e-07
 235  238     1  0.000000e+00  2.222000e-06
 235  239     1  0.000000e+00  1.000000e-06
 236  239     1  0.000000e+00  1.523000e-07
 236  240     1  0.000000e+00  2.319529e-07
 236  245     1  0.000000e+00  1.523000e-06
 237  241     1  0.000000e+00  5.740580e-06
 237  245     1  0.000000e+00  5.828000e-06
 238  242     1  0.000000e+00  1.294982e-06
 238  243     1  0.000000e+00  2.726394e-06
 238  244     1  0.000000e+00  4.937284e-07
 238  245     1  0.000000e+00  2.222000e-06
 239  241     1  0.000000e+00  9.850000e-07
 239  242     1  0.000000e+00  5.828000e-06
 239  243     1  0.000000e+00  1.227000e-06
 239  244     1  0.000000e+00  2.222000e-06
 239  245     1  0.000000e+00  1.000000e-06
  24   27     1  0.000000e+00  1.868721e-07
  24   28     1  0.000000e+00  7.861726e-07
  24   30     1  0.000000e+00  1.523000e-07
  24   31     1  0.000000e+00  2.319529e-07
 240  243     1  0.000000e+00  1.868721e-07
 240  245     1  0.000000e+00  1.523000e-07
 240  246     1  0.000000e+00  2.319529e-07
 240  251     1  0.000000e+00  3.426750e-06
 241  247     1  0.000000e+00  9.702250e-06
 241  249     1  0.000000e+00  2.188670e-05
 241  251     1  0.000000e+00  2.216250e-05
 242  245     1  0.000000e+00  5.828000e-07
 242  246     1  0.000000e+00  8.876044e-07
 242  247     1  0.000000e+00  5.740580e-05
 243  244     1  0.000000e+00  2.726394e-07
 243  245     1  0.000000e+00  1.227000e-06
 243  246     1  0.000000e+00  1.868721e-06
 244  248     1  0.000000e+00  1.294982e-06
 244  249     1  0.000000e+00  4.937284e-06
 244  250     1  0.000000e+00  2.222000e-06
 244  251     1  0.000000e+00  4.999500e-06
 244  252     1  0.000000e+00  4.937284e-07
 245  247     1  0.000000e+00  9.850000e-07
 245  248     1  0.000000e+00  5.828000e-06
 245  249     1  0.000000e+00  2.222000e-06
 245  250     1  0.000000e+00  1.000000e-06
 245  251     1  0.000000e+00  2.250000e-06
 246  249     1  0.000000e+00  3.384106e-07
 246  251     1  0.000000e+00  3.426750e-06
 246  253     1  0.000000e+00  1.523000e-07
 246  254     1  0.000000e+00  2.319529e-07
 247  250     1  0.000000e+00  9.850000e-07
 247  251     1  0.000000e+00  2.216250e-06
 247  255     1  0.000000e+00  9.702250e-06
 247  260     1  0.000000e+00  9.850000e-06
 248  253     1  0.000000e+00  5.828000e-07
 248  254     1  0.000000e+00  8.876044e-07
 248  260     1  0.000000e+00  5.828000e-06
 249  252     1  0.000000e+00  4.937284e-07
  25   32     1  0.000000e+00  9.702250e-06
 251  252     1  0.000000e+00  4.999500e-06
 252  256     1  0.000000e+00  2.188670e-06
 252  257     1  0.000000e+00  2.726394e-06
 252  259     1  0.000000e+00  4.937284e-07
 252  260     1  0.000000e+00  2.222000e-06
 253  255     1  0.000000e+00  9.850000e-07
 253  256     1  0.000000e+00  9.850000e-06
 253  257     1  0.000000e+00  1.227000e-06
 253  258     1  0.000000e+00  5.162000e-06
 253  259     1  0.000000e+00  2.222000e-06
 253  260     1  0.000000e+00  1.000000e-06
 254  257     1  0.000000e+00  1.868721e-07
 254  258     1  0.000000e+00  7.861726e-07
 254  260     1  0.000000e+00  1.523000e-07
 254  261     1  0.000000e+00  2.319529e-07
 254  265     1  0.000000e+00  3.384106e-06
 254  267     1  0.000000e+00  3.384106e-06
 255  262     1  0.000000e+00  9.702250e-06
 255  265     1  0.000000e+00  2.188670e-05
 256  260     1  0.000000e+00  9.850000e-07
 256  261     1  0.000000e+00  1.500155e-06
 257  259     1  0.000000e+00  2.726394e-07
 257  260     1  0.000000e+00  1.227000e-06
 258  259     1  0.000000e+00  1.146996e-06
 258  260     1  0.000000e+00  5.162000e-06
 258  261     1  0.000000e+00  7.861726e-06
 259  263     1  0.000000e+00  1.294982e-06
 259  264     1  0.000000e+00  4.937284e-06
 259  265     1  0.000000e+00  4.937284e-06
 259  267     1  0.000000e+00  4.937284e-06
 259  271     1  0.000000e+00  4.937284e-07
  26   30     1  0.000000e+00  9.850000e-07
  26   31     1  0.000000e+00  1.500155e-06
 260  262     1  0.000000e+00  9.850000e-07
 260  263     1  0.000000e+00  5.828000e-06
 260  264     1  0.000000e+00  2.222000e-06
 260  265     1  0.000000e+00  2.222000e-06
 260  266     1  0.000000e+00  2.222000e-06
 260  267     1  0.000000e+00  2.222000e-06
 260  269     1  0.000000e+00  2.222000e-06
 260  271     1  0.000000e+00  2.222000e-06
 261  264     1  0.000000e+00  3.384106e-07
 261  265     1  0.000000e+00  3.384106e-06
 261  266     1  0.000000e+00  3.384106e-06
 261  272     1  0.000000e+00  1.523000e-07
 261  273     1  0.000000e+00  3.426750e-07
 262  265     1  0.000000e+00  2.188670e-06
 262  266     1  0.000000e+00  2.188670e-06
 262  267     1  0.000000e+00  2.188670e-05
 263  267     1  0.000000e+00  1.294982e-06
 263  268     1  0.000000e+00  1.294982e-06
 263  272     1  0.000000e+00  5.828000e-07
 263  273     1  0.000000e+00  1.311300e-06
 264  269     1  0.000000e+00  4.937284e-07
 264  271     1  0.000000e+00  4.937284e-07
 265  268     1  0.000000e+00  4.937284e-07
 265  270     1  0.000000e+00  2.726394e-07
 265  271     1  0.000000e+00  4.937284e-06
 266  267     1  0.000000e+00  4.937284e-07
 266  270     1  0.000000e+00  2.726394e-07
  27   29     1  0.000000e+00  2.726394e-07
  28   29     1  0.000000e+00  1.146996e-06
  29   33     1  0.000000e+00  1.146996e-06
  29   34     1  0.000000e+00  4.937284e-07
   3    6     1  0.000000e+00  3.396558e-06
   3    9     1  0.000000e+00  5.828000e-07
  30   32     1  0.000000e+00  9.850000e-07
  31   35     1  0.000000e+00  1.523000e-07
  31   36     1  0.000000e+00  2.319529e-07
  32   37     1  0.000000e+00  9.702250e-06
  33   35     1  0.000000e+00  5.162000e-07
  33   36     1  0.000000e+00  7.861726e-07
  34   38     1  0.000000e+00  2.188670e-06
  34   41     1  0.000000e+00  4.937284e-07
  35   37     1  0.000000e+00  9.850000e-07
  36   39     1  0.000000e+00  1.868721e-07
  36   40     1  0.000000e+00  7.861726e-07
  36   42     1  0.000000e+00  1.523000e-07
  36   43     1  0.000000e+00  2.319529e-07
  37   44     1  0.000000e+00  9.702250e-06
  38   42     1  0.000000e+00  9.850000e-07
  38   43     1  0.000000e+00  1.500155e-06
  39   41     1  0.000000e+00  2.726394e-07
   4    7     1  0.000000e+00  8.876044e-07
   4    8     1  0.000000e+00  1.294982e-06
  40   41     1  0.000000e+00  1.146996e-06
  41   45     1  0.000000e+00  1.294982e-06
  41   47     1  0.000000e+00  4.937284e-07
  42   44     1  0.000000e+00  9.850000e-07
  43   46     1  0.000000e+00  5.507168e-07
  43   48     1  0.000000e+00  1.523000e-07
  43   49     1  0.000000e+00  2.319529e-07
  44   50     1  0.000000e+00  9.702250e-06
  45   48     1  0.000000e+00  5.828000e-07
  45   49     1  0.000000e+00  8.876044e-07
  46   47     1  0.000000e+00  8.034752e-07
  47   51     1  0.000000e+00  1.146996e-06
  47   52     1  0.000000e+00  4.937284e-07
  48   50     1  0.000000e+00  9.850000e-07
  49   53     1  0.000000e+00  1.523000e-07
  49   54     1  0.000000e+00  2.319529e-07
  50   55     1  0.000000e+00  9.702250e-06
  51   53     1  0.000000e+00  5.162000e-07
  51   54     1  0.000000e+00  7.861726e-07
  52   56     1  0.000000e+00  2.188670e-06
  52   59     1  0.000000e+00  4.937284e-07
  53   55     1  0.000000e+00  9.850000e-07
  54   57     1  0.000000e+00  1.868721e-07
  54   58     1  0.000000e+00  7.861726e-07
  54   60     1  0.000000e+00  1.523000e-07
  54   61     1  0.000000e+00  2.319529e-07
  55   62     1  0.000000e+00  9.702250e-06
  56   60     1  0.000000e+00  9.850000e-07
  56   61     1  0.000000e+00  1.500155e-06
  57   59     1  0.000000e+00  2.726394e-07
  58   59     1  0.000000e+00  1.146996e-06
  59   63     1  0.000000e+00  1.294982e-06
  59   68     1  0.000000e+00  4.937284e-07
  60   62     1  0.000000e+00  9.850000e-07
  61   64     1  0.000000e+00  8.876044e-07
  61   69     1  0.000000e+00  1.523000e-07
  61   70     1  0.000000e+00  2.319529e-07
  62   65     1  0.000000e+00  2.188670e-06
  62   71     1  0.000000e+00  9.702250e-06
  63   66     1  0.000000e+00  5.828000e-07
  63   67     1  0.000000e+00  1.311300e-06
  63   69     1  0.000000e+00  5.828000e-07
  63   70     1  0.000000e+00  8.876044e-07
  64   68     1  0.000000e+00  1.294982e-06
  68   72     1  0.000000e+00  1.294982e-06
  68   79     1  0.000000e+00  4.937284e-07
  69   71     1  0.000000e+00  9.850000e-07
  70   73     1  0.000000e+00  8.876044e-07
  70   80     1  0.000000e+00  1.523000e-07
  70   81     1  0.000000e+00  2.319529e-07
  71   74     1  0.000000e+00  5.740580e-06
  71   82     1  0.000000e+00  9.702250e-06
  72   75     1  0.000000e+00  8.876044e-07
  72   80     1  0.000000e+00  5.828000e-07
  72   81     1  0.000000e+00  8.876044e-07
  73   76     1  0.000000e+00  1.294982e-06
  73   79     1  0.000000e+00  1.294982e-06
  74   77     1  0.000000e+00  8.876044e-07
  74   78     1  0.000000e+00  8.876044e-07
  79   83     1  0.000000e+00  1.294982e-06
  79   87     1  0.000000e+00  4.937284e-07
  80   82     1  0.000000e+00  9.850000e-07
  81   84     1  0.000000e+00  1.500155e-06
  81   88     1  0.000000e+00  1.523000e-07
  81   89     1  0.000000e+00  2.319529e-07
  82   85     1  0.000000e+00  5.084570e-06
  82   86     1  0.000000e+00  5.084570e-06
  82   90     1  0.000000e+00  9.702250e-06
  83   88     1  0.000000e+00  5.828000e-07
  83   89     1  0.000000e+00  8.876044e-07
  84   87     1  0.000000e+00  2.188670e-06
  87   91     1  0.000000e+00  1.146996e-06
  87   92     1  0.000000e+00  4.937284e-07
  88   90     1  0.000000e+00  9.850000e-07
  89   93     1  0.000000e+00  1.523000e-07
  89   94     1  0.000000e+00  2.319529e-07
  89   99     1  0.000000e+00  3.426750e-06
  90   95     1  0.000000e+00  9.702250e-06
  90   99     1  0.000000e+00  2.216250e-05
  91   93     1  0.000000e+00  5.162000e-07
  91   94     1  0.000000e+00  7.861726e-07
  92   96     1  0.000000e+00  1.294982e-06
  92   97     1  0.000000e+00  4.937284e-06
  92   98     1  0.000000e+00  2.222000e-06
  92   99     1  0.000000e+00  4.999500e-06
  93   95     1  0.000000e+00  9.850000e-07
  93   96     1  0.000000e+00  5.828000e-06
  93   97     1  0.000000e+00  2.222000e-06
  93   98     1  0.000000e+00  1.000000e-06
  93   99     1  0.000000e+00  2.250000e-06
  94   97     1  0.000000e+00  3.384106e-07
  94   98     1  0.000000e+00  1.523000e-06
  94   99     1  0.000000e+00  3.426750e-06
  95   98     1  0.000000e+00  9.850000e-07
  95   99     1  0.000000e+00  2.216250e-06

[ exclusions ]
; ai   aj
   1   10
   1    4
   1    9
  10   13
  10   15
  10   16
  10    3
 100  104
 100  105
 100  106
 100  111
 100  112
 100   92
 100   93
 100   97
 100   99
 101  103
 101  104
 101  105
 101  106
 101  107
 101  108
 101  111
 101  112
 101   92
 101   93
 101   94
 101   96
 102  105
 102  112
 102  113
 102   94
 102   96
 102   97
 102   99
 103  106
 103  107
 103  114
 103   95
 103   96
 104  108
 104  109
 104  110
 104  112
 104  113
 104   94
 104   95
 104   96
 105  110
 105  111
 105  112
 105   94
 106  109
 106  112
 106   94
 106   95
 107  108
  11   17
  11    2
  11   46
  11    9
 111  115
 111  119
 111  120
 111   95
 111   96
 112  114
 112  115
 112  119
 112  120
 112   95
 112   96
 113  116
 113  120
 113  121
 114  117
 114  118
 114  122
 114  127
 115  120
 115  121
 116  119
 116  120
 116  121
 117  119
 117  120
 118  119
 118  120
 118  121
 118  127
 119  123
 119  126
 119  127
  12   15
  12   16
  12   45
  12    8
 120  122
 120  123
 120  124
 120  125
 120  126
 120  127
 121  124
 121  125
 121  127
 121  128
 122  129
 123  127
 123  128
 124  126
 124  127
 124  128
 125  126
 125  127
 126  130
 126  136
 126  137
 127  129
 127  130
 127  131
 127  136
 127  137
 128  131
 128  137
 128  138
 129  132
 129  133
 129  139
  13   14
  13   44
 130  134
 130  135
 130  137
 130  138
 131  134
 131  135
 131  136
 131  137
 132  133
 132  135
 132  137
 133  134
 133  136
 133  137
 133  138
 134  137
 135  136
 135  137
 136  140
 136  142
 136  143
 137  139
 137  140
 137  142
 137  143
 138  141
 138  143
 138  144
 139  145
  14   18
  14   22
  14    8
 140  143
 140  144
 141  142
 141  143
 141  144
 141  145
 141  148
 141  149
 142  146
 142  147
 142  148
 142  149
 143  145
 143  146
 143  147
 143  148
 144  147
 144  149
 144  150
 145  151
 145  157
 146  149
 146  150
 146  154
 147  148
 147  149
 147  150
 147  151
 147  152
 147  153
 147  154
 148  152
 148  153
 148  154
 148  155
 148  156
 148  157
 149  151
 149  152
 149  153
 149  154
 149  155
 149  156
 149  157
  15   17
 150  153
 150  154
 150  155
 150  157
 150  158
 151  154
 151  155
 151  159
 151  164
 151  165
 152  157
 152  158
 153  156
 153  157
 154  156
 154  157
 156  160
 156  164
 156  165
 157  159
 157  160
 157  164
 157  165
 158  161
 158  162
 158  165
 158  166
 158  168
 158  171
 159  162
 159  163
 159  167
 159  168
  16   19
  16   23
  16   24
 160  165
 160  166
 161  164
 161  165
 162  164
 162  165
 162  166
 163  164
 163  165
 164  168
 164  175
 165  167
 165  168
 165  169
 165  175
 165  176
 166  169
 166  171
 166  176
 166  177
 166  178
 167  170
 167  171
 167  178
 168  172
 168  173
 168  174
 168  176
 168  177
 169  174
 169  175
  17   20
  17   21
  17   25
 170  173
 170  176
 171  172
 175  179
 176  178
 176  179
 176  180
 177  180
 177  181
 177  183
 177  185
 178  182
 178  185
 179  183
 179  184
 179  185
  18   23
  18   24
 180  182
 180  183
 180  184
 180  185
 181  185
 181  186
 182  187
 183  185
 183  186
 184  188
 184  192
 184  193
 185  187
 185  188
 185  189
 185  192
 185  193
 186  189
 186  190
 186  193
 186  194
 187  191
 187  195
 188  193
 188  194
 189  192
 189  193
  19   22
 190  191
 190  192
 190  193
 192  196
 192  200
 192  201
 193  195
 193  196
 193  200
 193  201
 194  197
 194  201
 194  202
 195  198
 195  199
 195  203
 195  207
 196  201
 196  202
 197  200
 197  201
 199  200
 199  201
   2    5
 200  204
 200  206
 200  207
 201  203
 201  204
 201  206
 201  207
 202  205
 202  207
 202  208
 203  209
 204  207
 204  208
 205  206
 205  207
 206  210
 206  211
 206  212
 206  213
 207  209
 207  210
 207  211
 207  212
 207  213
 208  211
 208  213
 208  214
 209  215
 209  217
 210  213
 210  214
 210  215
 211  212
 211  213
 211  214
 212  216
 212  217
 212  219
 212  220
 213  215
 213  216
 213  217
 213  219
 213  220
 214  217
 214  218
 214  220
 214  221
 214  225
 215  222
 215  225
 216  220
 216  221
 217  219
 217  220
 218  219
 218  220
 218  221
 218  222
 219  223
 219  224
 219  225
 219  227
 219  228
  22   26
  22   29
 220  222
 220  223
 220  224
 220  225
 220  226
 220  227
 220  228
 221  224
 221  225
 221  228
 221  229
 222  225
 222  226
 222  230
 222  235
 223  228
 223  229
 223  230
 223  234
 223  235
 224  227
 224  228
 225  227
 225  228
 225  229
 226  228
 227  231
 227  234
 227  235
 228  230
 228  231
 228  233
 228  234
 229  232
 229  233
 229  235
 229  236
  23   25
 230  237
 231  235
 231  236
 232  234
 232  235
 232  236
 232  237
 233  234
 234  238
 234  239
 235  237
 235  238
 235  239
 236  239
 236  240
 236  245
 237  241
 237  245
 238  242
 238  243
 238  244
 238  245
 239  241
 239  242
 239  243
 239  244
 239  245
  24   27
  24   28
  24   30
  24   31
 240  243
 240  245
 240  246
 240  251
 241  247
 241  249
 241  251
 242  245
 242  246
 242  247
 243  244
 243  245
 243  246
 244  248
 244  249
 244  250
 244  251
 244  252
 245  247
 245  248
 245  249
 245  250
 245  251
 246  249
 246  251
 246  253
 246  254
 247  250
 247  251
 247  255
 247  260
 248  253
 248  254
 248  260
 249  252
  25   32
 251  252
 252  256
 252  257
 252  259
 252  260
 253  255
 253  256
 253  257
 253  258
 253  259
 253  260
 254  257
 254  258
 254  260
 254  261
 254  265
 254  267
 255  262
 255  265
 256  260
 256  261
 257  259
 257  260
 258  259
 258  260
 258  261
 259  263
 259  264
 259  265
 259  267
 259  271
  26   30
  26   31
 260  262
 260  263
 260  264
 260  265
 260  266
 260  267
 260  269
 260  271
 261  264
 261  265
 261  266
 261  272
 261  273
 262  265
 262  266
 262  267
 263  267
 263  268
 263  272
 263  273
 264  269
 264  271
 265  268
 265  270
 265  271
 266  267
 266  270
  27   29
  28   29
  29   33
  29   34
   3    6
   3    9
  30   32
  31   35
  31   36
  32   37
  33   35
  33   36
  34   38
  34   41
  35   37
  36   39
  36   40
  36   42
  36   43
  37   44
  38   42
  38   43
  39   41
   4    7
   4    8
  40   41
  41   45
  41   47
  42   44
  43   46
  43   48
  43   49
  44   50
  45   48
  45   49
  46   47
  47   51
  47   52
  48   50
  49   53
  49   54
  50   55
  51   53
  51   54
  52   56
  52   59
  53   55
  54   57
  54   58
  54   60
  54   61
  55   62
  56   60
  56   61
  57   59
  58   59
  59   63
  59   68
  60   62
  61   64
  61   69
  61   70
  62   65
  62   71
  63   66
  63   67
  63   69
  63   70
  64   68
  68   72
  68   79
  69   71
  70   73
  70   80
  70   81
  71   74
  71   82
  72   75
  72   80
  72   81
  73   76
  73   79
  74   77
  74   78
  79   83
  79   87
  80   82
  81   84
  81   88
  81   89
  82   85
  82   86
  82   90
  83   88
  83   89
  84   87
  87   91
  87   92
  88   90
  89   93
  89   94
  89   99
  90   95
  90   99
  91   93
  91   94
  92   96
  92   97
  92   98
  92   99
  93   95
  93   96
  93   97
  93   98
  93   99
  94   97
  94   98
  94   99
  95   98
  95   99